0 0.82734375 0.7140625 0.103125 0.2
0 0.56015625 0.74765625 0.128125 0.30703125
0 0.2234375 0.66015625 0.1140625 0.184375
0 0.134375 0.65859375 0.04375 0.184375
0 0.7078125 0.696875 0.13984375 0.32421875
0 0.084375 0.55703125 0.05 0.1625
0 0.159375 0.496875 0.06484375 0.15234375
0 0.2796875 0.4703125 0.0671875 0.1953125
0 0.8828125 0.478125 0.09921875 0.2640625
0 0.54921875 0.46171875 0.09453125 0.24765625
0 0.2015625 0.39765625 0.07734375 0.1625
0 0.65703125 0.453125 0.12578125 0.29140625
0 0.78828125 0.3953125 0.11171875 0.24140625
0 0.0921875 0.3546875 0.0796875 0.203125
0 0.3046875 0.2765625 0.075 0.14453125
0 0.1640625 0.24140625 0.084375 0.1421875
0 0.23828125 0.24921875 0.05390625 0.17109375
0 0.72890625 0.2015625 0.10859375 0.17890625
0 0.84765625 0.20859375 0.1 0.196875
0 0.6 0.221875 0.11484375 0.23359375