0 0.834375 0.64921875 0.11015625 0.2203125
0 0.56953125 0.73515625 0.13984375 0.33125
0 0.23046875 0.7140625 0.12109375 0.20703125
0 0.1421875 0.73046875 0.05 0.1921875
0 0.7140625 0.6546875 0.1515625 0.35078125
0 0.0875 0.6390625 0.05546875 0.17109375
0 0.1609375 0.56484375 0.0703125 0.1640625
0 0.2796875 0.5140625 0.075 0.2078125
0 0.88046875 0.40234375 0.10859375 0.28359375
0 0.54765625 0.45234375 0.103125 0.265625
0 0.19921875 0.45703125 0.08359375 0.1765625
0 0.6546875 0.421875 0.13671875 0.3140625
0 0.7828125 0.33828125 0.1203125 0.2625
0 0.08828125 0.4359375 0.08671875 0.21875
0 0.296875 0.31640625 0.08046875 0.15859375
0 0.15546875 0.30859375 0.0890625 0.15859375
0 0.2296875 0.3015625 0.0609375 0.18125
0 0.71640625 0.15703125 0.115625 0.2
0 0.83515625 0.140625 0.1078125 0.215625
0 0.5890625 0.203125 0.1234375 0.25546875