0 0.7265625 0.93359375 0.1234375 0.08046875
0 0.56953125 0.475 0.11796875 0.22109375
0 0.2890625 0.253125 0.11328125 0.27265625
0 0.559375 0.7625 0.1453125 0.3171875
0 0.39921875 0.23828125 0.1015625 0.21484375
0 0.44921875 0.49609375 0.1265625 0.22421875
0 0.33125 0.78515625 0.1421875 0.24453125
0 0.25703125 0.0671875 0.08203125 0.06953125
0 0.6921875 0.44921875 0.13671875 0.30859375
0 0.38125 0.0515625 0.1203125 0.0859375
0 0.7078125 0.7359375 0.15234375 0.2984375
0 0.66015625 0.16484375 0.14921875 0.23125
0 0.5328125 0.203125 0.14296875 0.28515625
0 0.45234375 0.7734375 0.084375 0.2296875
0 0.31796875 0.50078125 0.15546875 0.20625