0 0.8578125 0.8171875 0.14453125 0.13984375
0 0.140625 0.82265625 0.17890625 0.19765625
0 0.5078125 0.615625 0.12578125 0.171875
0 0.67265625 0.18359375 0.1578125 0.15859375
0 0.33359375 0.56796875 0.18203125 0.2078125
0 0.6703125 0.36328125 0.1234375 0.1453125
0 0.15 0.2109375 0.11484375 0.19296875
0 0.15078125 0.43046875 0.1421875 0.18125
0 0.5078125 0.41796875 0.1265625 0.18515625
0 0.34375 0.196875 0.1375 0.209375
0 0.8390625 0.15078125 0.134375 0.12890625
0 0.51015625 0.8171875 0.17734375 0.19296875
0 0.84609375 0.3546875 0.1609375 0.18984375
0 0.334375 0.8125 0.16875 0.22109375
0 0.6875 0.7953125 0.128125 0.22265625
0 0.859375 0.59765625 0.134375 0.21640625
0 0.15078125 0.62578125 0.11015625 0.175
0 0.67734375 0.58359375 0.16171875 0.20625
0 0.33828125 0.39453125 0.134375 0.115625
0 0.51875 0.20390625 0.11171875 0.2359375