0 0.5421875 0.9546875 0.05703125 0.05625
0 0.66171875 0.93984375 0.05234375 0.06015625
0 0.6015625 0.94296875 0.065625 0.06484375
0 0.478125 0.9515625 0.06875 0.06640625
0 0.52578125 0.909375 0.06015625 0.03671875
0 0.62734375 0.8984375 0.05625 0.05234375
0 0.46875 0.8875 0.05703125 0.05390625
0 0.9234375 0.86328125 0.1265625 0.1015625
0 0.58359375 0.8671875 0.05703125 0.05703125
0 0.52734375 0.865625 0.0515625 0.05
0 0.65 0.8546875 0.05625 0.05078125
0 0.75703125 0.86640625 0.1 0.0984375
0 0.32109375 0.89296875 0.1203125 0.128125
0 0.85703125 0.82109375 0.08984375 0.1078125
0 0.12578125 0.88671875 0.13203125 0.14296875
0 0.23125 0.84609375 0.1265625 0.134375
0 0.5890625 0.78046875 0.07421875 0.08359375
0 0.45390625 0.79140625 0.06484375 0.0875
0 0.77890625 0.76796875 0.09453125 0.0953125
0 0.51796875 0.7828125 0.06015625 0.08828125
0 0.91015625 0.74921875 0.11796875 0.08984375
0 0.3015625 0.75234375 0.1171875 0.10703125
0 0.14921875 0.7609375 0.13828125 0.10625
0 0.56171875 0.70625 0.09375 0.06484375
0 0.4640625 0.715625 0.08671875 0.07265625
0 0.33671875 0.58828125 0.1609375 0.14375
0 0.13203125 0.5828125 0.16640625 0.14609375
0 0.86875 0.53203125 0.2484375 0.33203125
0 0.66484375 0.5328125 0.28828125 0.33984375
0 0.2609375 0.47421875 0.1078125 0.17109375
0 0.375 0.44453125 0.13984375 0.14453125
0 0.1453125 0.45390625 0.14296875 0.15546875
0 0.09375 0.1734375 0.1875 0.21640625
0 0.28359375 0.1828125 0.2203125 0.30390625
0 0.6703125 0.19453125 0.60703125 0.3890625