0 0.51015625 0.95625 0.05390625 0.05234375
0 0.63125 0.95 0.04921875 0.05625
0 0.5703125 0.94921875 0.06171875 0.06015625
0 0.446875 0.94921875 0.06484375 0.06171875
0 0.49765625 0.91015625 0.0578125 0.0328125
0 0.59921875 0.90625 0.05234375 0.04921875
0 0.4421875 0.884375 0.05390625 0.05
0 0.89765625 0.8921875 0.1203125 0.09375
0 0.5578125 0.87265625 0.05390625 0.05390625
0 0.5015625 0.8671875 0.04921875 0.04609375
0 0.625 0.86484375 0.05390625 0.04765625
0 0.73046875 0.8828125 0.09375 0.0921875
0 0.29375 0.8796875 0.11171875 0.12109375
0 0.834375 0.8453125 0.0828125 0.10234375
0 0.09921875 0.859375 0.12265625 0.134375
0 0.20703125 0.8265625 0.11796875 0.1265625
0 0.56875 0.7859375 0.06875 0.07890625
0 0.434375 0.7875 0.059375 0.08359375
0 0.759375 0.78671875 0.08828125 0.0890625
0 0.4984375 0.7828125 0.0546875 0.084375
0 0.8921875 0.77734375 0.1125 0.0828125
0 0.284375 0.73828125 0.1109375 0.1
0 0.13203125 0.7359375 0.13203125 0.09765625
0 0.546875 0.71015625 0.08984375 0.0578125
0 0.44921875 0.7125 0.08203125 0.0671875
0 0.33046875 0.5765625 0.1515625 0.13359375
0 0.1265625 0.55703125 0.15703125 0.13515625
0 0.865625 0.55703125 0.2265625 0.31640625
0 0.6625 0.54453125 0.26640625 0.321875
0 0.26328125 0.4578125 0.09765625 0.16484375
0 0.37890625 0.4359375 0.13125 0.13515625
0 0.14921875 0.4296875 0.1328125 0.14609375
0 0.11484375 0.14609375 0.17890625 0.2046875
0 0.30625 0.16875 0.2 0.28984375
0 0.69140625 0.19765625 0.5828125 0.36796875