0 0.50234375 0.95625 0.0546875 0.05390625
0 0.6234375 0.95234375 0.05 0.05703125
0 0.5625 0.95078125 0.0625 0.0609375
0 0.4390625 0.9484375 0.065625 0.0625
0 0.48984375 0.91015625 0.059375 0.03359375
0 0.5921875 0.9078125 0.05390625 0.05
0 0.43515625 0.8828125 0.0546875 0.05078125
0 0.890625 0.89921875 0.121875 0.0953125
0 0.5515625 0.8734375 0.0546875 0.0546875
0 0.4953125 0.8671875 0.05 0.04765625
0 0.61875 0.8671875 0.0546875 0.0484375
0 0.7234375 0.8875 0.0953125 0.09375
0 0.2875 0.87578125 0.11328125 0.12265625
0 0.828125 0.85078125 0.084375 0.1046875
0 0.09296875 0.85234375 0.12578125 0.13671875
0 0.2015625 0.821875 0.1203125 0.128125
0 0.5640625 0.7875 0.07109375 0.0796875
0 0.42890625 0.7859375 0.0609375 0.084375
0 0.7546875 0.790625 0.08984375 0.090625
0 0.49296875 0.7828125 0.05625 0.08515625
0 0.88671875 0.784375 0.11484375 0.084375
0 0.28046875 0.734375 0.1125 0.1015625
0 0.128125 0.7296875 0.13359375 0.1
0 0.54296875 0.7109375 0.090625 0.06015625
0 0.4453125 0.71171875 0.0828125 0.06875
0 0.32890625 0.5734375 0.1546875 0.13671875
0 0.12578125 0.55078125 0.16015625 0.13828125
0 0.86484375 0.56328125 0.23203125 0.3203125
0 0.66171875 0.54765625 0.271875 0.3265625
0 0.2640625 0.45390625 0.1 0.16640625
0 0.38046875 0.43359375 0.13359375 0.1375
0 0.15078125 0.4234375 0.13515625 0.14921875
0 0.12109375 0.1390625 0.1828125 0.20703125
0 0.3125 0.165625 0.20546875 0.29375
0 0.696875 0.20078125 0.5890625 0.378125