0 0.82265625 0.10703125 0.04609375 0.09140625
0 0.78828125 0.0421875 0.05390625 0.0765625
0 0.7984375 0.20625 0.06171875 0.0609375
0 0.78515625 0.1453125 0.0546875 0.07421875
0 0.75703125 0.01875 0.0515625 0.0375
0 0.7546875 0.1 0.04453125 0.08828125
0 0.73984375 0.203125 0.05703125 0.06015625
0 0.72109375 0.153125 0.04765625 0.0515625
0 0.715625 0.0546875 0.0609375 0.053125
0 0.7015625 0.1046875 0.05546875 0.046875
0 0.784375 0.40703125 0.2046875 0.13125
0 0.76171875 0.890625 0.07578125 0.09140625
0 0.74921875 0.81796875 0.0796875 0.1
0 0.765625 0.95234375 0.08125 0.0359375
0 0.79765625 0.54453125 0.2390625 0.15625
0 0.80625 0.6921875 0.22890625 0.14375
0 0.63515625 0.19375 0.0921875 0.18828125
0 0.6890625 0.89765625 0.0671875 0.0890625
0 0.696875 0.95234375 0.0703125 0.053125
0 0.6734375 0.33984375 0.184375 0.10234375
0 0.6390625 0.59296875 0.10546875 0.2453125
0 0.53984375 0.07578125 0.13125 0.10390625
0 0.540625 0.29765625 0.1421875 0.0859375
0 0.51953125 0.19375 0.1484375 0.09375
0 0.44375 0.0765625 0.06796875 0.15078125
0 0.53046875 0.7140625 0.21875 0.57109375
0 0.3546875 0.7578125 0.20078125 0.484375
0 0.30078125 0.275 0.22421875 0.1234375
0 0.29765625 0.125 0.25390625 0.140625
0 0.28984375 0.4125 0.2734375 0.15703125
0 0.12421875 0.19375 0.1421875 0.27734375
0 0.18984375 0.73671875 0.1984375 0.5265625