0 0.7859375 0.93203125 0.071875 0.04609375
0 0.84375 0.9 0.0578125 0.05703125
0 0.70703125 0.890625 0.04453125 0.06796875
0 0.759375 0.8828125 0.05625 0.0578125
0 0.88828125 0.8671875 0.0734375 0.053125
0 0.79921875 0.8515625 0.0703125 0.04375
0 0.71640625 0.82109375 0.04375 0.06328125
0 0.76015625 0.80546875 0.03828125 0.0515625
0 0.8421875 0.81171875 0.03828125 0.06796875
0 0.80234375 0.78828125 0.0328125 0.0625
0 0.5421875 0.85 0.08515625 0.234375
0 0.14453125 0.76328125 0.06875 0.08046875
0 0.20703125 0.7578125 0.07578125 0.08515625
0 0.06796875 0.76171875 0.071875 0.09453125
0 0.4265625 0.84921875 0.10234375 0.2734375
0 0.303125 0.84140625 0.09375 0.2625
0 0.7375 0.69765625 0.14921875 0.0890625
0 0.14765625 0.6765625 0.06796875 0.07109375
0 0.08515625 0.6796875 0.0671875 0.0796875
0 0.61171875 0.7265625 0.06484375 0.2140625
0 0.40625 0.6546875 0.19609375 0.0984375
0 0.84609375 0.59921875 0.071875 0.146875
0 0.6625 0.5734375 0.05546875 0.16328125
0 0.7515625 0.56015625 0.0609375 0.1703125
0 0.8625 0.484375 0.13203125 0.0640625
0 0.290625 0.51015625 0.515625 0.19609375
0 0.27734375 0.2953125 0.4421875 0.18203125
0 0.71015625 0.28984375 0.07734375 0.259375
0 0.83515625 0.3046875 0.08828125 0.29296875
0 0.94921875 0.30859375 0.07890625 0.31640625
0 0.59765625 0.2609375 0.09921875 0.31640625
0 0.79921875 0.090625 0.21796875 0.13984375
0 0.28828125 0.1 0.52890625 0.1703125