0 0.03671875 0.77421875 0.05546875 0.0703125
0 0.04296875 0.9078125 0.05078125 0.0609375
0 0.0640625 0.45625 0.0796875 0.12265625
0 0.06171875 0.840625 0.07734375 0.06640625
0 0.090625 0.59921875 0.09453125 0.10078125
0 0.096875 0.7703125 0.06328125 0.07421875
0 0.1078125 0.91484375 0.05625 0.0578125
0 0.13203125 0.86015625 0.059375 0.0546875
0 0.1421875 0.52578125 0.09453125 0.12890625
0 0.1484375 0.80625 0.0515625 0.06796875
0 0.1484375 0.28515625 0.1296875 0.15
0 0.1640625 0.13125 0.12421875 0.1546875
0 0.16484375 0.409375 0.11875 0.0796875
0 0.17734375 0.90703125 0.0515625 0.0671875
0 0.19296875 0.63203125 0.0609375 0.07578125
0 0.19609375 0.84609375 0.04375 0.0703125
0 0.19296875 0.7796875 0.06015625 0.05546875
0 0.215625 0.7078125 0.06171875 0.06328125
0 0.22734375 0.50078125 0.0765625 0.1328125
0 0.26015625 0.34296875 0.121875 0.14609375
0 0.265625 0.6390625 0.07890625 0.0703125
0 0.296875 0.08125 0.11328125 0.1546875
0 0.2765625 0.21484375 0.14296875 0.1171875
0 0.31015625 0.70703125 0.0765625 0.0671875
0 0.3390625 0.6484375 0.059375 0.07109375
0 0.44921875 0.64375 0.14921875 0.20234375
0 0.44609375 0.83046875 0.1703125 0.15625
0 0.47734375 0.3625 0.29453125 0.3
0 0.515625 0.153125 0.29453125 0.271875
0 0.58828125 0.5796875 0.140625 0.1765625
0 0.57890625 0.7421875 0.1625 0.134375
0 0.57265625 0.88984375 0.178125 0.18203125
0 0.80625 0.775 0.31328125 0.434375
0 0.80859375 0.3015625 0.3828125 0.5203125