0 0.80625 0.94296875 0.06640625 0.05078125
0 0.9390625 0.92734375 0.0578125 0.04765625
0 0.48671875 0.9375 0.11796875 0.071875
0 0.8703125 0.91328125 0.06171875 0.07265625
0 0.62734375 0.9015625 0.09453125 0.08828125
0 0.79765625 0.8828125 0.07109375 0.059375
0 0.940625 0.86171875 0.0546875 0.05234375
0 0.88515625 0.8421875 0.05078125 0.05546875
0 0.55078125 0.8546875 0.1234375 0.08671875
0 0.8296875 0.82890625 0.065625 0.04765625
0 0.31015625 0.865625 0.1421875 0.1203125
0 0.15546875 0.8609375 0.14765625 0.11484375
0 0.4328125 0.840625 0.071875 0.11484375
0 0.92890625 0.79375 0.06484375 0.04765625
0 0.653125 0.79765625 0.071875 0.05625
0 0.86640625 0.77890625 0.0671875 0.0390625
0 0.80078125 0.78671875 0.0515625 0.05625
0 0.72734375 0.76875 0.06015625 0.0578125
0 0.51953125 0.771875 0.128125 0.0671875
0 0.36015625 0.75 0.1390625 0.1125
0 0.6546875 0.7234375 0.06484375 0.07421875
0 0.09609375 0.73203125 0.14765625 0.10390625
0 0.23125 0.74296875 0.1078125 0.13515625
0 0.71953125 0.675 0.0625 0.071875
0 0.659375 0.65 0.0671875 0.0546875
0 0.646875 0.540625 0.19375 0.13671875
0 0.83359375 0.53125 0.1453125 0.16015625
0 0.36484375 0.53203125 0.28203125 0.27578125
0 0.15234375 0.50859375 0.25234375 0.27734375
0 0.5734375 0.40625 0.16796875 0.12890625
0 0.73671875 0.4046875 0.1234375 0.1546875
0 0.88359375 0.40078125 0.17109375 0.16640625
0 0.753125 0.17578125 0.415625 0.28515625
0 0.28125 0.2015625 0.49609375 0.35625