0 0.04921875 0.6125 0.03046875 0.08515625
0 0.05546875 0.70390625 0.03046875 0.0828125
0 0.0921875 0.9171875 0.02890625 0.0609375
0 0.08125 0.58984375 0.03046875 0.0828125
0 0.0890625 0.67734375 0.03046875 0.0828125
0 0.0984375 0.85859375 0.02578125 0.05234375
0 0.121875 0.93125 0.02890625 0.05234375
0 0.11484375 0.61640625 0.028125 0.0828125
0 0.12265625 0.87421875 0.03046875 0.053125
0 0.12109375 0.70390625 0.03046875 0.08515625
0 0.14921875 0.91953125 0.02421875 0.0640625
0 0.14921875 0.8515625 0.0265625 0.059375
0 0.096875 0.31328125 0.12265625 0.3453125
0 0.14765625 0.5875 0.0390625 0.0875
0 0.153125 0.67578125 0.03984375 0.08515625
0 0.1765625 0.934375 0.02890625 0.0578125
0 0.1734375 0.87109375 0.03046875 0.06171875
0 0.18515625 0.70390625 0.0390625 0.0828125
0 0.1875 0.60859375 0.0390625 0.08359375
0 0.20390625 0.91796875 0.0328125 0.05703125
0 0.2015625 0.86015625 0.0328125 0.0609375
0 0.253125 0.70234375 0.04609375 0.09921875
0 0.26171875 0.80390625 0.04609375 0.09921875
0 0.22109375 0.2265625 0.12578125 0.37421875
0 0.3046875 0.82734375 0.0375 0.1015625
0 0.29609375 0.715625 0.04609375 0.1015625
0 0.33671875 0.703125 0.04140625 0.09296875
0 0.346875 0.80703125 0.04453125 0.10390625
0 0.37890625 0.7078125 0.04609375 0.10390625
0 0.3875 0.8203125 0.04375 0.10703125
0 0.3609375 0.3828125 0.1234375 0.3734375
0 0.41796875 0.68984375 0.0390625 0.09453125
0 0.4234375 0.796875 0.0375 0.10546875
0 0.48515625 0.8828125 0.05078125 0.1203125
0 0.45078125 0.2125 0.10078125 0.35390625
0 0.49375 0.66875 0.0578125 0.16953125
0 0.52890625 0.86640625 0.04453125 0.11484375
0 0.54375 0.615625 0.059375 0.18046875
0 0.57421875 0.890625 0.04765625 0.1234375
0 0.58359375 0.66015625 0.04765625 0.16875
0 0.61484375 0.86640625 0.053125 0.12265625
0 0.578125 0.29765625 0.15546875 0.409375
0 0.63359375 0.61484375 0.071875 0.18671875
0 0.66015625 0.884375 0.0421875 0.1296875
0 0.68515625 0.64765625 0.05546875 0.1734375
0 0.725 0.82421875 0.06640625 0.221875
0 0.7890625 0.753125 0.06875 0.21484375
0 0.740625 0.2390625 0.14453125 0.4203125
0 0.846875 0.815625 0.06640625 0.23984375
0 0.90234375 0.753125 0.06875 0.23046875
0 0.9640625 0.81171875 0.0703125 0.25546875
0 0.8890625 0.30390625 0.2 0.59609375