0 0.09453125 0.70546875 0.09609375 0.140625
0 0.15703125 0.8546875 0.0609375 0.103125
0 0.17734375 0.946875 0.06640625 0.08828125
0 0.10546875 0.59296875 0.11640625 0.08359375
0 0.2109375 0.85 0.06875 0.0921875
0 0.23359375 0.93671875 0.0578125 0.0828125
0 0.18046875 0.67109375 0.11875 0.1015625
0 0.26640625 0.83828125 0.0609375 0.090625
0 0.28671875 0.928125 0.06171875 0.0859375
0 0.2265625 0.58515625 0.12734375 0.09296875
0 0.27890625 0.6828125 0.09296875 0.1359375
0 0.3203125 0.8265625 0.0609375 0.09921875
0 0.34375 0.91640625 0.06640625 0.090625
0 0.3734375 0.825 0.06171875 0.08984375
0 0.39140625 0.91015625 0.05546875 0.0859375
0 0.18671875 0.2953125 0.3734375 0.490625
0 0.39453125 0.6640625 0.15 0.1625
0 0.55 0.85625 0.03671875 0.05546875
0 0.559375 0.9125 0.04140625 0.0609375
0 0.503125 0.6578125 0.1125 0.1625
0 0.48984375 0.7671875 0.1875 0.16484375
0 0.58515625 0.85234375 0.0390625 0.05703125
0 0.596875 0.90546875 0.03671875 0.053125
0 0.61796875 0.85 0.0375 0.05234375
0 0.4984375 0.52890625 0.184375 0.12265625
0 0.63125 0.9015625 0.0375 0.05234375
0 0.64921875 0.84453125 0.03671875 0.05703125
0 0.6640625 0.90078125 0.03671875 0.059375
0 0.6109375 0.67109375 0.134375 0.1984375
0 0.6828125 0.840625 0.03984375 0.05234375
0 0.69453125 0.89375 0.03671875 0.053125
0 0.528125 0.23828125 0.3828125 0.47421875
0 0.7796875 0.66171875 0.23984375 0.275
0 0.85546875 0.853125 0.28828125 0.18203125
0 0.82890625 0.46015625 0.27421875 0.16328125
0 0.796875 0.1796875 0.29375 0.359375
0 0.89765625 0.65390625 0.2046875 0.26328125