0 0.3234375 0.08125 0.1359375 0.0875
0 0.1703125 0.1328125 0.10078125 0.0546875
0 0.07734375 0.146875 0.0859375 0.06171875
0 0.43515625 0.1 0.0765625 0.1125
0 0.17109375 0.18671875 0.08828125 0.0640625
0 0.08359375 0.20390625 0.0796875 0.053125
0 0.35234375 0.16875 0.09453125 0.1140625
0 0.17890625 0.24296875 0.08828125 0.05546875
0 0.08828125 0.2578125 0.0828125 0.05703125
0 0.434375 0.221875 0.0859375 0.12265625
0 0.3328125 0.26640625 0.13203125 0.08515625
0 0.18671875 0.2984375 0.096875 0.0546875
0 0.09609375 0.31484375 0.08828125 0.06171875
0 0.18515625 0.35078125 0.0859375 0.05703125
0 0.0984375 0.36328125 0.08359375 0.05078125
0 0.7265625 0.1875 0.471875 0.37421875
0 0.34375 0.38359375 0.15546875 0.1421875
0 0.140625 0.525 0.0546875 0.03359375
0 0.08515625 0.53046875 0.0578125 0.0375
0 0.3421875 0.4921875 0.1578125 0.10390625
0 0.23359375 0.47109375 0.15546875 0.18046875
0 0.1421875 0.5609375 0.05546875 0.03515625
0 0.08828125 0.56875 0.05234375 0.0328125
0 0.1421875 0.59296875 0.05078125 0.03359375
0 0.47109375 0.49609375 0.11171875 0.178125
0 0.08984375 0.603125 0.05078125 0.03359375
0 0.146875 0.625 0.05546875 0.0328125
0 0.0890625 0.6359375 0.0578125 0.0328125
0 0.321875 0.5984375 0.19296875 0.12265625
0 0.14765625 0.65859375 0.05 0.03671875
0 0.09296875 0.66640625 0.05234375 0.0328125
0 0.75859375 0.54609375 0.45546875 0.35625
0 0.31875 0.76875 0.26328125 0.22421875
0 0.121875 0.83046875 0.16328125 0.2828125
0 0.5171875 0.83125 0.146875 0.26640625
0 0.80546875 0.8203125 0.36015625 0.27265625
0 0.31640625 0.8953125 0.2515625 0.209375