0 0.6390625 0.9328125 0.1296875 0.0765625
0 0.79609375 0.89453125 0.096875 0.04609375
0 0.890625 0.8890625 0.08125 0.0546875
0 0.5296875 0.90390625 0.06796875 0.10703125
0 0.80078125 0.840625 0.08359375 0.05703125
0 0.8890625 0.83125 0.0765625 0.04765625
0 0.61875 0.8421875 0.0859375 0.10703125
0 0.79765625 0.784375 0.08515625 0.0484375
0 0.8890625 0.77734375 0.07890625 0.05
0 0.54140625 0.7828125 0.0765625 0.11640625
0 0.64609375 0.74765625 0.12578125 0.07421875
0 0.79453125 0.728125 0.09296875 0.04609375
0 0.88671875 0.71953125 0.08359375 0.0546875
0 0.8015625 0.67578125 0.0828125 0.05
0 0.88828125 0.671875 0.0796875 0.04375
0 0.24609375 0.7921875 0.44375 0.33828125
0 0.6453125 0.6296875 0.14453125 0.1296875
0 0.86015625 0.50703125 0.05234375 0.02890625
0 0.91640625 0.50625 0.05546875 0.0328125
0 0.65703125 0.521875 0.15 0.090625
0 0.7625 0.55234375 0.140625 0.16875
0 0.86171875 0.47109375 0.053125 0.03046875
0 0.915625 0.46796875 0.05 0.02890625
0 0.8640625 0.43828125 0.0484375 0.03046875
0 0.528125 0.50625 0.096875 0.17109375
0 0.9171875 0.43359375 0.0484375 0.03046875
0 0.86328125 0.40703125 0.053125 0.028125
0 0.92109375 0.40078125 0.05546875 0.028125
0 0.6859375 0.4171875 0.184375 0.10703125
0 0.86484375 0.37265625 0.04765625 0.0328125
0 0.91953125 0.36953125 0.05 0.02890625
0 0.24609375 0.43125 0.42890625 0.3203125
0 0.70390625 0.2484375 0.24609375 0.20390625
0 0.90546875 0.20390625 0.140625 0.271875
0 0.5125 0.16875 0.125 0.25703125
0 0.2234375 0.1546875 0.340625 0.24375
0 0.715625 0.1203125 0.23671875 0.19140625