0 0.265625 0.86328125 0.12109375 0.115625
0 0.17734375 0.75078125 0.109375 0.1265625
0 0.13359375 0.58125 0.09296875 0.11640625
0 0.1453125 0.3640625 0.09765625 0.1125
0 0.21796875 0.4765625 0.1 0.12421875
0 0.259375 0.3234375 0.09296875 0.1265625
0 0.2953125 0.17109375 0.11328125 0.1296875
0 0.43359375 0.09140625 0.11328125 0.1125
0 0.4109375 0.2125 0.1 0.1125
0 0.37421875 0.34375 0.10703125 0.115625
0 0.3359375 0.48203125 0.1015625 0.11796875
0 0.26328125 0.6328125 0.0828125 0.1140625
0 0.3734375 0.621875 0.09296875 0.11796875
0 0.34765625 0.75 0.0984375 0.10625
0 0.39375 0.92109375 0.0890625 0.10234375
0 0.465625 0.8125 0.09765625 0.09765625
0 0.48203125 0.66953125 0.1015625 0.109375
0 0.59453125 0.55078125 0.10546875 0.13125
0 0.590625 0.4046875 0.09296875 0.11953125
0 0.50078125 0.3046875 0.11328125 0.13125
0 0.553125 0.1703125 0.1015625 0.1328125
0 0.6796875 0.125 0.11875 0.128125
0 0.675 0.2796875 0.109375 0.1296875
0 0.71171875 0.46171875 0.1078125 0.12421875
0 0.8109375 0.31640625 0.10234375 0.128125
0 0.82890625 0.53515625 0.1109375 0.134375
0 0.71640625 0.63125 0.1203125 0.13828125
0 0.6078125 0.73125 0.11484375 0.13671875
0 0.5984375 0.90078125 0.1265625 0.12265625
0 0.7578125 0.8078125 0.1 0.13515625