0 0.528125 0.87734375 0.10390625 0.090625
0 0.31796875 0.85234375 0.0921875 0.09609375
0 0.715625 0.83046875 0.10390625 0.090625
0 0.52109375 0.74609375 0.10703125 0.09375
0 0.3359375 0.71484375 0.128125 0.09765625
0 0.85078125 0.67734375 0.090625 0.1078125
0 0.69296875 0.665625 0.0890625 0.1140625
0 0.159375 0.65703125 0.1078125 0.12265625
0 0.44765625 0.6296875 0.10703125 0.09453125
0 0.57265625 0.6171875 0.09765625 0.10234375
0 0.26171875 0.596875 0.10703125 0.10234375
0 0.353125 0.5375 0.090625 0.09609375
0 0.65234375 0.51640625 0.08515625 0.12265625
0 0.76015625 0.4953125 0.0828125 0.10390625
0 0.865625 0.4390625 0.1 0.109375
0 0.26875 0.43203125 0.1 0.11640625
0 0.12578125 0.40859375 0.08671875 0.1078125
0 0.42734375 0.40078125 0.1078125 0.10078125
0 0.553125 0.3875 0.1015625 0.109375
0 0.6765625 0.35 0.1109375 0.10078125
0 0.35234375 0.3 0.1296875 0.109375
0 0.53203125 0.26328125 0.09296875 0.09765625
0 0.240625 0.23515625 0.09765625 0.10234375
0 0.71875 0.1984375 0.1203125 0.12578125
0 0.47578125 0.13515625 0.0828125 0.0890625