0 0.8453125 0.4890625 0.08828125 0.11796875
0 0.81171875 0.7171875 0.09296875 0.10546875
0 0.8125 0.28125 0.08828125 0.11796875
0 0.725 0.48984375 0.090625 0.12109375
0 0.6875 0.690625 0.09609375 0.14453125
0 0.6796875 0.12578125 0.10234375 0.10546875
0 0.66171875 0.29765625 0.1078125 0.10390625
0 0.625 0.88125 0.1171875 0.12421875
0 0.615625 0.56328125 0.0921875 0.12109375
0 0.6109375 0.42734375 0.0984375 0.1125
0 0.57578125 0.765625 0.0984375 0.12265625
0 0.52578125 0.66171875 0.0921875 0.10390625
0 0.5234375 0.33515625 0.115625 0.09921875
0 0.509375 0.215625 0.0984375 0.09609375
0 0.46328125 0.09609375 0.10546875 0.115625
0 0.42578125 0.75 0.11171875 0.115625
0 0.39765625 0.9046875 0.10234375 0.10078125
0 0.40546875 0.57421875 0.09765625 0.12421875
0 0.4 0.4359375 0.10546875 0.11640625
0 0.371875 0.29921875 0.09765625 0.12578125
0 0.31015625 0.65 0.10703125 0.14765625
0 0.2859375 0.45234375 0.09453125 0.10625
0 0.24453125 0.76953125 0.0984375 0.1125
0 0.23671875 0.2453125 0.12109375 0.1375
0 0.165625 0.50703125 0.08515625 0.09453125