0 0.0890625 0.1171875 0.128125 0.234375
0 0.1328125 0.30546875 0.0546875 0.12421875
0 0.0109375 0.31796875 0.021875 0.0921875
0 0.06015625 0.4875 0.02421875 0.0390625
0 0.04296875 0.59765625 0.05703125 0.10546875
0 0.15859375 0.66953125 0.01328125 0.0234375
0 0.1625 0.7703125 0.01484375 0.02734375
0 0.13671875 0.8125 0.0421875 0.11171875
0 0.09921875 0.83125 0.0171875 0.0328125
0 0.18671875 0.9375 0.01953125 0.025
0 0.07265625 0.85390625 0.0328125 0.040625
0 0.03125 0.75859375 0.0625 0.103125
0 0.03046875 0.68359375 0.0609375 0.10703125
0 0.0234375 0.8671875 0.02265625 0.05234375
0 0.025 0.9828125 0.025 0.034375
0 0.0640625 0.91015625 0.0359375 0.08359375
0 0.12109375 0.97421875 0.03359375 0.0515625
0 0.21015625 0.67109375 0.0796875 0.128125
0 0.33125 0.43671875 0.23671875 0.34453125
0 0.49296875 0.14765625 0.153125 0.24453125
0 0.540625 0.29375 0.04453125 0.0515625
0 0.6765625 0.0390625 0.059375 0.07734375
0 0.615625 0.353125 0.121875 0.16171875
0 0.7265625 0.20625 0.034375 0.0515625
0 0.6234375 0.46796875 0.05078125 0.1046875
0 0.55546875 0.6 0.0671875 0.0640625
0 0.62109375 0.5828125 0.0328125 0.04453125
0 0.4515625 0.7484375 0.03828125 0.05703125
0 0.4109375 0.68125 0.059375 0.06796875
0 0.346875 0.796875 0.07890625 0.19453125
0 0.65625 0.9359375 0.02578125 0.0296875
0 0.7265625 0.8015625 0.03203125 0.025
0 0.64453125 0.7 0.0359375 0.05
0 0.5890625 0.7390625 0.0375 0.03828125
0 0.68203125 0.70546875 0.03828125 0.04921875
0 0.7671875 0.6453125 0.01484375 0.0703125
0 0.7703125 0.57265625 0.01171875 0.0359375
0 0.70234375 0.45703125 0.06640625 0.12421875
0 0.75703125 0.42421875 0.0390625 0.046875
0 0.78984375 0.4140625 0.03125 0.0796875
0 0.8140625 0.334375 0.03984375 0.0734375
0 0.8640625 0.3484375 0.03515625 0.03125
0 0.953125 0.1484375 0.01796875 0.02734375
0 0.93125 0.18515625 0.0140625 0.02734375
0 0.9421875 0.28203125 0.071875 0.0953125
0 0.978125 0.25 0.0109375 0.0140625
0 0.99453125 0.26953125 0.01015625 0.01953125
0 0.9796875 0.40703125 0.01171875 0.0171875
0 0.9484375 0.3484375 0.01875 0.028125
0 0.8046875 0.0640625 0.0171875 0.03828125
0 0.88515625 0.50859375 0.01328125 0.02109375
0 0.940625 0.47421875 0.021875 0.02890625
0 0.9609375 0.43125 0.01484375 0.025
0 0.98203125 0.5359375 0.0359375 0.096875
0 0.875 0.6484375 0.025 0.0421875
0 0.909375 0.6953125 0.03203125 0.03828125
0 0.8890625 0.7484375 0.0421875 0.05234375
0 0.82890625 0.765625 0.0265625 0.0359375
0 0.9875 0.76953125 0.02109375 0.01640625
0 0.88203125 0.90546875 0.03359375 0.04296875
0 0.8953125 0.98359375 0.0546875 0.0328125
0 0.01875 0.90234375 0.00703125 0.01875
0 0.8484375 0.0328125 0.021875 0.009375
0 0.9078125 0.03671875 0.01328125 0.00625
0 0.9921875 0.040625 0.01484375 0.0046875
0 0.7140625 0.9921875 0.015625 0.015625