0 0.934375 0.8125 0.13125 0.25390625
0 0.88203125 0.6328125 0.065625 0.13203125
0 0.99296875 0.60078125 0.0140625 0.0953125
0 0.9375 0.440625 0.02734375 0.04296875
0 0.94453125 0.32890625 0.06640625 0.1140625
0 0.82265625 0.2765625 0.01484375 0.025
0 0.8109375 0.1765625 0.0171875 0.02890625
0 0.83203125 0.13046875 0.0515625 0.11796875
0 0.86796875 0.10625 0.0203125 0.03515625
0 0.77109375 0.015625 0.021875 0.02890625
0 0.8921875 0.0796875 0.03671875 0.04609375
0 0.94140625 0.1671875 0.07109375 0.1125
0 0.94921875 0.24140625 0.06953125 0.115625
0 0.93984375 0.0578125 0.028125 0.05625
0 0.8953125 0.0328125 0.04375 0.065625
0 0.771875 0.2828125 0.09140625 0.140625
0 0.6734375 0.53515625 0.26640625 0.3796875
0 0.53984375 0.8484375 0.1734375 0.2671875
0 0.478125 0.71171875 0.0484375 0.05859375
0 0.3671875 0.971875 0.065625 0.05625
0 0.3984375 0.66484375 0.13515625 0.18046875
0 0.3015625 0.828125 0.0390625 0.05625
0 0.38125 0.5515625 0.06015625 0.11171875
0 0.4359375 0.409375 0.07265625 0.075
0 0.37265625 0.4375 0.03671875 0.04921875
0 0.52578125 0.2453125 0.04375 0.06328125
0 0.571875 0.30546875 0.06484375 0.0765625
0 0.62421875 0.18046875 0.09609375 0.20625
0 0.30546875 0.09296875 0.028125 0.03359375
0 0.24765625 0.2375 0.034375 0.03046875
0 0.33828125 0.325 0.040625 0.05546875
0 0.38984375 0.27734375 0.040625 0.04453125
0 0.3 0.32578125 0.04296875 0.05546875
0 0.221875 0.39921875 0.021875 0.071875
0 0.225 0.471875 0.01484375 0.0375
0 0.303125 0.57578125 0.07734375 0.134375
0 0.2515625 0.6171875 0.04296875 0.05234375
0 0.2203125 0.63203125 0.03828125 0.08359375
0 0.203125 0.715625 0.04609375 0.0796875
0 0.15234375 0.709375 0.0375 0.03671875
0 0.08203125 0.92265625 0.0203125 0.0296875
0 0.10078125 0.8828125 0.01640625 0.02890625
0 0.08046875 0.78828125 0.0796875 0.10625
0 0.0484375 0.82578125 0.0125 0.01640625
0 0.0296875 0.809375 0.01171875 0.02109375
0 0.0328125 0.6703125 0.01328125 0.01953125
0 0.06875 0.72265625 0.021875 0.03046875
0 0.2375 0.98046875 0.0203125 0.0390625
0 0.1171875 0.5546875 0.01484375 0.02265625
0 0.06484375 0.59765625 0.02421875 0.0328125
0 0.0484375 0.64375 0.0171875 0.02734375
0 0.01953125 0.540625 0.0390625 0.103125
0 0.11484375 0.41328125 0.0296875 0.04609375
0 0.07578125 0.37265625 0.0359375 0.04375
0 0.09140625 0.3171875 0.046875 0.05859375
0 0.14921875 0.28984375 0.0296875 0.03984375
0 0.08359375 0.159375 0.0375 0.0484375
0 0.0640625 0.084375 0.05703125 0.04140625
0 0.940625 0.021875 0.00859375 0.01953125
0 0.2421875 0.04609375 0.0171875 0.01796875