0 0.059375 0.4359375 0.11875 0.090625
0 0.99375 0.4875 0.0125 0.04375
0 0.68828125 0.61875 0.021875 0.015625
0 0.73203125 0.1625 0.0421875 0.0296875
0 0.59296875 0.65 0.0203125 0.0234375
0 0.04609375 0.896875 0.025 0.0234375
0 0.09140625 0.3109375 0.15625 0.1265625
0 0.184375 0.7453125 0.1296875 0.2078125
0 0.184375 0.50390625 0.0359375 0.0234375
0 0.46796875 0.221875 0.0609375 0.0625
0 0.978125 0.103125 0.040625 0.028125
0 0.36171875 0.3609375 0.11875 0.0984375
0 0.19140625 0.4171875 0.153125 0.06875
0 0.61640625 0.4390625 0.0671875 0.0515625
1 0.06796875 0.59140625 0.11875 0.1140625
0 0.2390625 0.29453125 0.05625 0.0390625
0 0.353125 0.4515625 0.190625 0.121875
0 0.46796875 0.7796875 0.0203125 0.0203125
0 0.196875 0.9453125 0.0546875 0.0578125
0 0.484375 0.496875 0.021875 0.0171875
0 0.67578125 0.27578125 0.034375 0.0328125
0 0.990625 0.5390625 0.01875 0.0328125
0 0.771875 0.1953125 0.03125 0.0296875
0 0.4828125 0.89765625 0.021875 0.021875
0 0.440625 0.27734375 0.075 0.0546875
0 0.8078125 0.4046875 0.01875 0.015625
0 0.953125 0.4015625 0.046875 0.034375
0 0.6375 0.7125 0.090625 0.1109375
0 0.309375 0.2640625 0.0390625 0.0328125
0 0.1625 0.3125 0.0453125 0.0421875
0 0.775 0.984375 0.0421875 0.03125
0 0.93203125 0.34296875 0.053125 0.0828125
0 0.06953125 0.8375 0.021875 0.0234375
0 0.57109375 0.05703125 0.053125 0.021875
0 0.43515625 0.7546875 0.09375 0.0640625
0 0.978125 0.3640625 0.0421875 0.0265625
0 0.421875 0.228125 0.0375 0.03125
0 0.93203125 0.2375 0.1359375 0.0375
0 0.6265625 0.1859375 0.0359375 0.0328125
0 0.82890625 0.428125 0.034375 0.034375
0 0.9875 0.7984375 0.025 0.028125
0 0.13203125 0.471875 0.046875 0.0421875
0 0.4421875 0.83359375 0.1234375 0.06875
0 0.021875 0.70859375 0.040625 0.0453125
0 0.07734375 0.7609375 0.0734375 0.0546875
1 0.2625 0.315625 0.1359375 0.090625
0 0.4859375 0.14296875 0.10625 0.0765625
0 0.33046875 0.1015625 0.078125 0.04375
0 0.87734375 0.32890625 0.0734375 0.05
0 0.615625 0.1109375 0.034375 0.0328125
0 0.2265625 0.61875 0.1390625 0.1625
0 0.7359375 0.10078125 0.046875 0.03125
0 0.759375 0.553125 0.084375 0.04375
0 0.53984375 0.27265625 0.084375 0.065625
0 0.0578125 0.12578125 0.01875 0.0203125
0 0.60859375 0.77734375 0.121875 0.10625
0 0.63984375 0.9828125 0.1484375 0.034375
0 0.85078125 0.6578125 0.04375 0.03125
0 0.68671875 0.8171875 0.059375 0.0546875
0 0.328125 0.18203125 0.096875 0.078125
0 0.525 0.5359375 0.1171875 0.0765625
0 0.88359375 0.7671875 0.1171875 0.13125
0 0.89140625 0.68671875 0.0359375 0.021875
1 0.421875 0.56171875 0.0734375 0.0546875
0 0.52109375 0.34921875 0.221875 0.0921875
0 0.228125 0.18125 0.071875 0.053125
0 0.2734375 0.36953125 0.0359375 0.028125
0 0.03125 0.2296875 0.059375 0.034375
0 0.82890625 0.2890625 0.0359375 0.0296875
0 0.684375 0.37734375 0.115625 0.10625
0 0.84765625 0.36953125 0.1546875 0.075
0 0.71953125 0.528125 0.0140625 0.0125
0 0.0859375 0.578125 0.0265625 0.0359375
0 0.84921875 0.59453125 0.05625 0.034375
0 0.88203125 0.61484375 0.05625 0.0609375
1 0.7578125 0.14375 0.109375 0.275
0 0.47734375 0.63515625 0.009375 0.01875