0 0.31328125 0.54140625 0.04375 0.096875
0 0.80625 0.05078125 0.0984375 0.08125
0 0.5734375 0.24921875 0.034375 0.0265625
0 0.9890625 0.66015625 0.021875 0.0203125
0 0.99375 0.690625 0.0125 0.025
0 0.89140625 0.10703125 0.03125 0.0375
0 0.9234375 0.0453125 0.0390625 0.03125
0 0.6515625 0.48828125 0.078125 0.10625
0 0.8171875 0.6953125 0.096875 0.1421875
0 0.59609375 0.53828125 0.0171875 0.0109375
0 0.8828125 0.93125 0.021875 0.0140625
0 0.79609375 0.54296875 0.015625 0.015625
0 0.590625 0.71796875 0.10625 0.115625
0 0.190625 0.6328125 0.015625 0.01875
0 0.878125 0.20625 0.0609375 0.04375
1 0.40078125 0.6046875 0.071875 0.115625
0 0.67109375 0.6640625 0.015625 0.0140625
0 0.215625 0.2171875 0.0390625 0.0546875
0 0.596875 0.5859375 0.0578125 0.084375
0 0.765625 0.359375 0.034375 0.103125
0 0.1890625 0.50625 0.0265625 0.025
0 0.26171875 0.82265625 0.021875 0.021875
0 0.38203125 0.11875 0.128125 0.0671875
0 0.1078125 0.54140625 0.0328125 0.1
0 0.309375 0.978125 0.025 0.01875
0 0.28828125 0.4015625 0.021875 0.03125
0 0.9890625 0.90859375 0.0203125 0.01875
0 0.2828125 0.46640625 0.034375 0.034375
0 0.01640625 0.615625 0.0328125 0.025
0 0.93828125 0.48203125 0.046875 0.0296875
0 0.56796875 0.146875 0.05625 0.0421875
0 0.2328125 0.8 0.0125 0.028125
0 0.33671875 0.7125 0.0265625 0.053125
0 0.64765625 0.8046875 0.021875 0.0171875
0 0.146875 0.72265625 0.0171875 0.01875
0 0.609375 0.27109375 0.0359375 0.0265625
0 0.97734375 0.6359375 0.021875 0.015625
0 0.2078125 0.96328125 0.0171875 0.01875
0 0.2421875 0.3234375 0.0375 0.084375
0 0.52265625 0.525 0.1484375 0.10625
0 0.83671875 0.4890625 0.0515625 0.025
0 0.9890625 0.7609375 0.021875 0.0234375
0 0.77109375 0.7578125 0.04375 0.0578125
0 0.66953125 0.7265625 0.0140625 0.0140625
0 0.32734375 0.75703125 0.021875 0.0203125
0 0.41484375 0.66484375 0.021875 0.015625
0 0.85546875 0.80234375 0.0859375 0.0625
0 0.93046875 0.978125 0.03125 0.0203125
0 0.1421875 0.54453125 0.0296875 0.025
0 0.128125 0.60703125 0.025 0.028125
0 0.95859375 0.7328125 0.0359375 0.0296875
0 0.13046875 0.56171875 0.0203125 0.01875
0 0.853125 0.4453125 0.084375 0.059375
0 0.55625 0.903125 0.015625 0.0234375
0 0.7421875 0.14453125 0.0625 0.05625
0 0.08203125 0.61640625 0.0203125 0.034375
0 0.1890625 0.77109375 0.0140625 0.040625
0 0.7265625 0.696875 0.084375 0.0640625
0 0.184375 0.5375 0.0296875 0.028125
0 0.7609375 0.2109375 0.078125 0.0796875
0 0.15 0.45703125 0.0265625 0.0265625
0 0.97421875 0.59609375 0.04375 0.0421875
0 0.7859375 0.45 0.0390625 0.084375
0 0.9625 0.38984375 0.0359375 0.0265625
0 0.071875 0.56953125 0.0203125 0.025
0 0.890625 0.6796875 0.0234375 0.01875
0 0.1734375 0.90859375 0.025 0.0265625
0 0.290625 0.471875 0.0234375 0.028125
0 0.33203125 0.57578125 0.028125 0.025
0 0.61953125 0.89921875 0.0171875 0.015625
0 0.159375 0.421875 0.0375 0.0375
0 0.91796875 0.73359375 0.034375 0.0234375
0 0.33046875 0.94921875 0.040625 0.0296875
0 0.5390625 0.421875 0.0421875 0.0265625
0 0.38125 0.18359375 0.1125 0.06875
0 0.88671875 0.39296875 0.04375 0.0375
0 0.1546875 0.68203125 0.0296875 0.0328125
0 0.12109375 0.9 0.0140625 0.0140625
0 0.44140625 0.46171875 0.0875 0.0734375
0 0.353125 0.6125 0.028125 0.0296875
0 0.7875 0.86640625 0.0171875 0.015625
0 0.01015625 0.515625 0.0203125 0.0375
0 0.7078125 0.77109375 0.06875 0.065625
0 0.41328125 0.7453125 0.059375 0.059375
0 0.91015625 0.696875 0.0328125 0.021875
0 0.46328125 0.6125 0.021875 0.015625
0 0.18515625 0.67890625 0.0265625 0.03125
0 0.1390625 0.653125 0.025 0.0265625
0 0.7046875 0.28359375 0.0265625 0.015625
0 0.2390625 0.55625 0.046875 0.0640625
0 0.4671875 0.9140625 0.0234375 0.0171875
0 0.840625 0.1484375 0.046875 0.0375
0 0.56953125 0.01796875 0.0671875 0.03125
0 0.715625 0.4484375 0.0234375 0.021875
0 0.834375 0.53984375 0.0515625 0.0828125
0 0.26328125 0.47109375 0.021875 0.0265625
0 0.59609375 0.8171875 0.025 0.0171875
0 0.66484375 0.3671875 0.16875 0.1109375
0 0.94609375 0.871875 0.0453125 0.0390625
0 0.2265625 0.6859375 0.0203125 0.0421875
0 0.15390625 0.94453125 0.021875 0.021875
0 0.028125 0.4890625 0.0265625 0.021875
0 0.1578125 0.56953125 0.0234375 0.0203125
0 0.790625 0.9078125 0.0203125 0.0140625
0 0.87265625 0.7375 0.0265625 0.03125
0 0.51640625 0.44609375 0.021875 0.01875
0 0.9546875 0.28359375 0.046875 0.03125
0 0.409375 0.52578125 0.0375 0.0296875
0 0.01328125 0.74375 0.0265625 0.08125
0 0.6015625 0.47265625 0.028125 0.01875
0 0.2671875 0.778125 0.0265625 0.0265625
0 0.2859375 0.725 0.028125 0.03125
0 0.0640625 0.5109375 0.05625 0.078125
0 0.23515625 0.6109375 0.0296875 0.028125
0 0.7296875 0.5859375 0.040625 0.0375
0 0.4875 0.63359375 0.034375 0.028125
0 0.24140625 0.26796875 0.021875 0.0296875
0 0.16171875 0.96171875 0.0171875 0.0140625
0 0.0109375 0.465625 0.021875 0.034375
0 0.290625 0.5078125 0.021875 0.0203125
0 0.890625 0.640625 0.0234375 0.0171875
0 0.38125 0.9015625 0.04375 0.0328125
0 0.265625 0.43359375 0.028125 0.0375
0 0.75625 0.52421875 0.0265625 0.04375
0 0.896875 0.759375 0.0328125 0.01875
0 0.12890625 0.71171875 0.0203125 0.015625
0 0.17890625 0.96171875 0.009375 0.0140625
0 0.3140625 0.85859375 0.0328125 0.028125
0 0.2296875 0.840625 0.0234375 0.0390625
0 0.165625 0.80625 0.0140625 0.0125
0 0.1828125 0.86875 0.0125 0.0125
0 0.1984375 0.8734375 0.021875 0.0234375
0 0.19609375 0.8953125 0.009375 0.0140625
0 0.13359375 0.8546875 0.0125 0.0125
0 0.14375 0.8390625 0.0140625 0.0125
0 0.15 0.80234375 0.00625 0.0109375
0 0.15546875 0.7671875 0.0125 0.0125
0 0.10859375 0.74921875 0.0125 0.0234375
0 0.1125 0.70625 0.0171875 0.046875
0 0.16640625 0.71953125 0.021875 0.034375
0 0.1828125 0.7140625 0.0203125 0.03125
0 0.2 0.715625 0.0234375 0.0234375
0 0.215625 0.703125 0.0109375 0.0328125
0 0.21015625 0.675 0.009375 0.009375
0 0.21015625 0.66484375 0.0078125 0.0125
0 0.265625 0.71953125 0.0078125 0.009375
0 0.1984375 0.6484375 0.009375 0.009375
0 0.0296875 0.7109375 0.0109375 0.0203125
0 0.01171875 0.63828125 0.0234375 0.0296875
0 0.2109375 0.50625 0.009375 0.0140625
0 0.08359375 0.5265625 0.0171875 0.01875
0 0.090625 0.54140625 0.0125 0.0109375
0 0.20390625 0.3921875 0.009375 0.0125
0 0.1953125 0.4546875 0.0078125 0.0109375
0 0.2359375 0.42890625 0.01875 0.034375
0 0.271875 0.36171875 0.0359375 0.053125
0 0.3140625 0.3109375 0.0421875 0.071875
0 0.34765625 0.42890625 0.015625 0.03125
1 0.315625 0.3796875 0.0578125 0.1578125
1 0.21640625 0.42734375 0.0578125 0.1390625
0 0.22734375 0.3515625 0.0125 0.021875
0 0.26328125 0.5421875 0.0203125 0.0203125
1 0.2625 0.53515625 0.059375 0.0859375
0 0.109375 0.846875 0.05625 0.1109375
1 0.14375 0.9234375 0.0734375 0.084375
1 0.2171875 0.88984375 0.06875 0.1296875
1 0.2875 0.82109375 0.05625 0.09375
1 0.2890625 0.82109375 0.1046875 0.1875
1 0.34453125 0.82890625 0.0796875 0.2015625
0 0.61171875 0.65 0.078125 0.0484375
0 0.65703125 0.5796875 0.046875 0.0390625
0 0.98984375 0.871875 0.0203125 0.0203125
0 0.9953125 0.6203125 0.009375 0.0109375
0 0.77265625 0.5046875 0.0453125 0.0328125
0 0.74375 0.47109375 0.04375 0.0328125
0 0.92421875 0.3546875 0.0765625 0.034375
0 0.9078125 0.33125 0.0265625 0.015625
0 0.871875 0.29921875 0.1109375 0.0765625
0 0.64609375 0.21328125 0.0125 0.0109375
0 0.434375 0.33359375 0.025 0.0171875
1 0.6859375 0.22890625 0.1484375 0.1328125
1 0.6203125 0.06171875 0.15625 0.121875
1 0.55234375 0.35859375 0.1796875 0.109375
1 0.553125 0.340625 0.4015625 0.2328125
0 0.528125 0.36875 0.0109375 0.0078125
1 0.61328125 0.7703125 0.134375 0.1421875
0 0.62734375 0.83125 0.01875 0.015625