0 0.21328125 0.759375 0.021875 0.0203125
0 0.23125 0.7546875 0.015625 0.01875
0 0.25078125 0.42109375 0.021875 0.0265625
0 0.159375 0.6140625 0.0296875 0.046875
0 0.75 0.57109375 0.071875 0.05625
0 0.19140625 0.4703125 0.028125 0.0484375
0 0.3328125 0.43828125 0.0375 0.0296875
0 0.8296875 0.5515625 0.059375 0.0578125
0 0.3953125 0.46328125 0.040625 0.0265625
0 0.675 0.41640625 0.03125 0.0359375
0 0.7796875 0.2609375 0.0578125 0.078125
0 0.60859375 0.31640625 0.04375 0.0296875
0 0.79453125 0.76171875 0.03125 0.0234375
0 0.21796875 0.59375 0.0109375 0.0140625
0 0.55234375 0.375 0.090625 0.14375
0 0.83828125 0.246875 0.0328125 0.071875
0 0.53359375 0.55078125 0.0390625 0.0265625
0 0.35 0.45390625 0.025 0.01875
0 0.6421875 0.2546875 0.0578125 0.05
0 0.23984375 0.35703125 0.021875 0.0296875
0 0.2609375 0.45859375 0.021875 0.021875
0 0.7484375 0.4796875 0.071875 0.084375
0 0.19609375 0.421875 0.028125 0.0421875
0 0.159375 0.490625 0.0328125 0.0671875
0 0.69765625 0.2625 0.059375 0.0796875
0 0.34375 0.4953125 0.0234375 0.01875
0 0.66015625 0.678125 0.0328125 0.0265625
0 0.84375 0.50703125 0.021875 0.0359375
0 0.67890625 0.37578125 0.034375 0.04375
0 0.2046875 0.3515625 0.021875 0.0421875
0 0.7515625 0.34453125 0.0390625 0.0359375
0 0.184375 0.56640625 0.0375 0.0265625
0 0.83125 0.45390625 0.05 0.0484375
0 0.18515625 0.6734375 0.0328125 0.06875
0 0.75859375 0.6125 0.0390625 0.046875
0 0.64609375 0.640625 0.0140625 0.0125
0 0.5140625 0.53203125 0.025 0.0359375
0 0.2078125 0.63828125 0.028125 0.05
0 0.14921875 0.75859375 0.00625 0.0140625
0 0.17734375 0.6203125 0.009375 0.0109375
0 0.7046875 0.18359375 0.0375 0.05
0 0.3171875 0.73359375 0.0890625 0.0625
0 0.290625 0.51875 0.1078125 0.1265625
0 0.2265625 0.51953125 0.0328125 0.10625
0 0.184375 0.39921875 0.01875 0.021875
0 0.16953125 0.3671875 0.0140625 0.0234375
0 0.1859375 0.33828125 0.03125 0.0265625
0 0.19296875 0.3171875 0.0171875 0.0203125
0 0.16015625 0.44765625 0.015625 0.021875
0 0.16640625 0.43125 0.0203125 0.0171875
0 0.15390625 0.428125 0.021875 0.0359375
0 0.175 0.49453125 0.015625 0.0390625
0 0.15546875 0.5453125 0.0125 0.0171875
0 0.1515625 0.578125 0.0125 0.0125
0 0.8515625 0.76640625 0.0078125 0.0234375
1 0.54609375 0.69921875 0.3359375 0.1578125