0 0.8984375 0.75 0.0921875 0.05
0 0.48203125 0.62109375 0.0546875 0.03125
0 0.93828125 0.0375 0.0484375 0.065625
0 0.725 0.29296875 0.0609375 0.05
0 0.56640625 0.6296875 0.0640625 0.034375
0 0.63515625 0.30078125 0.0234375 0.01875
0 0.4828125 0.12890625 0.0671875 0.05625
0 0.03359375 0.49140625 0.0671875 0.053125
0 0.965625 0.4015625 0.046875 0.0296875
0 0.01328125 0.77109375 0.0265625 0.03125
0 0.18203125 0.5734375 0.084375 0.1015625
0 0.653125 0.05078125 0.0546875 0.040625
0 0.32578125 0.496875 0.0234375 0.01875
0 0.73359375 0.64609375 0.071875 0.0515625
0 0.096875 0.74375 0.034375 0.034375
0 0.92109375 0.59609375 0.0390625 0.0359375
0 0.2375 0.56484375 0.046875 0.0390625
0 0.91875 0.1875 0.04375 0.0703125
0 0.65078125 0.65546875 0.071875 0.065625
0 0.6078125 0.42578125 0.04375 0.0421875
0 0.384375 0.37578125 0.0765625 0.0765625
0 0.52578125 0.2578125 0.071875 0.0625
0 0.45703125 0.559375 0.046875 0.021875
0 0.6765625 0.39609375 0.03125 0.0203125
0 0.60390625 0.17734375 0.05625 0.0390625
0 0.7265625 0.69765625 0.0890625 0.05625
0 0.303125 0.3734375 0.03125 0.03125
0 0.2921875 0.53984375 0.046875 0.046875
0 0.590625 0.73203125 0.0265625 0.015625
0 0.39921875 0.79296875 0.0578125 0.0625
0 0.615625 0.45859375 0.021875 0.015625
0 0.2 0.4578125 0.065625 0.0421875
0 0.42890625 0.54921875 0.021875 0.0125
0 0.64921875 0.45234375 0.0375 0.0375
0 0.353125 0.2296875 0.09375 0.0703125
0 0.02265625 0.40234375 0.0453125 0.0453125
0 0.859375 0.43359375 0.0421875 0.0390625
0 0.265625 0.35234375 0.046875 0.0265625
0 0.721875 0.13515625 0.0578125 0.053125
0 0.33828125 0.28828125 0.0703125 0.0671875
0 0.79609375 0.72734375 0.05 0.05
0 0.7015625 0.55078125 0.021875 0.021875
0 0.81875 0.603125 0.040625 0.0296875
0 0.93046875 0.10546875 0.0640625 0.0796875
0 0.3234375 0.334375 0.046875 0.06875
0 0.2765625 0.07734375 0.0203125 0.0171875
0 0.640625 0.446875 0.03125 0.0328125
0 0.53125 0.56640625 0.084375 0.065625
0 0.6796875 0.58515625 0.084375 0.0296875
0 0.2453125 0.509375 0.059375 0.0421875
0 0.615625 0.5453125 0.059375 0.0359375
0 0.71875 0.9375 0.090625 0.0421875
0 0.91640625 0.3578125 0.071875 0.084375
0 0.9953125 0.63203125 0.0078125 0.0203125
0 0.1765625 0.325 0.0203125 0.01875
0 0.54453125 0.4640625 0.0421875 0.034375
0 0.025 0.53984375 0.05 0.0515625
0 0.24375 0.15390625 0.096875 0.11875
0 0.40703125 0.1671875 0.084375 0.071875
0 0.80703125 0.634375 0.03125 0.0203125
0 0.4953125 0.7765625 0.0734375 0.0671875
0 0.64453125 0.26328125 0.0359375 0.0296875
0 0.96484375 0.24453125 0.021875 0.03125
0 0.8484375 0.57734375 0.0453125 0.034375
0 0.3546875 0.55 0.0640625 0.046875
0 0.0671875 0.40078125 0.0578125 0.0515625
0 0.16796875 0.51640625 0.0203125 0.015625
0 0.69140625 0.30234375 0.0390625 0.0296875
0 0.265625 0.01796875 0.059375 0.0359375
0 0.55234375 0.79609375 0.0375 0.0234375
0 0.234375 0.30546875 0.103125 0.065625
0 0.99375 0.33125 0.009375 0.028125
0 0.17578125 0.25 0.1015625 0.0703125
0 0.134375 0.51328125 0.0453125 0.03125
0 0.9640625 0.8234375 0.0203125 0.021875
0 0.8046875 0.3375 0.0984375 0.109375
0 0.81875 0.2296875 0.046875 0.03125
0 0.8375 0.7140625 0.03125 0.0234375
0 0.4875 0.73203125 0.065625 0.0390625
0 0.609375 0.75546875 0.0359375 0.0265625
0 0.8546875 0.48671875 0.0984375 0.08125
0 0.20234375 0.67578125 0.0609375 0.04375
0 0.35625 0.06640625 0.059375 0.040625
0 0.509375 0.5015625 0.0390625 0.03125
0 0.93671875 0.44296875 0.121875 0.1109375
0 0.77109375 0.09921875 0.090625 0.0984375
0 0.8484375 0.15625 0.10625 0.1015625
0 0.565625 0.365625 0.05 0.0375
0 0.89140625 0.63203125 0.046875 0.046875
0 0.365625 0.52265625 0.0171875 0.0203125
0 0.58359375 0.596875 0.046875 0.03125
0 0.19765625 0.40078125 0.084375 0.096875
0 0.2796875 0.41796875 0.06875 0.05
0 0.0890625 0.1625 0.1609375 0.1265625
0 0.08671875 0.815625 0.0328125 0.0265625
0 0.0375 0.26484375 0.071875 0.05
0 0.053125 0.878125 0.028125 0.0296875
0 0.5234375 0.40234375 0.053125 0.090625
0 0.9453125 0.71484375 0.0859375 0.0828125
0 0.8671875 0.2765625 0.0546875 0.034375
0 0.415625 0.59609375 0.025 0.021875
0 0.0703125 0.05078125 0.096875 0.0953125
0 0.5875 0.65234375 0.025 0.0171875
0 0.84609375 0.75703125 0.0375 0.0296875
0 0.9765625 0.15625 0.0359375 0.05625
0 0.78359375 0.6296875 0.0171875 0.0125
0 0.38671875 0.6078125 0.0703125 0.0484375
0 0.77578125 0.7828125 0.0390625 0.0203125
0 0.1671875 0.1421875 0.071875 0.046875
0 0.1015625 0.625 0.0375 0.0234375
0 0.05078125 0.5296875 0.0453125 0.0203125
0 0.1015625 0.66875 0.0328125 0.01875
0 0.39375 0.5578125 0.0734375 0.05
0 0.46015625 0.5953125 0.0375 0.028125
1 0.4671875 0.5359375 0.3109375 0.2
0 0.67578125 0.784375 0.1015625 0.0453125
0 0.69375 0.7640625 0.1078125 0.0484375
1 0.6828125 0.5734375 0.321875 0.2421875
1 0.5953125 0.2890625 0.3296875 0.2515625
0 0.990625 0.0953125 0.01875 0.046875
0 0.9703125 0.05625 0.015625 0.01875
0 0.02578125 0.059375 0.0390625 0.1171875
0 0.0078125 0.14375 0.015625 0.0453125
0 0.0609375 0.3296875 0.121875 0.0875