0 0.85546875 0.44609375 0.03515625 0.05703125
0 0.8515625 0.29140625 0.03203125 0.03984375
0 0.87890625 0.196875 0.034375 0.04375
0 0.97734375 0.1890625 0.040625 0.109375
0 0.3984375 0.4 0.06875 0.11953125
0 0.90625 0.1 0.034375 0.04609375
0 0.978125 0.0625 0.03046875 0.08125
0 0.89765625 0.02109375 0.065625 0.0421875
0 0.80234375 0.196875 0.0859375 0.1625
0 0.61796875 0.48125 0.01640625 0.03828125
0 0.5890625 0.43125 0.0421875 0.1375
0 0.6125 0.35625 0.0328125 0.03984375
0 0.69609375 0.4625 0.053125 0.065625
0 0.73125 0.39765625 0.053125 0.06953125
0 0.7109375 0.35546875 0.028125 0.0265625
0 0.7359375 0.34375 0.0203125 0.0390625
0 0.7671875 0.3546875 0.0203125 0.028125
0 0.7578125 0.31953125 0.0171875 0.0328125
0 0.721875 0.25546875 0.0359375 0.05390625
0 0.8203125 0.546875 0.09453125 0.146875
0 0.8390625 0.7015625 0.10234375 0.11171875
0 0.815625 0.8875 0.0765625 0.09765625
0 0.8328125 0.80546875 0.01875 0.0328125
0 0.88203125 0.83125 0.0375 0.059375
0 0.9125 0.7546875 0.03125 0.05859375
0 0.98515625 0.83203125 0.02890625 0.0828125
0 0.94609375 0.6171875 0.06484375 0.11640625
0 0.928125 0.56328125 0.01875 0.02734375
0 0.9890625 0.45 0.021875 0.18515625
0 0.996875 0.346875 0.00625 0.0765625
0 0.8703125 0.36328125 0.03359375 0.06328125
1 0.9828125 0.01796875 0.03359375 0.0359375
1 0.0421875 0.5359375 0.084375 0.0953125
1 0.071875 0.484375 0.14296875 0.128125
0 0.765625 0.0953125 0.07734375 0.140625
0 0.67578125 0.01953125 0.0578125 0.0390625
0 0.65625 0.24375 0.034375 0.09453125
0 0.6578125 0.178125 0.0375 0.09609375
0 0.615625 0.23359375 0.03359375 0.04140625
0 0.61796875 0.10625 0.034375 0.0453125
0 0.56640625 0.1375 0.08984375 0.14609375
0 0.5328125 0.0328125 0.1203125 0.06484375
0 0.4640625 0.2125 0.08125 0.1453125
0 0.39609375 0.2703125 0.0328125 0.04140625
0 0.30546875 0.303125 0.0390625 0.03125
0 0.3171875 0.26953125 0.0328125 0.03125
0 0.3734375 0.178125 0.03828125 0.084375
0 0.3875 0.084375 0.03984375 0.0890625
0 0.32890625 0.009375 0.0421875 0.01796875
0 0.32109375 0.15859375 0.06953125 0.09453125
0 0.25078125 0.21171875 0.0828125 0.1265625
0 0.22265625 0.3671875 0.0421875 0.0671875
0 0.23125 0.42734375 0.04609375 0.05234375
0 0.21484375 0.45703125 0.01953125 0.03984375
0 0.3640625 0.784375 0.0671875 0.12734375
0 0.32109375 0.6796875 0.0734375 0.10234375
0 0.3171875 0.79375 0.01015625 0.015625
0 0.30234375 0.77109375 0.0125 0.021875
0 0.284375 0.75 0.00859375 0.02109375
0 0.2546875 0.6921875 0.01953125 0.0265625
0 0.18203125 0.5546875 0.0234375 0.03515625
0 0.16875 0.75546875 0.03515625 0.04375
0 0.1671875 0.796875 0.021875 0.04375
0 0.2171875 0.925 0.0171875 0.01796875
0 0.18203125 0.97109375 0.03515625 0.0578125
0 0.13203125 0.9 0.03984375 0.06328125
0 0.0328125 0.88984375 0.065625 0.0953125
0 0.059375 0.80078125 0.08125 0.12265625
0 0.07734375 0.7203125 0.0703125 0.10546875
0 0.0078125 0.559375 0.01484375 0.01328125
0 0.003125 0.50703125 0.00625 0.0234375
0 0.1046875 0.51875 0.0390625 0.05625
0 0.0515625 0.4875 0.0265625 0.02890625
0 0.04296875 0.4515625 0.03203125 0.0359375
0 0.15 0.36640625 0.03203125 0.05078125
0 0.14140625 0.31796875 0.021875 0.0359375
0 0.04765625 0.3171875 0.0953125 0.0828125
0 0.084375 0.2796875 0.03203125 0.03984375
0 0.07421875 0.15625 0.0328125 0.04296875
0 0.01171875 0.18203125 0.02265625 0.17578125
0 0.01171875 0.06328125 0.02265625 0.04609375
0 0.075 0.065625 0.09375 0.13125
0 0.11796875 0.03359375 0.109375 0.06640625
0 0.44609375 0.51171875 0.07421875 0.1328125
0 0.375 0.59140625 0.0921875 0.13515625
0 0.31953125 0.5796875 0.02421875 0.0296875
0 0.2984375 0.55546875 0.0171875 0.02265625
0 0.31171875 0.4203125 0.03046875 0.0359375
0 0.34140625 0.41796875 0.01484375 0.0234375
0 0.67109375 0.928125 0.01796875 0.0265625
0 0.5828125 0.9046875 0.040625 0.0859375
0 0.55 0.8609375 0.01953125 0.0296875
0 0.65859375 0.728125 0.03046875 0.04921875
0 0.55390625 0.66875 0.03671875 0.06640625
0 0.5734375 0.5421875 0.059375 0.053125
1 0.73125 0.27890625 0.1140625 0.20625
1 0.56171875 0.3890625 0.1578125 0.2828125
0 0.45625 0.35859375 0.0328125 0.03984375
0 0.4953125 0.41796875 0.02421875 0.05625
0 0.5375 0.4421875 0.0578125 0.1234375