0 0.984375 0.54765625 0.028125 0.04375
0 0.98125 0.815625 0.015625 0.015625
0 0.97578125 0.32109375 0.0484375 0.125
0 0.7328125 0.878125 0.0203125 0.0171875
0 0.70546875 0.4390625 0.05 0.0328125
0 0.16171875 0.7875 0.0734375 0.05625
0 0.8265625 0.57734375 0.0203125 0.0234375
0 0.778125 0.478125 0.08125 0.05
0 0.721875 0.54296875 0.1140625 0.0625
0 0.54609375 0.3546875 0.0703125 0.0453125
0 0.92109375 0.11484375 0.0421875 0.05
0 0.4328125 0.92578125 0.040625 0.021875
0 0.30859375 0.60234375 0.028125 0.0203125
0 0.04921875 0.29296875 0.040625 0.0265625
0 0.090625 0.39765625 0.078125 0.078125
0 0.47578125 0.6890625 0.046875 0.034375
0 0.26953125 0.71484375 0.05625 0.04375
0 0.31171875 0.63359375 0.059375 0.034375
0 0.47734375 0.19765625 0.046875 0.040625
0 0.021875 0.5203125 0.0203125 0.0296875
0 0.0078125 0.84453125 0.015625 0.0203125
0 0.325 0.5453125 0.046875 0.034375
0 0.9546875 0.70078125 0.01875 0.01875
0 0.10078125 0.3046875 0.059375 0.0390625
0 0.76875 0.15078125 0.0484375 0.0484375
0 0.571875 0.47578125 0.0796875 0.06875
0 0.51875 0.434375 0.0828125 0.0703125
0 0.6828125 0.65625 0.084375 0.0484375
0 0.840625 0.54765625 0.01875 0.028125
0 0.4703125 0.8375 0.021875 0.0171875
0 0.784375 0.37890625 0.0484375 0.0640625
0 0.01796875 0.2484375 0.0328125 0.028125
0 0.95234375 0.85234375 0.01875 0.0203125
0 0.9 0.2734375 0.0859375 0.128125
0 0.92109375 0.74296875 0.025 0.028125
0 0.259375 0.5109375 0.0390625 0.0234375
0 0.45625 0.32578125 0.0515625 0.0828125
0 0.92890625 0.85234375 0.0140625 0.01875
0 0.03046875 0.72421875 0.028125 0.0171875
1 0.1234375 0.6265625 0.0671875 0.0921875
0 0.7546875 0.44453125 0.0375 0.03125
0 0.22734375 0.75078125 0.040625 0.01875
0 0.3796875 0.38046875 0.0578125 0.0453125
0 0.77421875 0.621875 0.046875 0.028125
0 0.76875 0.32109375 0.046875 0.0453125
0 0.41484375 0.65078125 0.065625 0.0578125
0 0.4296875 0.5625 0.0328125 0.01875
0 0.62109375 0.29921875 0.0859375 0.05625
0 0.98359375 0.44140625 0.025 0.1171875
0 0.03828125 0.603125 0.03125 0.0390625
0 0.8796875 0.4109375 0.1046875 0.128125
0 0.38671875 0.15859375 0.071875 0.05
0 0.77890625 0.6875 0.0140625 0.0140625
0 0.909375 0.5828125 0.065625 0.065625
0 0.515625 0.48359375 0.021875 0.0140625
0 0.19765625 0.57421875 0.0375 0.0296875
0 0.2484375 0.90703125 0.0453125 0.028125
0 0.2609375 0.7875 0.08125 0.0546875
0 0.7421875 0.66875 0.0296875 0.0203125
0 0.35 0.6625 0.0609375 0.028125
0 0.95859375 0.665625 0.021875 0.021875
0 0.36953125 0.77578125 0.0328125 0.0234375
0 0.8421875 0.70859375 0.059375 0.053125
0 0.60859375 0.8046875 0.0140625 0.0109375
0 0.9703125 0.46484375 0.0125 0.0234375
0 0.80234375 0.19140625 0.046875 0.046875
0 0.3640625 0.8703125 0.021875 0.015625
0 0.025 0.81328125 0.0421875 0.0296875
0 0.190625 0.50703125 0.059375 0.0421875
0 0.184375 0.88046875 0.0765625 0.059375
0 0.009375 0.6109375 0.01875 0.021875
0 0.07578125 0.57421875 0.04375 0.0421875
0 0.34296875 0.446875 0.053125 0.0296875
0 0.36796875 0.80703125 0.021875 0.0171875
0 0.87890625 0.8390625 0.0203125 0.0234375
0 0.4875 0.3765625 0.03125 0.03125
0 0.90625 0.49140625 0.0828125 0.1015625
0 0.1359375 0.37109375 0.13125 0.05625
0 0.92578125 0.73359375 0.0234375 0.04375
0 0.15078125 0.29140625 0.0484375 0.0375
0 0.125 0.18828125 0.2 0.1625
0 0.84375 0.0859375 0.0671875 0.096875
0 0.8921875 0.7125 0.034375 0.04375
0 0.434375 0.18359375 0.0390625 0.03125
0 0.93984375 0.4140625 0.034375 0.06875
0 0.2390625 0.578125 0.053125 0.034375
0 0.27265625 0.60234375 0.03125 0.021875
0 0.05234375 0.4296875 0.0546875 0.028125
0 0.02578125 0.4015625 0.046875 0.0265625
0 0.21953125 0.8109375 0.0359375 0.021875
0 0.0578125 0.2640625 0.03125 0.021875
0 0.9765625 0.134375 0.046875 0.1015625
0 0.00703125 0.57421875 0.0140625 0.0140625
0 0.94765625 0.26640625 0.0296875 0.0421875
0 0.02734375 0.77890625 0.034375 0.0203125
0 0.428125 0.08359375 0.071875 0.053125
0 0.871875 0.64765625 0.03125 0.0359375
0 0.39921875 0.59140625 0.0234375 0.01875
0 0.78984375 0.5234375 0.021875 0.015625
0 0.84375 0.6859375 0.034375 0.01875
0 0.540625 0.26875 0.121875 0.0953125
0 0.89921875 0.153125 0.0125 0.0140625
0 0.90859375 0.82734375 0.0140625 0.0125
0 0.409375 0.5265625 0.05 0.034375
0 0.6765625 0.890625 0.015625 0.01875
0 0.1953125 0.3390625 0.096875 0.046875
0 0.025 0.37578125 0.05 0.0296875
0 0.1 0.0109375 0.09375 0.021875
0 0.2359375 0.66484375 0.046875 0.046875
0 0.1078125 0.7609375 0.0328125 0.0265625
0 0.88671875 0.140625 0.040625 0.0453125
0 0.21484375 0.27578125 0.0515625 0.0390625
0 0.2203125 0.53125 0.0484375 0.03125
0 0.99453125 0.7609375 0.0109375 0.0125
0 0.8640625 0.571875 0.0390625 0.046875
0 0.81015625 0.63515625 0.028125 0.0171875
0 0.946875 0.61171875 0.0875 0.059375
0 0.253125 0.2046875 0.0609375 0.046875
0 0.165625 0.82578125 0.0765625 0.053125
0 0.9328125 0.2109375 0.0578125 0.075
0 0.490625 0.071875 0.0484375 0.0421875
0 0.671875 0.48359375 0.0265625 0.0203125
0 0.6875 0.6140625 0.0171875 0.0109375
0 0.98515625 0.6875 0.0265625 0.0328125
0 0.4984375 0.43203125 0.025 0.0296875
0 0.94296875 0.79453125 0.025 0.028125
0 0.69140625 0.45546875 0.0453125 0.0359375
0 0.2625 0.4640625 0.1578125 0.0875
0 0.74609375 0.70390625 0.05 0.03125
0 0.259375 0.42109375 0.015625 0.015625
0 0.0125 0.8875 0.025 0.04375
0 0.01015625 0.134375 0.0203125 0.03125
0 0.109375 0.78984375 0.0375 0.01875
0 0.19453125 0.62890625 0.0609375 0.040625
0 0.03515625 0.4609375 0.0515625 0.025
0 0.3140625 0.41015625 0.0453125 0.025
0 0.06796875 0.784375 0.05625 0.0390625
0 0.7265625 0.39140625 0.059375 0.05
0 0.628125 0.3875 0.134375 0.1140625
0 0.8359375 0.83828125 0.0640625 0.0296875
0 0.178125 0.52734375 0.0265625 0.0171875
0 0.0109375 0.66484375 0.021875 0.059375
0 0.096875 0.87890625 0.034375 0.034375
0 0.80703125 0.859375 0.0171875 0.0125
0 0.40546875 0.8640625 0.0453125 0.028125
0 0.27734375 0.37734375 0.0734375 0.0453125
0 0.0375 0.5390625 0.0359375 0.021875
0 0.34140625 0.50703125 0.0328125 0.028125
0 0.11484375 0.45703125 0.0375 0.0265625
0 0.7015625 0.5765625 0.0828125 0.040625
0 0.2859375 0.33671875 0.0390625 0.021875
0 0.38671875 0.553125 0.0484375 0.0359375
0 0.95078125 0.87578125 0.021875 0.0171875
0 0.26796875 0.6359375 0.0203125 0.021875
0 0.26875 0.665625 0.021875 0.0171875
0 0.0109375 0.45859375 0.021875 0.0171875
0 0.075 0.46171875 0.0453125 0.0359375
0 0.0125 0.41953125 0.025 0.015625
0 0.00859375 0.5125 0.0171875 0.08125
0 0.00859375 0.31796875 0.0171875 0.0265625
1 0.3484375 0.22734375 0.1296875 0.2203125
1 0.38203125 0.321875 0.2046875 0.153125
0 0.9671875 0.28046875 0.028125 0.0359375
0 0.64375 0.60078125 0.0359375 0.0484375
0 0.884375 0.73828125 0.0140625 0.0125
0 0.940625 0.6796875 0.025 0.025
0 0.859375 0.615625 0.01875 0.028125
1 0.47578125 0.53125 0.29375 0.1234375
1 0.465625 0.52578125 0.2296875 0.1140625
1 0.8828125 0.33984375 0.1375 0.3765625