0 0.55390625 0.21953125 0.128125 0.153125
0 0.25703125 0.81640625 0.146875 0.1703125
0 0.05234375 0.0890625 0.1015625 0.178125
0 0.18125 0.65234375 0.109375 0.1015625
0 0.16796875 0.453125 0.021875 0.0140625
0 0.98828125 0.77734375 0.021875 0.0671875
0 0.8078125 0.84375 0.096875 0.0734375
0 0.0265625 0.5765625 0.05 0.0921875
0 0.653125 0.140625 0.1578125 0.1078125
0 0.709375 0.23828125 0.1140625 0.09375
0 0.0953125 0.80234375 0.125 0.1265625
0 0.81328125 0.0765625 0.3609375 0.1484375
0 0.309375 0.58828125 0.0453125 0.096875
0 0.225 0.0359375 0.2578125 0.071875
0 0.1015625 0.38359375 0.203125 0.29375
0 0.66796875 0.9546875 0.1609375 0.090625
0 0.30078125 0.45 0.040625 0.0453125
0 0.75390625 0.44453125 0.21875 0.2734375
0 0.9890625 0.69921875 0.01875 0.0640625
0 0.3609375 0.14375 0.1296875 0.10625
0 0.91171875 0.61953125 0.16875 0.1078125
0 0.06796875 0.93828125 0.1140625 0.11875
0 0.4453125 0.05546875 0.215625 0.109375
0 0.90546875 0.34609375 0.1890625 0.334375
0 0.6203125 0.83828125 0.165625 0.1203125