1 0.02578125 0.1546875 0.0515625 0.140625
0 0.59609375 0.6015625 0.1921875 0.08125
0 0.0765625 0.18984375 0.034375 0.0328125
1 0.05234375 0.415625 0.0828125 0.0921875
1 0.09296875 0.6515625 0.1859375 0.10625
1 0.296875 0.70078125 0.196875 0.115625
0 0.409375 0.296875 0.0859375 0.0609375
0 0.471875 0.54765625 0.0515625 0.1046875
1 0.1046875 0.075 0.20625 0.06875
0 0.2953125 0.465625 0.0671875 0.0546875
1 0.03125 0.32734375 0.0625 0.165625
0 0.2875 0.13125 0.0296875 0.034375
0 0.76953125 0.69609375 0.0203125 0.01875
0 0.39609375 0.22109375 0.028125 0.03125
0 0.715625 0.4265625 0.1328125 0.1140625
0 0.175 0.2828125 0.0875 0.1265625
0 0.28984375 0.28203125 0.0484375 0.115625
1 0.5046875 0.7375 0.2625 0.1921875
0 0.4265625 0.37578125 0.03125 0.03125
0 0.340625 0.36328125 0.1375 0.071875
1 0.5609375 0.37890625 0.2421875 0.2203125
1 0.50234375 0.74375 0.0703125 0.0515625
0 0.0546875 0.06328125 0.109375 0.03125
0 0.40234375 0.52890625 0.08125 0.0578125