0 0.6328125 0.39453125 0.046875 0.0453125
0 0.6625 0.43359375 0.0421875 0.046875
0 0.64765625 0.303125 0.04375 0.03125
0 0.7 0.4296875 0.0359375 0.01875
1 0.1546875 0.5375 0.0828125 0.1171875
0 0.81640625 0.54609375 0.021875 0.021875
1 0.23359375 0.73515625 0.0640625 0.0828125
0 0.9453125 0.57890625 0.109375 0.0734375
0 0.184375 0.29453125 0.0296875 0.025
0 0.153125 0.35390625 0.0296875 0.028125
0 0.06484375 0.35546875 0.034375 0.028125
0 0.96171875 0.84453125 0.0328125 0.03125
0 0.2484375 0.6015625 0.0171875 0.0203125
0 0.61015625 0.30546875 0.034375 0.0359375
0 0.3140625 0.33203125 0.0328125 0.025
0 0.39375 0.315625 0.0328125 0.0265625
0 0.14375 0.2515625 0.0265625 0.025
0 0.7203125 0.4125 0.034375 0.028125
0 0.31796875 0.396875 0.03125 0.028125
0 0.3328125 0.446875 0.021875 0.0171875
1 0.4453125 0.540625 0.06875 0.1125
0 0.196875 0.63125 0.040625 0.040625
0 0.3484375 0.3671875 0.0390625 0.0484375
0 0.721875 0.36875 0.040625 0.03125
0 0.975 0.51484375 0.05 0.06875
0 0.05234375 0.6421875 0.04375 0.046875
1 0.60546875 0.5625 0.14375 0.1109375
1 0.26796875 0.78046875 0.084375 0.103125
0 0.834375 0.18671875 0.0453125 0.0328125
0 0.684375 0.67265625 0.0203125 0.015625
0 0.66875 0.7578125 0.01875 0.015625
0 0.865625 0.546875 0.0359375 0.034375
0 0.7359375 0.68828125 0.0359375 0.046875
1 0.246875 0.675 0.0765625 0.0796875
0 0.66640625 0.5015625 0.05 0.03125
1 0.20390625 0.44921875 0.1203125 0.1359375
0 0.27421875 0.32578125 0.04375 0.040625
0 0.3453125 0.33671875 0.0171875 0.0125
0 0.06796875 0.415625 0.034375 0.025
0 0.771875 0.6046875 0.053125 0.04375
0 0.28125 0.6015625 0.015625 0.0140625
0 0.83828125 0.0515625 0.159375 0.078125
0 0.7796875 0.3515625 0.034375 0.028125
0 0.2046875 0.4734375 0.046875 0.0453125
0 0.84140625 0.5046875 0.171875 0.0734375
0 0.75625 0.2078125 0.05 0.0828125
1 0.0828125 0.27265625 0.1046875 0.1046875
1 0.128125 0.31328125 0.040625 0.065625
1 0.46328125 0.41171875 0.03125 0.0734375
0 0.72265625 0.29296875 0.0578125 0.046875
0 0.696875 0.53515625 0.053125 0.0375
0 0.14453125 0.796875 0.0421875 0.046875
0 0.6828125 0.3359375 0.0546875 0.046875
0 0.259375 0.49765625 0.075 0.084375
0 0.73828125 0.57265625 0.0515625 0.046875
0 0.896875 0.37421875 0.1015625 0.0625
0 0.78046875 0.42734375 0.04375 0.0328125
0 0.98828125 0.6984375 0.0234375 0.034375
0 0.415625 0.2828125 0.075 0.059375
1 0.1890625 0.21875 0.0859375 0.071875
1 0.3484375 0.26875 0.103125 0.065625
0 0.9578125 0.15078125 0.084375 0.071875
0 0.7234375 0.84921875 0.015625 0.01875
1 0.534375 0.4515625 0.1140625 0.125
0 0.65 0.2671875 0.034375 0.0375
1 0.48125 0.55625 0.0421875 0.0671875
1 0.45859375 0.64921875 0.05625 0.103125
1 0.2703125 0.60546875 0.040625 0.0703125
1 0.21171875 0.41640625 0.053125 0.0375
1 0.2734375 0.25234375 0.1421875 0.0953125
1 0.17109375 0.61640625 0.0375 0.071875
0 0.11484375 0.64296875 0.0140625 0.0125
0 0.159375 0.6125 0.0125 0.0140625
0 0.11796875 0.33046875 0.0125 0.0140625