0 0.8828125 0.4484375 0.028125 0.0265625
0 0.08359375 0.63125 0.0296875 0.0171875
0 0.3390625 0.41015625 0.0265625 0.0359375
0 0.6015625 0.41171875 0.021875 0.0234375
0 0.79453125 0.23984375 0.0171875 0.0171875
0 0.409375 0.63203125 0.021875 0.015625
0 0.73359375 0.77890625 0.0140625 0.0171875
0 0.0703125 0.77890625 0.01875 0.01875
0 0.709375 0.72109375 0.0140625 0.0171875
0 0.365625 0.4015625 0.0203125 0.021875
0 0.37265625 0.73046875 0.015625 0.0203125
0 0.01171875 0.265625 0.0234375 0.0546875
0 0.23515625 0.20703125 0.0484375 0.075
0 0.7375 0.65390625 0.059375 0.0703125
0 0.846875 0.03359375 0.0375 0.0375
0 0.884375 0.5109375 0.021875 0.0203125
0 0.21953125 0.746875 0.0515625 0.0671875
0 0.359375 0.59921875 0.01875 0.01875
0 0.56484375 0.48359375 0.01875 0.01875
0 0.9171875 0.44609375 0.025 0.0234375
0 0.10390625 0.8078125 0.0421875 0.0296875
0 0.596875 0.5046875 0.0109375 0.015625
0 0.70625 0.3359375 0.015625 0.0171875
0 0.27734375 0.26328125 0.0296875 0.04375
0 0.69375 0.36796875 0.046875 0.0453125
0 0.38671875 0.5328125 0.0265625 0.028125
0 0.26953125 0.76328125 0.0515625 0.0515625
0 0.50625 0.228125 0.115625 0.09375
0 0.06015625 0.33046875 0.046875 0.0296875
0 0.5046875 0.7546875 0.078125 0.1203125
0 0.32421875 0.36171875 0.03125 0.0484375
0 0.553125 0.69296875 0.0203125 0.0203125
0 0.8203125 0.178125 0.059375 0.040625
0 0.821875 0.74140625 0.01875 0.0203125
0 0.77421875 0.2765625 0.0796875 0.0421875
0 0.85 0.21328125 0.0390625 0.0359375
0 0.68046875 0.5546875 0.0546875 0.0734375
0 0.3734375 0.4953125 0.021875 0.021875
0 0.4328125 0.14921875 0.0234375 0.0375
0 0.990625 0.3671875 0.01875 0.0203125
0 0.2671875 0.42109375 0.034375 0.0375
0 0.15234375 0.83203125 0.0375 0.0296875
0 0.90390625 0.2390625 0.0921875 0.0546875
0 0.015625 0.60859375 0.03125 0.1109375
0 0.246875 0.61484375 0.0296875 0.0234375
1 0.440625 0.4703125 0.0578125 0.1078125
0 0.08828125 0.4640625 0.0765625 0.0640625
0 0.3765625 0.5765625 0.025 0.0203125
0 0.7671875 0.17265625 0.0234375 0.0296875
0 0.72109375 0.56796875 0.028125 0.028125
0 0.62890625 0.67265625 0.03125 0.0296875
0 0.09453125 0.834375 0.028125 0.0296875
0 0.64375 0.53203125 0.015625 0.0203125
0 0.9765625 0.25078125 0.0453125 0.1296875
0 0.45390625 0.31796875 0.0140625 0.0140625
0 0.378125 0.41953125 0.028125 0.0296875
0 0.3421875 0.6046875 0.021875 0.0203125
0 0.74609375 0.33671875 0.053125 0.0734375
0 0.753125 0.2 0.021875 0.025
0 0.59375 0.571875 0.0234375 0.0328125
0 0.67109375 0.60234375 0.015625 0.01875
0 0.76484375 0.5203125 0.0203125 0.0203125
0 0.98046875 0.4734375 0.0390625 0.0734375
0 0.57109375 0.2890625 0.0390625 0.0296875
0 0.528125 0.2984375 0.028125 0.028125
0 0.60703125 0.7015625 0.025 0.034375
0 0.16328125 0.55546875 0.0484375 0.0390625
0 0.053125 0.12265625 0.065625 0.090625
0 0.14375 0.50390625 0.040625 0.04375
0 0.31171875 0.7140625 0.0546875 0.0375
0 0.49765625 0.33515625 0.059375 0.0625
0 0.25234375 0.303125 0.040625 0.0296875
0 0.428125 0.32265625 0.0328125 0.0359375
0 0.70390625 0.22578125 0.034375 0.0375
0 0.853125 0.45078125 0.034375 0.028125
0 0.83203125 0.28828125 0.05 0.0578125
0 0.428125 0.484375 0.03125 0.0265625
0 0.13046875 0.6796875 0.05625 0.0796875
0 0.965625 0.00859375 0.0296875 0.0171875
0 0.5765625 0.54453125 0.0203125 0.0234375
0 0.390625 0.475 0.0296875 0.0234375
0 0.2 0.359375 0.0609375 0.0796875
0 0.86640625 0.36796875 0.0359375 0.0328125
0 0.36484375 0.646875 0.046875 0.0984375
0 0.521875 0.1328125 0.034375 0.034375
0 0.10078125 0.3671875 0.0546875 0.0796875
0 0.5109375 0.08359375 0.053125 0.059375
1 0.4859375 0.44296875 0.0703125 0.09375
0 0.284375 0.6640625 0.0453125 0.053125
0 0.0046875 0.02890625 0.009375 0.040625
0 0.678125 0.303125 0.03125 0.03125
0 0.91796875 0.31953125 0.03125 0.0296875
0 0.66953125 0.63046875 0.025 0.025
0 0.1859375 0.6125 0.040625 0.0234375
0 0.584375 0.4140625 0.015625 0.021875
0 0.63671875 0.38203125 0.01875 0.0234375
0 0.5765625 0.59609375 0.0203125 0.0296875
0 0.60546875 0.453125 0.053125 0.0484375
0 0.11875 0.56875 0.0359375 0.0359375
0 0.36796875 0.71796875 0.015625 0.015625
0 0.34765625 0.45078125 0.059375 0.0453125
0 0.090625 0.71953125 0.0421875 0.04375
0 0.3359375 0.59375 0.0203125 0.0265625
0 0.175 0.14921875 0.096875 0.0734375
0 0.796875 0.0421875 0.0484375 0.0671875
0 0.7421875 0.54375 0.0296875 0.0390625
0 0.421875 0.38984375 0.0234375 0.0375
0 0.34765625 0.75390625 0.015625 0.0125
0 0.40234375 0.39609375 0.01875 0.0203125
0 0.91171875 0.275 0.040625 0.0359375
0 0.2984375 0.61875 0.028125 0.0359375
0 0.365625 0.534375 0.0234375 0.0296875
0 0.80078125 0.46015625 0.1046875 0.1125
0 0.7234375 0.23984375 0.03125 0.03125
0 0.5984375 0.74765625 0.03125 0.0328125
0 0.64453125 0.784375 0.034375 0.034375
0 0.034375 0.40546875 0.0375 0.0390625
0 0.190625 0.48203125 0.084375 0.1359375
0 0.55625 0.175 0.015625 0.0203125
0 0.26484375 0.55390625 0.109375 0.0859375
0 0.53515625 0.34609375 0.0328125 0.0625
0 0.434375 0.50390625 0.0203125 0.0203125
0 0.625 0.5484375 0.021875 0.0203125
0 0.9609375 0.165625 0.078125 0.109375
0 0.6015625 0.38828125 0.0171875 0.015625
0 0.9765625 0.7234375 0.046875 0.1125
0 0.890625 0.778125 0.14375 0.1078125
0 0.621875 0.4296875 0.01875 0.021875
0 0.825 0.0765625 0.0359375 0.0390625
0 0.65546875 0.3765625 0.0203125 0.0296875
0 0.62421875 0.57109375 0.0234375 0.0234375
0 0.96953125 0.803125 0.053125 0.05625
0 0.915625 0.0109375 0.03125 0.021875
0 0.57734375 0.5078125 0.01875 0.01875
0 0.2171875 0.27265625 0.040625 0.034375
0 0.428125 0.2375 0.046875 0.0609375
0 0.321875 0.66953125 0.0328125 0.0640625
0 0.709375 0.81484375 0.0140625 0.0140625
0 0.6125 0.528125 0.015625 0.0203125
0 0.3140625 0.75390625 0.028125 0.021875
0 0.03046875 0.80625 0.021875 0.015625
0 0.2625 0.3328125 0.028125 0.03125
0 0.684375 0.8078125 0.0203125 0.0203125
0 0.58984375 0.64609375 0.015625 0.0203125
0 0.91484375 0.103125 0.0796875 0.0796875
0 0.6984375 0.62265625 0.025 0.0234375
0 0.2328125 0.51875 0.0125 0.015625
0 0.059375 0.6140625 0.0359375 0.028125
0 0.29296875 0.44921875 0.0390625 0.0296875
0 0.36953125 0.11015625 0.059375 0.0890625
0 0.4515625 0.38828125 0.028125 0.0390625
0 0.4265625 0.409375 0.0328125 0.03125
0 0.33046875 0.49921875 0.059375 0.0390625
0 0.27109375 0.465625 0.0328125 0.0171875
0 0.271875 0.61484375 0.0234375 0.01875
0 0.196875 0.6421875 0.0296875 0.028125
0 0.74765625 0.596875 0.025 0.065625
1 0.365625 0.38125 0.2578125 0.1890625
1 0.88359375 0.28984375 0.1546875 0.1453125
0 0.740625 0.49609375 0.028125 0.0171875
0 0.9875 0.40234375 0.025 0.0265625
0 0.14375 0.58671875 0.025 0.0234375