0 0.0046875 0.771875 0.009375 0.0375
0 0.64140625 0.45390625 0.046875 0.0328125
0 0.71796875 0.621875 0.034375 0.021875
0 0.6625 0.53046875 0.0328125 0.0234375
0 0.04453125 0.51796875 0.0375 0.0203125
0 0.1890625 0.2421875 0.015625 0.021875
0 0.36953125 0.20078125 0.0140625 0.01875
0 0.38828125 0.26015625 0.075 0.0859375
0 0.95625 0.9078125 0.040625 0.03125
0 0.02734375 0.74375 0.0234375 0.0140625
0 0.63984375 0.27734375 0.0625 0.053125
0 0.71328125 0.79140625 0.040625 0.03125
0 0.05859375 0.821875 0.021875 0.01875
0 0.709375 0.03359375 0.0265625 0.0203125
0 0.20703125 0.18359375 0.0359375 0.0375
0 0.053125 0.5953125 0.028125 0.0203125
1 0.80078125 0.58125 0.1578125 0.1015625
0 0.640625 0.4953125 0.0578125 0.0578125
0 0.07578125 0.60859375 0.0234375 0.01875
0 0.2625 0.66015625 0.0453125 0.0375
0 0.0609375 0.54375 0.03125 0.015625
0 0.08359375 0.55546875 0.021875 0.015625
0 0.31640625 0.4453125 0.0453125 0.03125
0 0.18203125 0.4703125 0.028125 0.025
0 0.559375 0.4796875 0.046875 0.034375
0 0.02421875 0.62734375 0.034375 0.0203125
0 0.859375 0.0875 0.0875 0.075
0 0.47734375 0.22265625 0.040625 0.0296875
0 0.25 0.7 0.01875 0.0171875
0 0.38984375 0.1609375 0.0234375 0.0140625
0 0.44296875 0.30546875 0.0171875 0.0109375
0 0.159375 0.4265625 0.028125 0.021875
0 0.36796875 0.64140625 0.0265625 0.0171875
1 0.7453125 0.49921875 0.090625 0.0640625
0 0.85390625 0.19765625 0.0859375 0.0515625
0 0.71171875 0.14453125 0.0953125 0.1640625
0 0.3625 0.41640625 0.053125 0.0515625
0 0.8453125 0.7140625 0.04375 0.0390625
0 0.10078125 0.51015625 0.0328125 0.04375
0 0.50078125 0.3671875 0.0875 0.1171875
0 0.50234375 0.53046875 0.0234375 0.0171875
0 0.7578125 0.890625 0.0375 0.028125
0 0.43828125 0.43359375 0.0546875 0.0921875
0 0.49140625 0.55078125 0.028125 0.0265625
0 0.0109375 0.6453125 0.021875 0.01875
0 0.99453125 0.353125 0.0109375 0.021875
0 0.209375 0.57109375 0.021875 0.01875
0 0.92734375 0.1 0.059375 0.0421875
0 0.19609375 0.5203125 0.025 0.0296875
0 0.6171875 0.71171875 0.0375 0.0296875
0 0.1109375 0.5546875 0.0140625 0.0109375
0 0.415625 0.88046875 0.0375 0.040625
0 0.95859375 0.31328125 0.0734375 0.046875
0 0.1015625 0.75703125 0.0203125 0.015625
0 0.34921875 0.66015625 0.0265625 0.0265625
0 0.70078125 0.5875 0.0328125 0.0328125
0 0.1203125 0.74609375 0.0234375 0.0296875
0 0.6953125 0.225 0.015625 0.0140625
0 0.4984375 0.5828125 0.053125 0.0328125
0 0.3734375 0.67578125 0.0390625 0.0453125
0 0.69140625 0.76640625 0.0359375 0.0234375
0 0.19140625 0.60703125 0.025 0.0171875
0 0.56953125 0.5953125 0.0390625 0.0203125
0 0.678125 0.4953125 0.04375 0.034375
0 0.3265625 0.321875 0.0390625 0.0296875
0 0.5484375 0.10390625 0.0421875 0.0359375
0 0.09375 0.6828125 0.015625 0.0140625
0 0.31640625 0.41484375 0.0171875 0.015625
0 0.60546875 0.6203125 0.0421875 0.028125
0 0.6296875 0.39296875 0.0578125 0.0453125
0 0.95078125 0.43515625 0.03125 0.0203125
0 0.00625 0.25234375 0.0125 0.03125
0 0.646875 0.76796875 0.01875 0.0140625
0 0.43046875 0.49296875 0.059375 0.0265625
0 0.221875 0.60234375 0.0265625 0.0234375
0 0.965625 0.2015625 0.0296875 0.021875
0 0.05 0.8046875 0.025 0.015625
0 0.48203125 0.42421875 0.0203125 0.0171875
0 0.33671875 0.625 0.04375 0.0375
0 0.55234375 0.43203125 0.0328125 0.021875
0 0.16875 0.5046875 0.04375 0.05
0 0.084375 0.53359375 0.015625 0.0140625
0 0.22265625 0.2265625 0.0375 0.0296875
0 0.2875 0.7109375 0.05 0.0578125
0 0.4203125 0.29375 0.0234375 0.01875
0 0.0140625 0.546875 0.028125 0.0234375
0 0.415625 0.38359375 0.046875 0.0296875
0 0.11484375 0.39609375 0.0484375 0.059375
0 0.31953125 0.73828125 0.0203125 0.015625
0 0.37421875 0.82734375 0.01875 0.0125
0 0.00546875 0.85390625 0.0109375 0.0125
0 0.8921875 0.7484375 0.0265625 0.034375
0 0.684375 0.303125 0.0375 0.034375
0 0.546875 0.53046875 0.08125 0.05
0 0.53046875 0.28984375 0.0203125 0.01875
0 0.66875 0.57109375 0.034375 0.040625
0 0.10234375 0.87734375 0.021875 0.0171875
0 0.671875 0.36640625 0.0453125 0.034375
0 0.31875 0.25625 0.0375 0.0296875
0 0.02578125 0.4734375 0.0515625 0.071875
0 0.15 0.39375 0.03125 0.021875
0 0.20703125 0.3921875 0.059375 0.0375
0 0.009375 0.596875 0.01875 0.021875
0 0.6515625 0.665625 0.03125 0.0265625
0 0.30390625 0.825 0.090625 0.1109375
0 0.0796875 0.49609375 0.0359375 0.0375
0 0.384375 0.45625 0.0484375 0.0328125
0 0.5109375 0.47421875 0.025 0.021875
0 0.584375 0.78359375 0.053125 0.0484375
0 0.20078125 0.43046875 0.0390625 0.0359375
0 0.70625 0.42890625 0.0171875 0.0140625
0 0.39453125 0.84765625 0.0171875 0.015625
0 0.16796875 0.57734375 0.071875 0.08125
0 0.759375 0.68046875 0.084375 0.021875
0 0.13515625 0.45703125 0.0328125 0.0359375
0 0.3640625 0.4875 0.0390625 0.03125
0 0.2359375 0.4765625 0.0390625 0.0265625
0 0.8875 0.52578125 0.1 0.0375
0 0.3 0.62734375 0.0140625 0.0125
0 0.5046875 0.27578125 0.0234375 0.021875
0 0.06015625 0.6828125 0.0296875 0.01875
0 0.57734375 0.71328125 0.04375 0.0421875
0 0.8109375 0.70078125 0.046875 0.015625
1 0.965625 0.50234375 0.06875 0.1140625
0 0.97890625 0.29296875 0.0421875 0.053125
0 0.690625 0.66328125 0.040625 0.0234375
0 0.6265625 0.51953125 0.03125 0.034375
0 0.56796875 0.23984375 0.0421875 0.03125
0 0.428125 0.5375 0.0703125 0.053125
0 0.58359375 0.63828125 0.0328125 0.0359375
0 0.96875 0.13359375 0.059375 0.0734375
0 0.14296875 0.7046875 0.0375 0.04375
0 0.49375 0.49609375 0.0296875 0.0171875
0 0.40390625 0.3109375 0.028125 0.015625
0 0.309375 0.55703125 0.0828125 0.1109375
0 0.86953125 0.23359375 0.0453125 0.0328125
0 0.371875 0.6078125 0.0421875 0.046875
0 0.265625 0.6328125 0.0171875 0.0125
0 0.19140625 0.7765625 0.0203125 0.0109375
0 0.2234375 0.7453125 0.01875 0.0109375
0 0.12421875 0.80859375 0.0234375 0.015625
1 0.09375 0.828125 0.0515625 0.04375
1 0.015625 0.58828125 0.03125 0.0265625
0 0.040625 0.3671875 0.075 0.121875
0 0.05234375 0.2953125 0.0203125 0.0234375
0 0.51171875 0.15234375 0.028125 0.01875
0 0.5109375 0.13671875 0.025 0.015625
0 0.615625 0.196875 0.0296875 0.0140625
1 0.63125 0.14609375 0.0984375 0.1421875
0 0.76484375 0.30859375 0.0328125 0.0109375
1 0.790625 0.28671875 0.1015625 0.06875
1 0.734375 0.2703125 0.0578125 0.0953125
1 0.8890625 0.3078125 0.221875 0.284375
1 0.91015625 0.70234375 0.1 0.0859375
0 0.540625 0.684375 0.015625 0.0234375
1 0.6421875 0.61328125 0.0671875 0.075
0 0.55859375 0.34296875 0.065625 0.090625
0 0.15078125 0.36015625 0.053125 0.0265625
0 0.26484375 0.35625 0.0484375 0.034375
0 0.240625 0.3375 0.1234375 0.084375
1 0.1734375 0.74609375 0.1671875 0.1453125