0 0.22734375 0.5140625 0.0296875 0.0296875
0 0.62890625 0.5328125 0.0671875 0.0828125
0 0.3265625 0.58125 0.040625 0.0546875
0 0.54296875 0.5265625 0.03125 0.028125
0 0.8875 0.0140625 0.090625 0.028125
0 0.3125 0.76640625 0.03125 0.0421875
0 0.284375 0.3046875 0.0359375 0.0375
0 0.62890625 0.7015625 0.0390625 0.034375
0 0.0265625 0.803125 0.0171875 0.0140625
0 0.8390625 0.20234375 0.0640625 0.0609375
0 0.9265625 0.76328125 0.0296875 0.021875
0 0.77578125 0.55859375 0.11875 0.1421875
0 0.865625 0.115625 0.0390625 0.046875
0 0.24609375 0.53359375 0.03125 0.028125
0 0.66484375 0.90625 0.0375 0.028125
0 0.95078125 0.678125 0.0328125 0.025
0 0.67890625 0.79296875 0.028125 0.021875
0 0.58359375 0.42421875 0.05 0.0375
0 0.4265625 0.20390625 0.0703125 0.0859375
0 0.55546875 0.44609375 0.0140625 0.0109375
0 0.346875 0.42890625 0.028125 0.03125
0 0.9171875 0.7390625 0.021875 0.015625
0 0.85234375 0.0453125 0.090625 0.0609375
0 0.884375 0.37734375 0.0375 0.0390625
0 0.421875 0.59140625 0.08125 0.05
0 0.6 0.70625 0.0390625 0.034375
0 0.6984375 0.45703125 0.0640625 0.0609375
0 0.515625 0.5453125 0.0328125 0.0296875
0 0.58203125 0.89921875 0.090625 0.0546875
0 0.63125 0.83984375 0.040625 0.021875
0 0.6578125 0.3703125 0.059375 0.075
0 0.57578125 0.69296875 0.0203125 0.015625
0 0.584375 0.20859375 0.153125 0.1515625
0 0.77265625 0.740625 0.0265625 0.0203125
0 0.51328125 0.83203125 0.0234375 0.021875
0 0.37421875 0.528125 0.06875 0.046875
0 0.31953125 0.62734375 0.0390625 0.0515625
0 0.9359375 0.7328125 0.025 0.01875
0 0.646875 0.13125 0.0828125 0.075
0 0.76484375 0.34140625 0.0375 0.0390625
0 0.25546875 0.5984375 0.025 0.0234375
1 0.90234375 0.55703125 0.1953125 0.171875
0 0.96015625 0.8359375 0.0734375 0.103125
0 0.8890625 0.8390625 0.021875 0.025
0 0.94609375 0.08515625 0.1078125 0.1
1 0.115625 0.4859375 0.171875 0.1671875
0 0.553125 0.3671875 0.0515625 0.0703125
0 0.73359375 0.24375 0.0390625 0.0421875
0 0.434375 0.36796875 0.103125 0.115625
0 0.49375 0.221875 0.034375 0.0421875
0 0.38125 0.34296875 0.040625 0.034375
0 0.178125 0.25390625 0.065625 0.0609375
0 0.33515625 0.54296875 0.0203125 0.0234375
0 0.5890625 0.740625 0.01875 0.015625
0 0.30546875 0.35703125 0.028125 0.03125
0 0.0640625 0.509375 0.0296875 0.0265625
0 0.9359375 0.6484375 0.034375 0.0515625
0 0.96875 0.73203125 0.046875 0.04375
0 0.015625 0.534375 0.01875 0.015625
0 0.7875 0.4671875 0.059375 0.0921875
0 0.68671875 0.53125 0.0453125 0.0765625
0 0.46953125 0.12109375 0.0609375 0.115625
0 0.46796875 0.4953125 0.034375 0.0296875
0 0.95625 0.33359375 0.0171875 0.028125
0 0.80859375 0.49375 0.034375 0.04375
0 0.590625 0.56640625 0.0234375 0.021875
0 0.4671875 0.45234375 0.04375 0.034375
0 0.54921875 0.61953125 0.046875 0.0453125
0 0.68203125 0.65703125 0.053125 0.03125
0 0.7671875 0.86875 0.0546875 0.0453125
0 0.90703125 0.871875 0.0421875 0.05625
0 0.9546875 0.57421875 0.0484375 0.0453125
0 0.50234375 0.32109375 0.046875 0.06875
0 0.84609375 0.696875 0.0703125 0.0671875
0 0.5046875 0.61640625 0.0515625 0.046875
0 0.1515625 0.6109375 0.134375 0.0515625
0 0.3421875 0.4859375 0.03125 0.034375
0 0.26640625 0.4609375 0.05 0.0375
0 0.2953125 0.41796875 0.0515625 0.0421875
0 0.9578125 0.46796875 0.0734375 0.0671875
0 0.234375 0.55234375 0.034375 0.03125
0 0.30859375 0.8046875 0.0421875 0.028125
0 0.16640625 0.34296875 0.0140625 0.0140625
0 0.025 0.60390625 0.0203125 0.0171875
0 0.9046875 0.6953125 0.08125 0.059375
0 0.05390625 0.9046875 0.0203125 0.0109375
0 0.5046875 0.40703125 0.0375 0.03125
0 0.9921875 0.775 0.009375 0.0125
0 0.3421875 0.64453125 0.021875 0.0203125
0 0.90078125 0.7765625 0.0296875 0.0203125
0 0.053125 0.88046875 0.021875 0.0140625
0 0.96796875 0.25234375 0.0390625 0.0390625
0 0.00703125 0.7078125 0.0140625 0.034375
0 0.62734375 0.74453125 0.040625 0.040625
0 0.2234375 0.828125 0.025 0.0140625
0 0.9703125 0.16015625 0.059375 0.05625
0 0.98203125 0.58125 0.0359375 0.0421875
0 0.2984375 0.2796875 0.0203125 0.028125
0 0.290625 0.509375 0.0375 0.0296875
0 0.590625 0.6296875 0.03125 0.034375
0 0.546875 0.48828125 0.0203125 0.0234375
0 0.415625 0.89453125 0.0171875 0.0140625
0 0.07421875 0.6875 0.0359375 0.025
0 0.0484375 0.71015625 0.040625 0.0234375
0 0.16015625 0.8453125 0.025 0.009375
0 0.23828125 0.8765625 0.0234375 0.0078125
1 0.125 0.86171875 0.25 0.134375
1 0.1390625 0.86796875 0.278125 0.16875
0 0.334375 0.5125 0.0203125 0.021875
0 0.4390625 0.634375 0.015625 0.0328125
0 0.953125 0.70390625 0.021875 0.0109375
0 0.86796875 0.79921875 0.015625 0.0109375
0 0.88515625 0.6078125 0.0328125 0.015625
0 0.9390625 0.578125 0.0109375 0.0171875
0 0.903125 0.62109375 0.0125 0.0109375
0 0.9921875 0.6109375 0.015625 0.0421875
1 0.37109375 0.55 0.184375 0.2328125
1 0.63984375 0.5234375 0.1234375 0.1234375