0 0.0875 0.56328125 0.0609375 0.1140625
0 0.54765625 0.63046875 0.0984375 0.04375
0 0.8328125 0.52421875 0.065625 0.071875
0 0.1046875 0.26640625 0.190625 0.1328125
0 0.9890625 0.1265625 0.021875 0.090625
0 0.97734375 0.0296875 0.0375 0.059375
0 0.50625 0.88125 0.0484375 0.071875
0 0.1328125 0.3609375 0.0796875 0.0390625
0 0.184375 0.27890625 0.0234375 0.03125
0 0.91796875 0.17421875 0.0453125 0.0390625
0 0.884375 0.56484375 0.071875 0.034375
0 0.73984375 0.02421875 0.0953125 0.0484375
0 0.62421875 0.01015625 0.08125 0.0203125
0 0.17421875 0.1703125 0.0265625 0.0203125
0 0.5859375 0.31640625 0.0953125 0.0625
0 0.55 0.85703125 0.0421875 0.0421875
0 0.60234375 0.1546875 0.134375 0.1453125
0 0.6984375 0.30390625 0.1171875 0.08125
0 0.2171875 0.38515625 0.040625 0.0609375
0 0.9875 0.0703125 0.0203125 0.0265625
1 0.40234375 0.50703125 0.190625 0.1953125
0 0.12734375 0.04921875 0.0796875 0.0875
0 0.13828125 0.921875 0.153125 0.15625
0 0.684375 0.628125 0.0671875 0.071875
0 0.97421875 0.9734375 0.0515625 0.053125
0 0.43359375 0.76015625 0.0375 0.065625
0 0.503125 0.565625 0.0484375 0.0359375
0 0.95625 0.71640625 0.0875 0.0546875
0 0.66484375 0.9171875 0.2765625 0.1640625
0 0.51796875 0.053125 0.0671875 0.0453125
0 0.0578125 0.38671875 0.1125 0.121875
0 0.13828125 0.484375 0.065625 0.0609375
0 0.975 0.58671875 0.05 0.08125
0 0.0453125 0.48984375 0.0546875 0.0734375
0 0.40234375 0.17578125 0.071875 0.0546875
0 0.31640625 0.9015625 0.13125 0.1265625
0 0.6234375 0.03828125 0.0828125 0.04375
0 0.07265625 0.0390625 0.1015625 0.078125
0 0.46953125 0.81875 0.0421875 0.0734375
0 0.41953125 0.390625 0.1140625 0.1015625
0 0.08359375 0.82578125 0.1671875 0.1890625
0 0.840625 0.35859375 0.103125 0.0671875
0 0.62890625 0.571875 0.0484375 0.08125
0 0.84140625 0.8078125 0.3171875 0.2265625
0 0.97734375 0.53046875 0.04375 0.0359375
0 0.346875 0.3140625 0.1890625 0.1546875
0 0.2859375 0.165625 0.0671875 0.053125
0 0.91640625 0.99140625 0.0703125 0.015625
0 0.91484375 0.1328125 0.046875 0.0453125
0 0.93984375 0.2875 0.04375 0.0296875
0 0.846875 0.63125 0.1359375 0.1046875
0 0.484375 0.728125 0.046875 0.03125
0 0.54921875 0.2375 0.0328125 0.03125
0 0.65625 0.2765625 0.09375 0.0625
0 0.56875 0.46875 0.134375 0.1453125
0 0.50234375 0.21328125 0.0453125 0.0671875
0 0.0578125 0.95546875 0.0203125 0.0203125
0 0.859375 0.01328125 0.16875 0.025
0 0.4609375 0.24921875 0.0390625 0.0609375
0 0.4921875 0.1578125 0.0609375 0.05
0 0.32109375 0.059375 0.178125 0.11875
0 0.4328125 0.56484375 0.046875 0.034375
0 0.03125 0.1453125 0.0546875 0.065625
1 0.80859375 0.12421875 0.2890625 0.1890625
0 0.3015625 0.99296875 0.046875 0.0140625
0 0.4484375 0.31640625 0.034375 0.0328125
0 0.7796875 0.51015625 0.0375 0.0265625
0 0.47578125 0.2953125 0.0484375 0.0421875
0 0.8453125 0.18125 0.11875 0.078125
0 0.69375 0.52578125 0.1015625 0.0734375
0 0.16171875 0.64296875 0.028125 0.0421875
0 0.021875 0.559375 0.03125 0.103125
0 0.0046875 0.59140625 0.009375 0.0625
0 0.0046875 0.48125 0.009375 0.0796875