0 0.5625 0.28125 0.0140625 0.015625
0 0.9078125 0.4390625 0.0203125 0.0171875
0 0.978125 0.47734375 0.0234375 0.0234375
0 0.23828125 0.16875 0.0734375 0.071875
0 0.85390625 0.30078125 0.0375 0.034375
0 0.2703125 0.26640625 0.034375 0.034375
0 0.97890625 0.4296875 0.021875 0.0234375
0 0.41015625 0.3796875 0.0828125 0.090625
0 0.7828125 0.31171875 0.0515625 0.078125
0 0.84609375 0.4578125 0.025 0.046875
0 0.02734375 0.27421875 0.053125 0.046875
0 0.94453125 0.278125 0.025 0.0203125
0 0.153125 0.584375 0.0328125 0.03125
0 0.95625 0.45 0.028125 0.021875
0 0.9609375 0.496875 0.025 0.0234375
0 0.928125 0.51953125 0.0140625 0.015625
0 0.809375 0.415625 0.0109375 0.0125
0 0.81875 0.50078125 0.01875 0.0125
0 0.428125 0.33984375 0.0171875 0.015625
0 0.01328125 0.35625 0.0265625 0.021875
0 0.0609375 0.0625 0.0671875 0.05
0 0.940625 0.37578125 0.0265625 0.021875
0 0.3 0.2609375 0.03125 0.028125
0 0.98203125 0.70234375 0.0140625 0.015625
0 0.97578125 0.284375 0.021875 0.0203125
0 0.93046875 0.6703125 0.0171875 0.01875
0 0.7140625 0.33828125 0.05 0.0734375
0 0.42109375 0.271875 0.0703125 0.071875
0 0.28046875 0.109375 0.0703125 0.0703125
0 0.46953125 0.0734375 0.084375 0.0671875
0 0.909375 0.6140625 0.0265625 0.0359375
0 0.1953125 0.35703125 0.0265625 0.0203125
0 0.13125 0.1765625 0.1265625 0.071875
0 0.68046875 0.37734375 0.015625 0.015625
0 0.234375 0.5640625 0.10625 0.109375
0 0.36171875 0.48984375 0.0296875 0.0234375
0 0.97421875 0.39375 0.0375 0.025
0 0.67421875 0.59296875 0.0375 0.028125
0 0.13515625 0.42265625 0.0296875 0.0203125
0 0.03984375 0.4484375 0.078125 0.0921875
0 0.8921875 0.640625 0.0265625 0.03125
0 0.98125 0.62734375 0.0125 0.015625
0 0.46875 0.2765625 0.0375 0.0390625
0 0.80546875 0.66796875 0.0296875 0.0265625
0 0.70234375 0.39453125 0.0125 0.0171875
0 0.80859375 0.340625 0.0171875 0.0203125
0 0.940625 0.47109375 0.0234375 0.0203125
0 0.73828125 0.3921875 0.034375 0.0515625
0 0.8515625 0.425 0.028125 0.034375
0 0.828125 0.2390625 0.034375 0.0390625
0 0.753125 0.34375 0.028125 0.0296875
0 0.8828125 0.325 0.05 0.0671875
0 0.95625 0.325 0.0234375 0.0203125
0 0.3078125 0.18203125 0.0703125 0.071875
0 0.88984375 0.665625 0.0125 0.015625
0 0.10078125 0.115625 0.0546875 0.040625
0 0.3796875 0.0390625 0.0703125 0.0640625
0 0.9375 0.55234375 0.0421875 0.0515625
0 0.20234375 0.071875 0.0546875 0.05
0 0.121875 0.246875 0.1359375 0.096875
0 0.86953125 0.40625 0.0390625 0.0421875
0 0.246875 0.484375 0.034375 0.0515625
0 0.78828125 0.49375 0.0203125 0.01875
0 0.72265625 0.421875 0.0328125 0.034375
0 0.98203125 0.67578125 0.0203125 0.0203125
0 0.42421875 0.203125 0.028125 0.0265625
0 0.06484375 0.28984375 0.01875 0.01875
0 0.909375 0.671875 0.021875 0.021875
0 0.30703125 0.584375 0.021875 0.0203125
0 0.9296875 0.59453125 0.0171875 0.0171875
0 0.10546875 0.54609375 0.0671875 0.0515625
0 0.91796875 0.45546875 0.0171875 0.015625
0 0.978125 0.35078125 0.021875 0.0234375
0 0.8234375 0.4421875 0.028125 0.0484375
0 0.82890625 0.6953125 0.025 0.03125
0 0.928125 0.49609375 0.021875 0.021875
0 0.45703125 0.346875 0.034375 0.0234375
0 0.865625 0.25625 0.0390625 0.0484375
0 0.02734375 0.53046875 0.028125 0.0203125
0 0.9953125 0.46484375 0.009375 0.0390625
0 0.52890625 0.3046875 0.015625 0.015625
0 0.95859375 0.40703125 0.028125 0.01875
0 0.77109375 0.38125 0.028125 0.021875
0 0.9921875 0.64609375 0.015625 0.025
0 0.9796875 0.55078125 0.0140625 0.0125
0 0.2328125 0.36328125 0.0296875 0.0234375
0 0.51875 0.36640625 0.0484375 0.065625
0 0.659375 0.346875 0.0140625 0.0140625
0 0.4625 0.3140625 0.0453125 0.03125
0 0.3765625 0.19765625 0.0703125 0.09375
0 0.9953125 0.5046875 0.0078125 0.0375
0 0.9859375 0.37109375 0.021875 0.021875
0 0.9140625 0.2765625 0.0359375 0.028125
0 0.76328125 0.51875 0.0171875 0.0203125
0 0.77734375 0.5140625 0.0203125 0.021875
0 0.8046875 0.69453125 0.0265625 0.028125
0 0.9296875 0.70078125 0.0265625 0.025
0 0.95078125 0.7 0.025 0.0328125
0 0.940625 0.4359375 0.021875 0.025
0 0.8453125 0.384375 0.0171875 0.0234375
0 0.859375 0.375 0.021875 0.0203125
0 0.8171875 0.37421875 0.01875 0.0203125
0 0.3109375 0.6140625 0.03125 0.040625
1 0.53203125 0.6390625 0.5 0.1375
0 0.78671875 0.684375 0.009375 0.021875
0 0.99609375 0.628125 0.0078125 0.0109375