0 0.675 0.609375 0.1296875 0.0859375
0 0.07578125 0.3140625 0.06875 0.0703125
0 0.5625 0.23125 0.0671875 0.04375
0 0.9328125 0.80546875 0.01875 0.0140625
0 0.5546875 0.11328125 0.090625 0.109375
0 0.34765625 0.725 0.0234375 0.025
0 0.909375 0.5109375 0.05 0.071875
0 0.60625 0.55 0.0546875 0.103125
0 0.321875 0.5765625 0.0296875 0.028125
0 0.7828125 0.490625 0.1046875 0.1375
0 0.721875 0.44375 0.0609375 0.059375
0 0.45546875 0.68046875 0.0265625 0.0234375
0 0.878125 0.73828125 0.0171875 0.0125
0 0.10859375 0.13359375 0.0671875 0.0734375
0 0.44140625 0.8984375 0.028125 0.0421875
0 0.25703125 0.46015625 0.059375 0.06875
0 0.94296875 0.746875 0.034375 0.034375
0 0.30078125 0.603125 0.04375 0.0359375
0 0.5078125 0.59140625 0.0765625 0.0609375
0 0.51640625 0.746875 0.03125 0.021875
0 0.50546875 0.6390625 0.0859375 0.053125
0 0.32265625 0.92890625 0.0765625 0.0609375
0 0.990625 0.875 0.015625 0.021875
0 0.61640625 0.74453125 0.0265625 0.025
0 0.21328125 0.13359375 0.0734375 0.0640625
0 0.64375 0.55703125 0.0234375 0.021875
0 0.26875 0.70625 0.059375 0.065625
0 0.759375 0.3203125 0.0484375 0.059375
0 0.36484375 0.671875 0.03125 0.034375
0 0.34296875 0.809375 0.1015625 0.0921875
0 0.225 0.57421875 0.0640625 0.065625
0 0.12265625 0.21015625 0.0546875 0.0484375
0 0.840625 0.33828125 0.0484375 0.04375
0 0.496875 0.30234375 0.10625 0.121875
0 0.1125 0.040625 0.1140625 0.08125
0 0.975 0.3484375 0.046875 0.0359375
0 0.509375 0.5453125 0.0578125 0.0546875
0 0.44140625 0.56171875 0.034375 0.028125
0 0.359375 0.471875 0.0703125 0.059375
0 0.2859375 0.53984375 0.0234375 0.0234375
0 0.69765625 0.825 0.0296875 0.0296875
0 0.41171875 0.925 0.0203125 0.021875
0 0.01953125 0.32421875 0.0390625 0.0953125
0 0.9875 0.7390625 0.025 0.059375
0 0.571875 0.36171875 0.034375 0.034375
0 0.7125 0.540625 0.0390625 0.04375
0 0.4140625 0.43359375 0.0921875 0.03125
0 0.38671875 0.6953125 0.021875 0.021875
0 0.46640625 0.4953125 0.03125 0.0234375
0 0.29453125 0.85390625 0.078125 0.071875
0 0.49140625 0.809375 0.025 0.021875
0 0.5875 0.6484375 0.0484375 0.0890625
0 0.89765625 0.33046875 0.0546875 0.0328125
0 0.1046875 0.62265625 0.1125 0.1171875
0 0.365625 0.53984375 0.0796875 0.059375
0 0.12734375 0.26640625 0.0375 0.05625
0 0.22421875 0.5234375 0.0484375 0.034375
0 0.409375 0.3359375 0.034375 0.0359375
0 0.44609375 0.4703125 0.025 0.0234375
0 0.0484375 0.553125 0.021875 0.034375
0 0.4640625 0.86953125 0.028125 0.0203125
0 0.21953125 0.671875 0.028125 0.0234375
0 0.3125 0.4421875 0.059375 0.040625
0 0.91171875 0.7203125 0.040625 0.0484375
0 0.1609375 0.39921875 0.08125 0.0703125
0 0.94140625 0.38984375 0.05 0.071875
0 0.09921875 0.8296875 0.1078125 0.15
0 0.25859375 0.765625 0.078125 0.059375
0 0.365625 0.62890625 0.059375 0.053125
0 0.6171875 0.81171875 0.1125 0.090625
0 0.07890625 0.41796875 0.0984375 0.084375
0 0.20390625 0.86484375 0.0296875 0.0265625
0 0.41796875 0.5390625 0.03125 0.025
0 0.665625 0.490625 0.0546875 0.059375
0 0.059375 0.50859375 0.0578125 0.053125
0 0.65234375 0.68828125 0.046875 0.0578125
0 0.8515625 0.70625 0.059375 0.0625
0 0.9234375 0.125 0.153125 0.0765625
0 0.41640625 0.58671875 0.0203125 0.0203125
0 0.18671875 0.215625 0.071875 0.0671875
0 0.9296875 0.2046875 0.065625 0.059375
0 0.16875 0.65234375 0.084375 0.0671875
0 0.2390625 0.3859375 0.03125 0.05
0 0.30078125 0.9078125 0.0234375 0.021875
0 0.9578125 0.6484375 0.0796875 0.0609375
0 0.778125 0.3953125 0.0390625 0.04375
0 0.20703125 0.35 0.05 0.0453125
0 0.4140625 0.88046875 0.021875 0.0171875
0 0.92890625 0.59765625 0.1421875 0.1328125
0 0.25703125 0.640625 0.0671875 0.065625
0 0.84453125 0.81328125 0.021875 0.015625
0 0.86171875 0.4171875 0.1234375 0.134375
0 0.521875 0.4046875 0.0421875 0.040625
0 0.8890625 0.26328125 0.1375 0.090625
0 0.240625 0.284375 0.09375 0.0703125
0 0.96328125 0.84140625 0.04375 0.0390625
0 0.43984375 0.609375 0.0328125 0.034375
0 0.52734375 0.84921875 0.021875 0.021875
0 0.5171875 0.478125 0.115625 0.115625
0 0.06328125 0.58515625 0.028125 0.0625
0 0.046875 0.59296875 0.021875 0.0328125
0 0.05703125 0.78125 0.0421875 0.0484375
0 0.40234375 0.76640625 0.065625 0.090625
1 0.36328125 0.35390625 0.2625 0.1375
1 0.7296875 0.7515625 0.246875 0.1921875
1 0.6140625 0.76484375 0.153125 0.2015625