0 0.82109375 0.25703125 0.1 0.1078125
0 0.56171875 0.46875 0.0359375 0.0375
0 0.453125 0.47265625 0.0265625 0.0515625
0 0.346875 0.31171875 0.046875 0.0625
0 0.52890625 0.56171875 0.0359375 0.04375
0 0.66875 0.46875 0.0375 0.0578125
0 0.71953125 0.33046875 0.0453125 0.0296875
0 0.659375 0.13203125 0.0390625 0.028125
0 0.86640625 0.35 0.059375 0.065625
0 0.30390625 0.24921875 0.025 0.0390625
0 0.521875 0.25078125 0.025 0.0234375
0 0.65625 0.3140625 0.0640625 0.0796875
0 0.93671875 0.365625 0.0578125 0.053125
0 0.9390625 0.6 0.05 0.0625
0 0.74765625 0.90234375 0.0234375 0.0265625
0 0.7234375 0.5515625 0.0671875 0.0421875
0 0.85078125 0.61796875 0.0234375 0.0203125
0 0.9546875 0.303125 0.059375 0.0625
0 0.61796875 0.21953125 0.0546875 0.0390625
0 0.853125 0.9453125 0.046875 0.0375
0 0.871875 0.69609375 0.025 0.015625
0 0.36015625 0.2515625 0.08125 0.06875
0 0.77265625 0.3890625 0.028125 0.021875
0 0.9 0.47734375 0.05 0.075
0 0.50390625 0.47421875 0.096875 0.134375
0 0.98203125 0.05546875 0.0359375 0.046875
0 0.409375 0.3296875 0.0828125 0.0640625
0 0.5046875 0.140625 0.09375 0.0953125
0 0.7203125 0.82265625 0.034375 0.0390625
0 0.87265625 0.078125 0.040625 0.0390625
0 0.8 0.9671875 0.0546875 0.05
0 0.26015625 0.05859375 0.0484375 0.0671875
0 0.734375 0.5921875 0.046875 0.0453125
0 0.7078125 0.08046875 0.0765625 0.053125
0 0.759375 0.4609375 0.046875 0.034375
0 0.953125 0.4203125 0.0703125 0.0640625
0 0.87890625 0.4328125 0.05625 0.0890625
0 0.89921875 0.2859375 0.0296875 0.028125
0 0.5265625 0.059375 0.3 0.11875
0 0.59609375 0.56484375 0.090625 0.08125
0 0.37578125 0.12890625 0.18125 0.2125
0 0.7390625 0.01953125 0.053125 0.0328125
0 0.709375 0.175 0.0796875 0.0859375
0 0.434375 0.24921875 0.0328125 0.021875
0 0.709375 0.290625 0.078125 0.0609375
0 0.578125 0.33125 0.1046875 0.125
0 0.77578125 0.6296875 0.04375 0.0421875
0 0.278125 0.20390625 0.040625 0.059375
0 0.784375 0.0703125 0.03125 0.0265625
0 0.6078125 0.1328125 0.0640625 0.05
0 0.70859375 0.778125 0.01875 0.021875
0 0.7703125 0.978125 0.009375 0.0140625
0 0.76328125 0.9625 0.009375 0.0140625
0 0.771875 0.9921875 0.0140625 0.0125
0 0.9578125 0.9 0.084375 0.2
0 0.83046875 0.671875 0.021875 0.025
0 0.8234375 0.60625 0.0328125 0.01875
0 0.66015625 0.41953125 0.0125 0.01875
0 0.6796875 0.41171875 0.0203125 0.01875
0 0.72578125 0.3796875 0.04375 0.046875
0 0.96953125 0.49140625 0.0171875 0.0171875
0 0.39453125 0.36640625 0.05 0.04375
0 0.43359375 0.41171875 0.0203125 0.0328125
0 0.44453125 0.4375 0.0234375 0.0359375
0 0.8859375 0.1765625 0.228125 0.2203125
0 0.79765625 0.01328125 0.0546875 0.0265625
1 0.846875 0.0203125 0.30625 0.040625
1 0.74375 0.46875 0.1796875 0.159375
1 0.9546875 0.38515625 0.090625 0.24375
1 0.88515625 0.60078125 0.1875 0.184375
1 0.86171875 0.66171875 0.1453125 0.1328125
0 0.80859375 0.7859375 0.1734375 0.265625