0 0.853125 0.77265625 0.0953125 0.075
0 0.95546875 0.42890625 0.03125 0.0375
0 0.57109375 0.64140625 0.1140625 0.1671875
0 0.075 0.21796875 0.0390625 0.0453125
0 0.721875 0.76796875 0.040625 0.0265625
0 0.9109375 0.459375 0.0453125 0.025
0 0.296875 0.24453125 0.1015625 0.0640625
0 0.9140625 0.2203125 0.1203125 0.1
0 0.8890625 0.92265625 0.028125 0.028125
0 0.66875 0.528125 0.109375 0.0953125
0 0.93046875 0.778125 0.059375 0.0734375
0 0.21015625 0.9546875 0.0546875 0.034375
0 0.78515625 0.46171875 0.0484375 0.0203125
0 0.65234375 0.84296875 0.1015625 0.084375
0 0.1140625 0.871875 0.046875 0.034375
0 0.63046875 0.9234375 0.0578125 0.0921875
0 0.8 0.7015625 0.0359375 0.0234375
0 0.70703125 0.65703125 0.034375 0.01875
0 0.7203125 0.4078125 0.09375 0.121875
1 0.89765625 0.31171875 0.2046875 0.153125
1 0.96171875 0.871875 0.0765625 0.1265625
0 0.4484375 0.2046875 0.08125 0.0578125
0 0.9125 0.8546875 0.025 0.028125
0 0.1828125 0.40625 0.275 0.2890625
0 0.98046875 0.61953125 0.0390625 0.1265625
0 0.01875 0.75859375 0.0375 0.1234375
0 0.86875 0.99296875 0.01875 0.0109375
0 0.69921875 0.63828125 0.0234375 0.01875
0 0.509375 0.83359375 0.046875 0.0296875
0 0.58203125 0.75703125 0.046875 0.0390625
0 0.89296875 0.9703125 0.0203125 0.0140625
0 0.81953125 0.54453125 0.09375 0.06875
0 0.321875 0.95390625 0.0515625 0.0328125
0 0.896875 0.890625 0.040625 0.0296875
0 0.98125 0.0109375 0.0328125 0.021875
0 0.090625 0.025 0.0484375 0.0453125
0 0.534375 0.15859375 0.0671875 0.0625
0 0.6296875 0.75859375 0.0578125 0.09375
0 0.14765625 0.228125 0.06875 0.05
0 0.92265625 0.6375 0.053125 0.096875
0 0.903125 0.50703125 0.090625 0.0609375
0 0.94609375 0.9515625 0.103125 0.0953125
0 0.9015625 0.0921875 0.1203125 0.115625
0 0.3875 0.1296875 0.103125 0.071875
0 0.04375 0.915625 0.0734375 0.0671875
0 0.6203125 0.09375 0.1953125 0.1875
0 0.93359375 0.0078125 0.0671875 0.015625
0 0.075 0.72578125 0.078125 0.05
0 0.3734375 0.75859375 0.059375 0.0578125
0 0.5953125 0.72421875 0.015625 0.0125
0 0.31875 0.0296875 0.271875 0.059375
0 0.546875 0.0984375 0.084375 0.065625
0 0.98046875 0.4828125 0.0390625 0.04375
0 0.41484375 0.790625 0.0296875 0.0234375
0 0.290625 0.82578125 0.046875 0.05625
0 0.90390625 0.18046875 0.025 0.028125
0 0.4125 0.371875 0.0703125 0.0703125
0 0.34765625 0.61953125 0.0484375 0.0578125
0 0.94609375 0.57578125 0.025 0.0234375
0 0.64296875 0.2421875 0.1546875 0.146875
0 0.3953125 0.66796875 0.0828125 0.0578125
0 0.13984375 0.73359375 0.0796875 0.0625
0 0.01796875 0.48515625 0.0359375 0.075
0 0.60859375 0.375 0.046875 0.028125
0 0.1828125 0.59140625 0.196875 0.2640625
1 0.76953125 0.64765625 0.175 0.1171875
1 0.72421875 0.634375 0.1828125 0.121875
0 0.9359375 0.46484375 0.0140625 0.021875
1 0.85703125 0.4296875 0.275 0.2203125