0 0.3828125 0.38671875 0.040625 0.040625
0 0.25078125 0.5375 0.0328125 0.025
0 0.25 0.484375 0.0265625 0.0265625
0 0.17578125 0.646875 0.040625 0.0328125
0 0.8171875 0.8046875 0.028125 0.021875
0 0.28515625 0.72578125 0.040625 0.03125
0 0.7109375 0.765625 0.0171875 0.015625
0 0.14921875 0.81796875 0.025 0.0171875
0 0.59140625 0.80703125 0.028125 0.021875
0 0.8921875 0.53828125 0.140625 0.071875
0 0.71875 0.2421875 0.06875 0.0484375
0 0.11171875 0.56171875 0.071875 0.0671875
0 0.3578125 0.646875 0.034375 0.0328125
0 0.51015625 0.53984375 0.115625 0.0984375
0 0.05234375 0.52734375 0.0328125 0.028125
0 0.109375 0.734375 0.040625 0.03125
0 0.35703125 0.47421875 0.05 0.071875
0 0.16640625 0.60703125 0.046875 0.046875
0 0.246875 0.221875 0.0625 0.0921875
0 0.30078125 0.17734375 0.04375 0.034375
0 0.29765625 0.10859375 0.03125 0.0328125
0 0.9765625 0.83203125 0.0453125 0.025
0 0.115625 0.50234375 0.0625 0.0890625
0 0.17890625 0.4203125 0.053125 0.0671875
0 0.20078125 0.81953125 0.01875 0.015625
0 0.53515625 0.67109375 0.0515625 0.04375
0 0.21328125 0.3671875 0.0296875 0.0234375
0 0.3359375 0.68671875 0.05625 0.040625
0 0.14765625 0.7875 0.0234375 0.015625
0 0.10390625 0.8453125 0.028125 0.034375
0 0.01953125 0.74921875 0.025 0.0265625
0 0.53359375 0.78046875 0.034375 0.0234375
0 0.6453125 0.53203125 0.0546875 0.046875
0 0.325 0.33671875 0.034375 0.034375
0 0.0875 0.66171875 0.021875 0.015625
0 0.03046875 0.55390625 0.0203125 0.015625
0 0.1875 0.71015625 0.0421875 0.040625
0 0.796875 0.859375 0.021875 0.0140625
0 0.20078125 0.53984375 0.0265625 0.0203125
0 0.63828125 0.42578125 0.059375 0.05
0 0.378125 0.61640625 0.04375 0.0375
0 0.19765625 0.7859375 0.0125 0.0125
0 0.9140625 0.65 0.096875 0.0765625
0 0.6109375 0.1046875 0.059375 0.0453125
0 0.06875 0.853125 0.0375 0.034375
0 0.00625 0.86328125 0.0125 0.021875
0 0.78359375 0.72421875 0.05625 0.0453125
0 0.896875 0.0578125 0.134375 0.0703125
0 0.7984375 0.26328125 0.1109375 0.103125
0 0.37578125 0.7109375 0.021875 0.01875
0 0.271875 0.68046875 0.0953125 0.0546875
0 0.13046875 0.8765625 0.0109375 0.015625
0 0.015625 0.7234375 0.028125 0.028125
0 0.0421875 0.49453125 0.0203125 0.0203125
0 0.5203125 0.75234375 0.03125 0.0265625
0 0.73671875 0.55703125 0.1 0.0578125
0 0.22421875 0.71796875 0.034375 0.021875
0 0.93359375 0.01015625 0.0859375 0.0203125
0 0.3859375 0.23671875 0.021875 0.0296875
0 0.98203125 0.865625 0.0359375 0.0265625
0 0.07578125 0.59296875 0.0234375 0.025
0 0.23984375 0.44453125 0.0265625 0.0203125
0 0.19453125 0.75703125 0.021875 0.015625
0 0.278125 0.24140625 0.03125 0.021875
0 0.0421875 0.57265625 0.0203125 0.01875
0 0.321875 0.090625 0.0234375 0.021875
0 0.309375 0.46171875 0.0421875 0.0453125
0 0.021875 0.44140625 0.040625 0.084375
0 0.87578125 0.3546875 0.1734375 0.1234375
0 0.7125 0.18828125 0.10625 0.0578125
0 0.9875 0.57578125 0.025 0.0421875
0 0.028125 0.3015625 0.0515625 0.0875
0 0.7890625 0.62265625 0.0484375 0.034375
0 0.3625 0.18125 0.034375 0.0234375
0 0.2203125 0.3078125 0.059375 0.0625
0 0.303125 0.37421875 0.04375 0.0328125
0 0.45234375 0.72109375 0.1171875 0.090625
0 0.43125 0.815625 0.0296875 0.0171875
0 0.50625 0.13125 0.0515625 0.0359375
0 0.80234375 0.58203125 0.0625 0.05
0 0.9828125 0.35078125 0.034375 0.065625
0 0.075 0.43984375 0.0109375 0.0203125
0 0.15390625 0.87578125 0.0328125 0.03125
0 0.40234375 0.03125 0.09375 0.0625
0 0.121875 0.38828125 0.040625 0.03125
0 0.03984375 0.6328125 0.0546875 0.028125
0 0.83203125 0.64140625 0.1109375 0.0890625
0 0.09609375 0.33046875 0.053125 0.059375
0 0.1921875 0.8609375 0.021875 0.015625
0 0.6609375 0.5796875 0.053125 0.0421875
0 0.540625 0.81640625 0.0203125 0.0109375
0 0.14140625 0.73203125 0.0234375 0.015625
0 0.73203125 0.43046875 0.053125 0.0578125
0 0.20703125 0.50703125 0.05 0.0609375
0 0.23203125 0.58046875 0.0203125 0.0234375
0 0.2078125 0.5625 0.021875 0.0203125
0 0.71640625 0.37890625 0.053125 0.0515625
0 0.14296875 0.4625 0.0640625 0.103125
0 0.98515625 0.75859375 0.0296875 0.028125
0 0.0828125 0.74609375 0.0234375 0.021875
0 0.0921875 0.60859375 0.040625 0.0375
0 0.690625 0.0171875 0.0578125 0.034375
0 0.19921875 0.734375 0.0265625 0.0125
0 0.121875 0.6640625 0.01875 0.0171875
0 0.10703125 0.675 0.025 0.0109375
0 0.10625 0.69453125 0.0171875 0.0109375
1 0.1453125 0.70234375 0.040625 0.04375
0 0.05546875 0.6046875 0.0234375 0.0171875
0 0.03671875 0.5875 0.0234375 0.0125
0 0.06328125 0.621875 0.0109375 0.0171875
0 0.08203125 0.63046875 0.0296875 0.0109375
0 0.00703125 0.63671875 0.0140625 0.025
0 0.00546875 0.49140625 0.0109375 0.0171875
0 0.00390625 0.51875 0.0078125 0.0203125
0 0.38515625 0.35234375 0.0171875 0.0234375
0 0.42734375 0.44609375 0.025 0.0171875
0 0.39609375 0.42578125 0.0390625 0.034375
0 0.48359375 0.3609375 0.0921875 0.19375
0 0.95703125 0.24453125 0.0625 0.14375
1 0.41484375 0.359375 0.2140625 0.21875