0 0.778125 0.52421875 0.03125 0.0203125
0 0.44765625 0.5265625 0.04375 0.028125
0 0.5703125 0.85078125 0.0234375 0.021875
0 0.03125 0.48046875 0.0625 0.0484375
0 0.30703125 0.178125 0.0203125 0.0171875
0 0.709375 0.621875 0.05 0.0359375
0 0.8234375 0.196875 0.0703125 0.053125
0 0.7703125 0.02421875 0.075 0.0484375
0 0.6984375 0.503125 0.090625 0.0546875
0 0.609375 0.58671875 0.028125 0.01875
0 0.99296875 0.5609375 0.0140625 0.028125
0 0.44921875 0.69921875 0.0546875 0.0390625
0 0.32734375 0.7046875 0.015625 0.0125
0 0.65546875 0.69765625 0.021875 0.021875
0 0.440625 0.13203125 0.10625 0.071875
0 0.36953125 0.1421875 0.0546875 0.040625
0 0.4296875 0.4421875 0.0765625 0.06875
0 0.3828125 0.0109375 0.190625 0.021875
0 0.06875 0.0828125 0.0671875 0.0484375
0 0.909375 0.49609375 0.046875 0.034375
0 0.6859375 0.65703125 0.028125 0.028125
0 0.19765625 0.490625 0.0546875 0.0359375
0 0.01484375 0.57734375 0.01875 0.0125
0 0.396875 0.2125 0.0421875 0.0296875
0 0.3375 0.37421875 0.0640625 0.0390625
0 0.0609375 0.2859375 0.0453125 0.034375
0 0.578125 0.70703125 0.0375 0.0390625
0 0.85078125 0.88203125 0.040625 0.025
0 0.81796875 0.79140625 0.04375 0.0296875
0 0.75546875 0.66015625 0.034375 0.0265625
0 0.00703125 0.303125 0.0140625 0.0234375
0 0.1234375 0.72734375 0.06875 0.046875
0 0.6203125 0.715625 0.0265625 0.021875
0 0.1703125 0.11015625 0.0296875 0.025
0 0.13984375 0.22109375 0.1578125 0.140625
0 0.7296875 0.34296875 0.065625 0.046875
0 0.54140625 0.565625 0.04375 0.0546875
0 0.3921875 0.58515625 0.0484375 0.0359375
0 0.040625 0.7609375 0.0328125 0.0265625
0 0.490625 0.115625 0.05625 0.0421875
0 0.97578125 0.0609375 0.046875 0.05625
0 0.82734375 0.590625 0.0234375 0.015625
0 0.94375 0.915625 0.021875 0.01875
0 0.29296875 0.46796875 0.03125 0.0265625
0 0.690625 0.91796875 0.03125 0.0265625
0 0.053125 0.5703125 0.040625 0.021875
0 0.103125 0.58203125 0.021875 0.01875
0 0.515625 0.80859375 0.034375 0.0265625
0 0.98984375 0.4921875 0.0203125 0.021875
0 0.25078125 0.4625 0.0375 0.0265625
0 0.92421875 0.84609375 0.034375 0.0234375
0 0.63359375 0.6203125 0.025 0.01875
1 0.471875 0.246875 0.165625 0.1015625
0 0.76640625 0.46328125 0.08125 0.075
0 0.67109375 0.2921875 0.1390625 0.10625
0 0.9515625 0.44140625 0.0953125 0.128125
0 0.86875 0.5890625 0.0546875 0.034375
0 0.61953125 0.89921875 0.04375 0.053125
0 0.76484375 0.3 0.046875 0.0421875
0 0.9453125 0.16640625 0.021875 0.025
0 0.7640625 0.87734375 0.075 0.0640625
0 0.96640625 0.0140625 0.0640625 0.028125
0 0.859375 0.49296875 0.053125 0.0328125
0 0.78203125 0.5546875 0.0390625 0.0234375
0 0.603125 0.8296875 0.015625 0.0109375
0 0.26171875 0.20078125 0.0625 0.040625
0 0.10390625 0.42265625 0.1671875 0.128125
0 0.67265625 0.7921875 0.034375 0.0234375
0 0.06484375 0.546875 0.0671875 0.0296875
0 0.82109375 0.5203125 0.05625 0.0265625
0 0.35625 0.55859375 0.0734375 0.0578125
0 0.63203125 0.8640625 0.046875 0.0390625
0 0.659375 0.0765625 0.0859375 0.084375
0 0.08125 0.784375 0.04375 0.0203125
0 0.909375 0.55859375 0.0421875 0.034375
0 0.96328125 0.7171875 0.071875 0.0453125
0 0.31875 0.23359375 0.065625 0.0296875
0 0.0296875 0.1578125 0.0578125 0.103125
0 0.290625 0.703125 0.0328125 0.0171875
0 0.728125 0.403125 0.075 0.0703125
0 0.28046875 0.80546875 0.0984375 0.0875
1 0.0234375 0.6453125 0.046875 0.06875
0 0.22890625 0.571875 0.171875 0.1359375
0 0.6765625 0.5921875 0.05 0.06875
0 0.05390625 0.6109375 0.021875 0.0203125
0 0.915625 0.34921875 0.140625 0.1609375
0 0.9625 0.59921875 0.0515625 0.0375
0 0.828125 0.6203125 0.065625 0.04375
0 0.25 0.7265625 0.0359375 0.025
0 0.60234375 0.3609375 0.040625 0.0328125
0 0.321875 0.50078125 0.028125 0.0265625
0 0.64140625 0.365625 0.021875 0.021875
0 0.98984375 0.52734375 0.0203125 0.0265625
0 0.753125 0.58515625 0.03125 0.0234375
0 0.06640625 0.5140625 0.0703125 0.0421875
0 0.69921875 0.85703125 0.0328125 0.021875
0 0.55390625 0.1171875 0.0203125 0.0171875
0 0.84609375 0.846875 0.0359375 0.0265625
0 0.6265625 0.4078125 0.0640625 0.0703125
0 0.1765625 0.64375 0.128125 0.128125
0 0.8125 0.3265625 0.084375 0.0828125
0 0.8921875 0.19140625 0.0375 0.0296875
0 0.01796875 0.8203125 0.0359375 0.0546875
0 0.2515625 0.434375 0.0390625 0.025
0 0.33828125 0.6421875 0.0625 0.05
0 0.49375 0.4875 0.0484375 0.0546875
0 0.52109375 0.5296875 0.05 0.0578125
0 0.753125 0.6859375 0.0203125 0.01875
0 0.78515625 0.084375 0.109375 0.06875
0 0.759375 0.19140625 0.08125 0.0640625
0 0.98984375 0.878125 0.0203125 0.03125
0 0.509375 0.43125 0.0703125 0.1015625
0 0.9546875 0.5609375 0.0515625 0.0359375
0 0.0421875 0.7296875 0.0265625 0.015625
0 0.7921875 0.384375 0.04375 0.0265625
0 0.84765625 0.221875 0.065625 0.053125
0 0.684375 0.4421875 0.0640625 0.05
0 0.95859375 0.8125 0.075 0.05
0 0.53515625 0.3890625 0.065625 0.1140625
0 0.353125 0.3109375 0.1078125 0.0609375
0 0.790625 0.64921875 0.028125 0.01875
0 0.8375 0.11328125 0.0828125 0.06875
0 0.91796875 0.71171875 0.0171875 0.0125
0 0.959375 0.68515625 0.0203125 0.0140625
0 0.0328125 0.00546875 0.0625 0.0109375
0 0.76328125 0.23828125 0.04375 0.0390625
0 0.0265625 0.21796875 0.034375 0.0296875
0 0.90078125 0.88203125 0.040625 0.021875
0 0.740625 0.55703125 0.03125 0.0203125
0 0.33125 0.4390625 0.1046875 0.0734375
0 0.06796875 0.8984375 0.034375 0.0234375
0 0.61640625 0.20859375 0.109375 0.059375
0 0.53125 0.1734375 0.0171875 0.028125
0 0.5390625 0.18828125 0.0140625 0.025
0 0.81875 0.5 0.0234375 0.01875
0 0.7484375 0.7609375 0.0453125 0.0515625
0 0.753125 0.79609375 0.13125 0.146875
0 0.428125 0.64609375 0.159375 0.096875
0 0.4515625 0.6 0.0265625 0.028125
1 0.165625 0.7953125 0.1546875 0.1140625
0 0.51484375 0.6265625 0.0203125 0.0265625
0 0.48515625 0.62578125 0.0390625 0.01875
0 0.965625 0.1640625 0.015625 0.0203125
1 0.909375 0.3 0.18125 0.346875
0 0.49296875 0.21875 0.03125 0.0109375
1 0.49296875 0.44375 0.2125 0.3515625
1 0.19765625 0.34609375 0.20625 0.175