0 0.14765625 0.590625 0.0375 0.0609375
0 0.15859375 0.74453125 0.03359375 0.0421875
0 0.1359375 0.84140625 0.0359375 0.04765625
0 0.03828125 0.86015625 0.04609375 0.1125
0 0.60625 0.5890625 0.0734375 0.12578125
0 0.11328125 0.94140625 0.03671875 0.05
0 0.04296875 0.971875 0.034375 0.05546875
0 0.2125 0.83359375 0.09296875 0.17109375
0 0.38359375 0.53046875 0.01875 0.03984375
0 0.4140625 0.57734375 0.0484375 0.1421875
0 0.39453125 0.65546875 0.03515625 0.04296875
0 0.30625 0.55859375 0.05546875 0.07109375
0 0.27421875 0.62578125 0.05546875 0.075
0 0.29609375 0.66640625 0.0296875 0.0296875
0 0.271875 0.68046875 0.021875 0.04140625
0 0.240625 0.67265625 0.021875 0.0296875
0 0.2515625 0.70703125 0.01875 0.034375
0 0.290625 0.7671875 0.03828125 0.0578125
0 0.178125 0.4875 0.1015625 0.15703125
0 0.15234375 0.334375 0.10703125 0.12265625
0 0.16640625 0.146875 0.08046875 0.10546875
0 0.15390625 0.23046875 0.0203125 0.03515625
0 0.10390625 0.209375 0.03984375 0.06328125
0 0.07734375 0.2890625 0.03359375 0.06171875
0 0.00859375 0.21953125 0.01640625 0.0859375
0 0.04921875 0.4296875 0.0703125 0.1234375
0 0.0703125 0.48203125 0.0203125 0.0296875
0 0.01484375 0.60078125 0.0296875 0.1875
0 0.01171875 0.70546875 0.009375 0.0765625
0 0.13671875 0.675 0.03671875 0.06640625
1 0.95546875 0.415625 0.08828125 0.10390625
1 0.9265625 0.4703125 0.146875 0.14296875
0 0.253125 0.928125 0.084375 0.14375
0 0.3453125 0.98671875 0.059375 0.0265625
0 0.35625 0.771875 0.03828125 0.0984375
0 0.35703125 0.8375 0.0421875 0.1
0 0.396875 0.77734375 0.0359375 0.0453125
0 0.40078125 0.90546875 0.03671875 0.04921875
0 0.45078125 0.86875 0.09609375 0.1546875
0 0.48828125 0.96484375 0.1234375 0.06953125
0 0.54921875 0.7828125 0.0875 0.153125
0 0.61484375 0.71796875 0.034375 0.04453125
0 0.70390625 0.67578125 0.040625 0.03515625
0 0.69375 0.7109375 0.034375 0.03515625
0 0.64140625 0.8078125 0.0421875 0.08828125
0 0.63125 0.903125 0.04375 0.09296875
0 0.69375 0.97109375 0.04375 0.02265625
0 0.69375 0.821875 0.0734375 0.1015625
0 0.76171875 0.76171875 0.08828125 0.13515625
0 0.7828125 0.60390625 0.0453125 0.071875
0 0.77109375 0.54453125 0.0484375 0.05625
0 0.78671875 0.5125 0.021875 0.04140625
0 0.62265625 0.2015625 0.0734375 0.134375
0 0.6703125 0.3015625 0.07734375 0.11015625
0 0.66875 0.18828125 0.0109375 0.01640625
0 0.684375 0.20859375 0.01328125 0.0234375
0 0.703125 0.228125 0.009375 0.021875
0 0.7359375 0.28203125 0.0203125 0.02890625
0 0.8140625 0.4125 0.025 0.0375
0 0.81875 0.2109375 0.0375 0.04765625
0 0.81796875 0.16875 0.02421875 0.04609375
0 0.7625 0.04609375 0.01875 0.01875
0 0.7953125 0.01328125 0.0375 0.0265625
0 0.8484375 0.06328125 0.0421875 0.06640625
0 0.94765625 0.06171875 0.06953125 0.1015625
0 0.925 0.15390625 0.08671875 0.13046875
0 0.9109375 0.2359375 0.075 0.1125
0 0.98828125 0.3890625 0.015625 0.01484375
0 0.9953125 0.44140625 0.00703125 0.02421875
0 0.89296875 0.43984375 0.04140625 0.06015625
0 0.94765625 0.465625 0.028125 0.03125
0 0.95859375 0.50078125 0.03359375 0.0390625
0 0.85546875 0.596875 0.034375 0.053125
0 0.86640625 0.64375 0.02265625 0.03828125
0 0.9546875 0.63515625 0.08984375 0.0921875
0 0.925 0.6765625 0.034375 0.0421875
0 0.940625 0.7984375 0.034375 0.046875
0 0.99296875 0.76484375 0.0140625 0.178125
0 0.996875 0.88515625 0.00625 0.0484375
0 0.94375 0.88828125 0.10078125 0.14140625
0 0.903125 0.925 0.1125 0.07734375
0 0.553125 0.48203125 0.0796875 0.13984375
0 0.6203125 0.39609375 0.0984375 0.14453125
0 0.67578125 0.4015625 0.025 0.03125
0 0.69765625 0.4234375 0.01796875 0.02421875
0 0.69140625 0.559375 0.03203125 0.0390625
0 0.6625 0.565625 0.01640625 0.025
0 0.309375 0.090625 0.01875 0.028125
0 0.3984375 0.1046875 0.04453125 0.08984375
0 0.4328125 0.1453125 0.02109375 0.03203125
0 0.33125 0.2890625 0.0328125 0.05234375
0 0.43828125 0.3375 0.03984375 0.0703125
0 0.425 0.465625 0.06171875 0.059375
1 0.2796875 0.74453125 0.1234375 0.21796875
1 0.44375 0.6171875 0.17109375 0.29921875
0 0.55 0.6359375 0.034375 0.04296875
0 0.50859375 0.58203125 0.0265625 0.05859375
0 0.46484375 0.5609375 0.06328125 0.12890625