0 0.88515625 0.23515625 0.0484375 0.059375
0 0.803125 0.07109375 0.0375 0.0359375
0 0.1046875 0.27734375 0.0703125 0.040625
0 0.2046875 0.2671875 0.0515625 0.0375
0 0.98671875 0.653125 0.0265625 0.034375
0 0.821875 0.175 0.0265625 0.0296875
0 0.49765625 0.090625 0.0234375 0.021875
0 0.29609375 0.36328125 0.0359375 0.0328125
0 0.0953125 0.31640625 0.0296875 0.028125
0 0.090625 0.09296875 0.18125 0.1859375
0 0.378125 0.246875 0.0375 0.034375
0 0.565625 0.090625 0.0390625 0.0328125
0 0.26875 0.4625 0.0828125 0.071875
0 0.234375 0.18125 0.196875 0.140625
0 0.87109375 0.08671875 0.046875 0.04375
0 0.00859375 0.41640625 0.0171875 0.0609375
0 0.25234375 0.26484375 0.04375 0.0265625
0 0.02265625 0.13125 0.0453125 0.0765625
0 0.73203125 0.28359375 0.025 0.034375
0 0.603125 0.07421875 0.015625 0.0296875
0 0.41875 0.1453125 0.040625 0.034375
0 0.9203125 0.096875 0.01875 0.01875
0 0.02890625 0.528125 0.0578125 0.05
0 0.43359375 0.203125 0.03125 0.0375
0 0.553125 0.01796875 0.059375 0.0328125
0 0.28125 0.328125 0.0796875 0.059375
0 0.103125 0.5453125 0.0578125 0.0421875
0 0.553125 0.053125 0.053125 0.0421875
0 0.840625 0.271875 0.0375 0.05625
0 0.84453125 0.5328125 0.0546875 0.05
1 0.6640625 0.47421875 0.153125 0.1875
0 0.859375 0.00546875 0.034375 0.0109375
0 0.33671875 0.31484375 0.0296875 0.03125
0 0.94140625 0.02109375 0.109375 0.0421875
0 0.63828125 0.02734375 0.015625 0.015625
0 0.871875 0.4609375 0.05 0.05
0 0.05859375 0.190625 0.075 0.059375
0 0.028125 0.23984375 0.05625 0.0453125
0 0.41015625 0.2359375 0.034375 0.028125
0 0.46328125 0.128125 0.04375 0.0390625
0 0.16953125 0.12890625 0.028125 0.03125
0 0.8546875 0.365625 0.034375 0.03125
0 0.04296875 0.3640625 0.0859375 0.096875
0 0.85703125 0.171875 0.0390625 0.0375
0 0.1921875 0.44453125 0.0796875 0.0890625
0 0.3609375 0.22421875 0.0328125 0.0296875
0 0.28203125 0.028125 0.0859375 0.0484375
0 0.9328125 0.38671875 0.0578125 0.0578125
0 0.92421875 0.603125 0.0546875 0.0578125
0 0.959375 0.2515625 0.053125 0.040625
0 0.3015625 0.27109375 0.053125 0.053125
0 0.290625 0.4125 0.015625 0.021875
0 0.9671875 0.20625 0.0515625 0.040625
1 0.56328125 0.05859375 0.134375 0.1171875
1 0.68203125 0.021875 0.121875 0.04375
0 0.40078125 0.04375 0.134375 0.0734375
0 0.35546875 0.08203125 0.115625 0.0640625
0 0.2234375 0.03125 0.053125 0.0328125
0 0.1296875 0.3125 0.040625 0.0390625
0 0.02421875 0.55546875 0.0484375 0.0328125