0 0.18515625 0.41640625 0.0234375 0.025
0 0.25234375 0.534375 0.0265625 0.065625
0 0.58046875 0.29375 0.034375 0.03125
0 0.83046875 0.49296875 0.1 0.053125
0 0.6125 0.71640625 0.021875 0.0203125
0 0.74296875 0.7125 0.053125 0.028125
0 0.80390625 0.315625 0.04375 0.0265625
0 0.6171875 0.64609375 0.0375 0.0421875
0 0.27265625 0.48359375 0.0265625 0.025
0 0.62890625 0.45703125 0.0171875 0.0140625
0 0.0484375 0.85625 0.0328125 0.0375
0 0.890625 0.70390625 0.05 0.04375
0 0.52578125 0.72734375 0.0125 0.0140625
0 0.9015625 0.56875 0.0359375 0.028125
0 0.52890625 0.50234375 0.0203125 0.0203125
0 0.403125 0.38203125 0.0703125 0.078125
0 0.65546875 0.41640625 0.034375 0.034375
0 0.1765625 0.17890625 0.059375 0.05625
0 0.2765625 0.509375 0.025 0.025
0 0.20546875 0.26875 0.0390625 0.065625
0 0.56484375 0.84921875 0.01875 0.0234375
0 0.63125 0.31640625 0.0265625 0.0609375
0 0.01484375 0.46015625 0.0296875 0.0265625
0 0.096875 0.46953125 0.0890625 0.134375
0 0.50703125 0.50390625 0.015625 0.0140625
0 0.2609375 0.62265625 0.0453125 0.0515625
0 0.146875 0.29296875 0.021875 0.025
0 0.715625 0.40546875 0.0203125 0.0203125
0 0.271875 0.3171875 0.021875 0.021875
0 0.3875 0.52890625 0.05 0.05625
0 0.334375 0.16328125 0.0203125 0.0171875
0 0.684375 0.471875 0.015625 0.015625
0 0.2390625 0.40703125 0.021875 0.034375
0 0.26484375 0.41953125 0.0296875 0.046875
0 0.328125 0.453125 0.09375 0.096875
0 0.05703125 0.58984375 0.021875 0.021875
0 0.246875 0.45390625 0.0296875 0.0375
0 0.25859375 0.73125 0.0109375 0.015625
0 0.60546875 0.55078125 0.03125 0.0296875
0 0.265625 0.25234375 0.0234375 0.0296875
0 0.3296875 0.15078125 0.0234375 0.0171875
0 0.63984375 0.35 0.021875 0.0296875
0 0.18046875 0.365625 0.0453125 0.0515625
0 0.540625 0.5421875 0.034375 0.0515625
0 0.9625 0.596875 0.053125 0.04375
0 0.59296875 0.42734375 0.034375 0.0875
0 0.009375 0.36953125 0.0171875 0.0234375
0 0.271875 0.84609375 0.0328125 0.05
0 0.17734375 0.38359375 0.059375 0.0421875
0 0.04921875 0.34375 0.0265625 0.0265625
0 0.16015625 0.3265625 0.015625 0.015625
0 0.328125 0.5359375 0.071875 0.0859375
0 0.67734375 0.43515625 0.034375 0.034375
0 0.2125 0.42421875 0.0390625 0.040625
0 0.24140625 0.79453125 0.046875 0.0609375
0 0.24609375 0.2640625 0.034375 0.078125
0 0.46171875 0.40390625 0.0265625 0.0203125
0 0.25625 0.359375 0.0328125 0.0328125
0 0.53984375 0.259375 0.040625 0.034375
0 0.2265625 0.67734375 0.025 0.0265625
0 0.496875 0.32734375 0.065625 0.09375
0 0.48046875 0.21015625 0.028125 0.09375
0 0.253125 0.1734375 0.021875 0.040625
0 0.21953125 0.74296875 0.0203125 0.04375
0 0.6765625 0.59296875 0.0359375 0.0421875
0 0.12734375 0.58125 0.0328125 0.0265625
0 0.09765625 0.6140625 0.0828125 0.0890625
0 0.7046875 0.37109375 0.028125 0.03125
0 0.58984375 0.82578125 0.021875 0.0234375
0 0.284375 0.38125 0.0390625 0.04375
0 0.04921875 0.51640625 0.034375 0.0328125
0 0.296875 0.728125 0.015625 0.0171875
0 0.64453125 0.29765625 0.0234375 0.05625
0 0.59453125 0.746875 0.015625 0.01875
0 0.61484375 0.84375 0.0234375 0.0234375
0 0.153125 0.478125 0.0171875 0.034375
0 0.7859375 0.715625 0.025 0.025
0 0.97265625 0.321875 0.0375 0.028125
0 0.93828125 0.378125 0.0375 0.03125
0 0.578125 0.546875 0.03125 0.0421875
0 0.56875 0.60234375 0.0546875 0.059375
0 0.93828125 0.3109375 0.034375 0.03125
0 0.4421875 0.32734375 0.0515625 0.0625
0 0.54453125 0.74765625 0.025 0.0265625
0 0.5078125 0.821875 0.015625 0.021875
0 0.490625 0.5171875 0.0203125 0.01875
0 0.45 0.36796875 0.0359375 0.025
0 0.71015625 0.315625 0.015625 0.0140625
0 0.5546875 0.33203125 0.0625 0.059375
0 0.18203125 0.59140625 0.040625 0.075
0 0.14375 0.66484375 0.0828125 0.0765625
0 0.1421875 0.43203125 0.04375 0.0390625
0 0.2546875 0.4921875 0.021875 0.015625
0 0.18359375 0.346875 0.025 0.028125
0 0.8546875 0.75625 0.034375 0.028125
0 0.86015625 0.4453125 0.04375 0.0375
0 0.215625 0.5078125 0.0484375 0.121875
0 0.621875 0.5765625 0.0203125 0.021875
0 0.840625 0.53203125 0.096875 0.053125
0 0.60859375 0.1828125 0.0359375 0.0328125
0 0.3296875 0.6734375 0.0125 0.0125
0 0.01171875 0.26640625 0.0234375 0.028125
0 0.31796875 0.35546875 0.0453125 0.0609375
0 0.9859375 0.68828125 0.028125 0.028125
0 0.5703125 0.23125 0.0515625 0.059375
0 0.41328125 0.4515625 0.0546875 0.05
0 0.940625 0.48203125 0.1171875 0.1109375
0 0.2203125 0.353125 0.046875 0.05625
0 0.8328125 0.271875 0.0328125 0.028125
0 0.6484375 0.246875 0.025 0.028125
0 0.79375 0.19609375 0.084375 0.0921875
0 0.73125 0.37890625 0.0234375 0.021875
0 0.240625 0.32734375 0.0328125 0.0265625
0 0.65625 0.83359375 0.021875 0.025
0 0.89921875 0.63671875 0.034375 0.0328125
0 0.7484375 0.30234375 0.05 0.03125
0 0.2875 0.553125 0.034375 0.0359375
0 0.17734375 0.50078125 0.0546875 0.1046875
0 0.56796875 0.409375 0.0203125 0.0203125
0 0.3265625 0.73671875 0.0109375 0.0140625
0 0.0546875 0.6859375 0.0515625 0.0421875
0 0.04140625 0.36171875 0.0359375 0.0234375
0 0.70625 0.21796875 0.0484375 0.05
0 0.765625 0.271875 0.0484375 0.034375
0 0.421875 0.1453125 0.084375 0.0734375
0 0.3234375 0.5859375 0.0125 0.0109375
0 0.29453125 0.32890625 0.015625 0.021875
0 0.27109375 0.45390625 0.028125 0.0359375
0 0.46953125 0.54296875 0.034375 0.0453125
0 0.459375 0.83203125 0.0328125 0.03125
0 0.54765625 0.72265625 0.01875 0.021875
0 0.51875 0.48671875 0.0125 0.0125
0 0.40859375 0.23125 0.0421875 0.034375
0 0.9671875 0.228125 0.0296875 0.028125
0 0.20390625 0.69609375 0.040625 0.046875
0 0.034375 0.63046875 0.028125 0.034375
0 0.64375 0.51171875 0.059375 0.059375
0 0.525 0.6015625 0.034375 0.0390625
0 0.32265625 0.640625 0.015625 0.0140625
0 0.4171875 0.625 0.0328125 0.03125
0 0.540625 0.82109375 0.0203125 0.0171875
0 0.68515625 0.6375 0.0828125 0.0390625
0 0.5171875 0.43046875 0.0515625 0.0703125
0 0.121875 0.26484375 0.021875 0.0296875
0 0.27421875 0.1109375 0.025 0.0359375
0 0.56171875 0.46171875 0.04375 0.1078125
0 0.09453125 0.70625 0.0359375 0.0234375
0 0.353125 0.809375 0.015625 0.01875
0 0.190625 0.81328125 0.040625 0.06875
0 0.06328125 0.54140625 0.028125 0.03125
0 0.39140625 0.48125 0.0203125 0.0234375
0 0.1875 0.30390625 0.0109375 0.0109375
0 0.178125 0.2375 0.0203125 0.025
0 0.70859375 0.79296875 0.05625 0.0359375
0 0.03515625 0.659375 0.021875 0.025
0 0.1234375 0.3390625 0.025 0.025
0 0.36796875 0.0828125 0.0421875 0.034375
0 0.4953125 0.1140625 0.0625 0.034375
0 0.0765625 0.309375 0.021875 0.0234375
0 0.7515625 0.51796875 0.05625 0.0609375
0 0.48203125 0.67265625 0.040625 0.046875
0 0.50703125 0.6703125 0.0484375 0.05625
0 0.40234375 0.66640625 0.0078125 0.0125
0 0.4 0.68515625 0.0140625 0.015625
0 0.509375 0.71875 0.0140625 0.01875
0 0.2125 0.6515625 0.015625 0.0140625
0 0.3125 0.496875 0.0109375 0.0109375
0 0.19609375 0.55703125 0.0109375 0.0140625
0 0.428125 0.51484375 0.0203125 0.021875
0 0.45078125 0.51953125 0.03125 0.028125
0 0.36015625 0.4109375 0.034375 0.0234375
0 0.31796875 0.1296875 0.0125 0.015625
0 0.32890625 0.12734375 0.0109375 0.0140625
0 0.4 0.10546875 0.0171875 0.0109375
0 0.40625 0.096875 0.0125 0.0125
0 0.98671875 0.2984375 0.0265625 0.01875
0 0.44453125 0.5921875 0.0296875 0.0578125
0 0.50859375 0.56875 0.0171875 0.0390625
0 0.35859375 0.578125 0.0171875 0.0296875
0 0.425 0.57578125 0.0171875 0.0125
1 0.42109375 0.38046875 0.1625 0.2703125
0 0.10546875 0.3421875 0.009375 0.015625
0 0.08359375 0.26171875 0.0453125 0.0890625
1 0.10859375 0.459375 0.1203125 0.24375