0 0.56328125 0.6015625 0.040625 0.0390625
0 0.209375 0.79453125 0.115625 0.0859375
0 0.58359375 0.93359375 0.078125 0.0953125
0 0.75078125 0.5078125 0.16875 0.1578125
0 0.66328125 0.39140625 0.140625 0.1390625
0 0.61953125 0.13984375 0.0828125 0.084375
0 0.96953125 0.684375 0.034375 0.028125
0 0.60703125 0.478125 0.0359375 0.034375
0 0.971875 0.453125 0.025 0.03125
0 0.021875 0.2171875 0.04375 0.040625
0 0.575 0.6421875 0.021875 0.0265625
0 0.9953125 0.71171875 0.009375 0.0390625
0 0.596875 0.3375 0.034375 0.03125
0 0.0890625 0.753125 0.0359375 0.0375
0 0.49375 0.68671875 0.028125 0.028125
0 0.6203125 0.30078125 0.03125 0.0296875
0 0.94453125 0.12578125 0.059375 0.0453125
0 0.64453125 0.25703125 0.0359375 0.0359375
0 0.28203125 0.015625 0.0921875 0.03125
0 0.16640625 0.021875 0.05625 0.04375
0 0.74765625 0.27734375 0.0765625 0.071875
0 0.4421875 0.6109375 0.0265625 0.059375
0 0.01953125 0.671875 0.0390625 0.1140625
1 0.85 0.8203125 0.1671875 0.1484375
0 0.90703125 0.11875 0.0734375 0.071875
1 0.46875 0.27578125 0.1625 0.30625
0 0.5390625 0.4546875 0.028125 0.0265625
0 0.09453125 0.68828125 0.046875 0.0375
0 0.671875 0.6921875 0.0375 0.0484375
0 0.078125 0.52578125 0.05625 0.065625
0 0.49375 0.04296875 0.165625 0.065625
0 0.9484375 0.52109375 0.071875 0.0359375
0 0.5828125 0.08828125 0.0484375 0.0375
1 0.521875 0.13671875 0.078125 0.1375
0 0.7296875 0.190625 0.040625 0.0421875
0 0.97109375 0.8125 0.05625 0.1140625
0 0.871875 0.58671875 0.0875 0.0578125
0 0.865625 0.49453125 0.0875 0.090625
0 0.465625 0.38203125 0.028125 0.034375
0 0.240625 0.471875 0.1265625 0.190625
0 0.60859375 0.5609375 0.1796875 0.0953125
0 0.15625 0.159375 0.0625 0.05
0 0.67890625 0.990625 0.0390625 0.015625
0 0.07265625 0.15546875 0.0421875 0.0390625
0 0.53203125 0.75 0.03125 0.028125
0 0.76875 0.38203125 0.0578125 0.0453125
0 0.0671875 0.11171875 0.0265625 0.0265625
0 0.03125 0.8140625 0.0375 0.034375
0 0.12734375 0.47109375 0.059375 0.0890625
1 0.5671875 0.2765625 0.0828125 0.153125
0 0.7796875 0.61328125 0.084375 0.0765625
0 0.03046875 0.315625 0.0609375 0.0609375
0 0.296875 0.32265625 0.1328125 0.1296875
0 0.521875 0.78671875 0.028125 0.0234375
0 0.709375 0.23671875 0.0765625 0.0625
0 0.621875 0.1953125 0.05 0.040625
0 0.87109375 0.42578125 0.0640625 0.0625
0 0.971875 0.92421875 0.05625 0.1296875
0 0.94140625 0.20234375 0.059375 0.0484375
0 0.0296875 0.009375 0.040625 0.0171875
1 0.25 0.63515625 0.09375 0.1921875
0 0.1765625 0.64296875 0.121875 0.246875
0 0.53125 0.1375 0.0140625 0.0265625
0 0.9390625 0.35703125 0.059375 0.1140625
0 0.9234375 0.4046875 0.021875 0.015625
1 0.57578125 0.73984375 0.24375 0.19375
1 0.90625 0.66953125 0.1875 0.2421875