0 0.4984375 0.54453125 0.0609375 0.121875
0 0.70703125 0.590625 0.0359375 0.034375
0 0.22421875 0.46484375 0.040625 0.0484375
0 0.22890625 0.76640625 0.028125 0.015625
0 0.640625 0.48359375 0.03125 0.0390625
0 0.9765625 0.6640625 0.046875 0.0625
0 0.271875 0.65 0.0390625 0.034375
0 0.0625 0.6875 0.028125 0.03125
0 0.15390625 0.5796875 0.090625 0.0984375
0 0.00703125 0.76015625 0.0140625 0.028125
0 0.85625 0.4515625 0.0578125 0.0515625
0 0.2203125 0.81640625 0.0328125 0.03125
0 0.1984375 0.75625 0.0203125 0.01875
0 0.24609375 0.23046875 0.071875 0.05625
0 0.6390625 0.85703125 0.0359375 0.0375
0 0.1984375 0.7875 0.0203125 0.025
0 0.11171875 0.1671875 0.040625 0.0375
0 0.0046875 0.90625 0.009375 0.01875
0 0.99296875 0.2265625 0.0140625 0.028125
0 0.034375 0.51640625 0.0421875 0.071875
0 0.665625 0.26328125 0.034375 0.0375
0 0.67265625 0.3203125 0.034375 0.034375
0 0.240625 0.853125 0.0203125 0.0109375
0 0.30703125 0.59453125 0.0703125 0.0546875
0 0.62578125 0.43984375 0.028125 0.0578125
0 0.30859375 0.303125 0.071875 0.0984375
0 0.8140625 0.85703125 0.03125 0.025
0 0.73046875 0.23828125 0.0359375 0.0328125
0 0.8234375 0.73515625 0.0375 0.0359375
0 0.9765625 0.0921875 0.046875 0.0484375
0 0.60859375 0.49921875 0.034375 0.0328125
0 0.98359375 0.90625 0.0234375 0.0265625
0 0.2578125 0.6171875 0.046875 0.040625
0 0.8546875 0.01640625 0.065625 0.0328125
0 0.353125 0.7609375 0.0203125 0.03125
0 0.296875 0.80234375 0.0671875 0.0765625
0 0.60234375 0.346875 0.040625 0.034375
0 0.48046875 0.421875 0.1171875 0.11875
0 0.28359375 0.4671875 0.040625 0.0546875
0 0.49375 0.78515625 0.01875 0.0234375
0 0.60234375 0.68359375 0.028125 0.021875
0 0.49375 0.18125 0.0515625 0.046875
0 0.3703125 0.10625 0.0953125 0.0703125
0 0.0078125 0.503125 0.015625 0.040625
0 0.184375 0.1375 0.04375 0.0390625
0 0.26328125 0.76640625 0.0234375 0.021875
0 0.66953125 0.365625 0.04375 0.0390625
0 0.5703125 0.5578125 0.075 0.0875
0 0.246875 0.7921875 0.028125 0.0203125
0 0.721875 0.5578125 0.0359375 0.034375
0 0.24140625 0.046875 0.0453125 0.0421875
0 0.91640625 0.62578125 0.0484375 0.046875
0 0.00625 0.8640625 0.0109375 0.01875
0 0.9890625 0.74375 0.021875 0.0359375
0 0.88125 0.08828125 0.04375 0.040625
0 0.53828125 0.1375 0.03125 0.0390625
0 0.68046875 0.8421875 0.0296875 0.0234375
0 0.7921875 0.70859375 0.0359375 0.0359375
0 0.26875 0.846875 0.03125 0.0265625
0 0.8375 0.11484375 0.0359375 0.034375
0 0.8984375 0.3515625 0.046875 0.0390625
0 0.14375 0.75703125 0.0953125 0.0828125
0 0.565625 0.9015625 0.03125 0.0390625
0 0.85 0.471875 0.05 0.05625
0 0.50546875 0.85703125 0.0359375 0.025
0 0.85 0.509375 0.05 0.0484375
0 0.16640625 0.8515625 0.025 0.0203125
0 0.02109375 0.71953125 0.0421875 0.046875
0 0.7078125 0.6390625 0.028125 0.021875
0 0.05078125 0.0484375 0.059375 0.075
0 0.5703125 0.7859375 0.034375 0.025
0 0.5828125 0.7109375 0.03125 0.028125
0 0.02734375 0.271875 0.015625 0.03125
0 0.55078125 0.64296875 0.0734375 0.103125
0 0.265625 0.41875 0.0453125 0.0484375
0 0.5078125 0.0078125 0.0578125 0.015625
0 0.71875 0.509375 0.0359375 0.040625
0 0.09140625 0.74765625 0.021875 0.01875
0 0.2515625 0.7109375 0.0609375 0.075
0 0.01328125 0.21171875 0.0265625 0.0265625
0 0.9171875 0.22734375 0.0484375 0.040625
0 0.0609375 0.72890625 0.0515625 0.04375
0 0.85234375 0.57578125 0.03125 0.0234375
0 0.3765625 0.3953125 0.096875 0.121875
0 0.35390625 0.6203125 0.0390625 0.04375
0 0.07109375 0.65546875 0.0359375 0.034375
0 0.83203125 0.2984375 0.0890625 0.11875
0 0.2078125 0.66640625 0.0234375 0.025
0 0.47890625 0.61015625 0.03125 0.0359375
0 0.58125 0.42421875 0.03125 0.0375
0 0.625 0.87734375 0.0359375 0.0359375
0 0.6875 0.615625 0.028125 0.021875
0 0.76640625 0.5109375 0.034375 0.03125
0 0.03671875 0.7703125 0.0359375 0.034375
0 0.40390625 0.03359375 0.06875 0.0671875
0 0.8125 0.22734375 0.0953125 0.1078125
0 0.41640625 0.28828125 0.06875 0.140625
0 0.184375 0.71015625 0.040625 0.040625
0 0.4875 0.08125 0.075 0.059375
0 0.8671875 0.6796875 0.034375 0.034375
0 0.2484375 0.28359375 0.046875 0.0453125
0 0.2390625 0.5703125 0.0453125 0.046875
0 0.015625 0.43046875 0.03125 0.0390625
0 0.525 0.88984375 0.0390625 0.0296875
0 0.0984375 0.4015625 0.0859375 0.190625
1 0.0765625 0.39921875 0.153125 0.221875
0 0.009375 0.39453125 0.0140625 0.021875
0 0.01640625 0.31015625 0.0171875 0.025
0 0.64375 0.51875 0.0203125 0.040625
0 0.3953125 0.56875 0.08125 0.0578125
0 0.0046875 0.8296875 0.009375 0.015625
0 0.0859375 0.7296875 0.0203125 0.01875