0 0.66015625 0.41328125 0.0546875 0.0515625
0 0.1984375 0.61015625 0.1 0.0890625
0 0.98125 0.121875 0.0375 0.0296875
0 0.16640625 0.39140625 0.0140625 0.015625
0 0.01015625 0.67421875 0.0125 0.0125
0 0.25625 0.57578125 0.0125 0.01875
0 0.834375 0.74296875 0.021875 0.015625
0 0.78359375 0.12109375 0.0359375 0.03125
0 0.2703125 0.15859375 0.046875 0.0375
1 0.76640625 0.5625 0.053125 0.046875
0 0.403125 0.23359375 0.01875 0.021875
0 0.709375 0.8046875 0.0234375 0.015625
0 0.08671875 0.64453125 0.021875 0.0140625
1 0.98046875 0.6296875 0.0390625 0.04375
0 0.55546875 0.46484375 0.028125 0.0171875
0 0.740625 0.771875 0.0875 0.0640625
0 0.440625 0.77578125 0.046875 0.0421875
0 0.7125 0.58671875 0.0421875 0.046875
0 0.51953125 0.65625 0.021875 0.0125
0 0.83828125 0.08515625 0.0875 0.0671875
0 0.5828125 0.78203125 0.0125 0.0125
0 0.9859375 0.28984375 0.025 0.0296875
0 0.14921875 0.6703125 0.0171875 0.015625
0 0.5453125 0.278125 0.090625 0.0875
0 0.58984375 0.52890625 0.034375 0.0359375
0 0.0125 0.425 0.0140625 0.0171875
0 0.815625 0.54375 0.0421875 0.0515625
0 0.45 0.2 0.028125 0.0265625
0 0.4796875 0.803125 0.06875 0.034375
0 0.203125 0.121875 0.0359375 0.0484375
0 0.5 0.41015625 0.0453125 0.0421875
0 0.415625 0.2703125 0.01875 0.015625
0 0.034375 0.03046875 0.021875 0.028125
0 0.8 0.50859375 0.0546875 0.0453125
0 0.071875 0.3796875 0.021875 0.0140625
0 0.21953125 0.27109375 0.040625 0.03125
0 0.7546875 0.25625 0.0234375 0.0234375
0 0.69765625 0.24921875 0.10625 0.053125
0 0.4625 0.54921875 0.028125 0.0265625
0 0.15546875 0.1390625 0.0453125 0.0609375
0 0.84453125 0.57578125 0.034375 0.0375
0 0.36328125 0.33828125 0.0234375 0.025
0 0.1 0.47578125 0.025 0.0328125
1 0.084375 0.33984375 0.16875 0.146875
0 0.53046875 0.428125 0.021875 0.0171875
0 0.50703125 0.5359375 0.05 0.028125
0 0.84921875 0.41875 0.0265625 0.01875
0 0.11328125 0.45 0.01875 0.025
0 0.7578125 0.69296875 0.0328125 0.0296875
0 0.12734375 0.565625 0.04375 0.034375
0 0.240625 0.46484375 0.109375 0.0546875
0 0.490625 0.46796875 0.0953125 0.071875
0 0.8078125 0.03984375 0.0234375 0.0296875
0 0.76328125 0.0203125 0.04375 0.040625
0 0.27265625 0.228125 0.0703125 0.084375
1 0.065625 0.48671875 0.13125 0.1203125
0 0.9625 0.7125 0.075 0.0625
0 0.990625 0.32421875 0.01875 0.021875
0 0.92265625 0.796875 0.065625 0.0375
0 0.7921875 0.1609375 0.01875 0.0296875
0 0.634375 0.5625 0.021875 0.0203125
0 0.975 0.171875 0.021875 0.021875
0 0.73046875 0.51171875 0.025 0.01875
0 0.29609375 0.2765625 0.021875 0.021875
0 0.146875 0.28828125 0.0328125 0.0546875
0 0.7078125 0.346875 0.0375 0.0421875
0 0.8203125 0.275 0.0484375 0.0546875
0 0.1609375 0.209375 0.05625 0.090625
0 0.64921875 0.32265625 0.0125 0.0125
0 0.3578125 0.4546875 0.04375 0.046875
0 0.2875 0.46953125 0.028125 0.0234375
0 0.3890625 0.13203125 0.025 0.03125
0 0.17109375 0.71484375 0.0171875 0.0171875
0 0.8875 0.32421875 0.0171875 0.015625
1 0.928125 0.4890625 0.0953125 0.071875
0 0.6640625 0.21015625 0.0390625 0.0265625
0 0.1359375 0.51015625 0.046875 0.04375
0 0.94921875 0.33203125 0.0578125 0.053125
0 0.3578125 0.24453125 0.034375 0.0390625
0 0.03828125 0.5265625 0.040625 0.0265625
0 0.60859375 0.50859375 0.04375 0.0453125
0 0.21328125 0.1984375 0.059375 0.0953125
0 0.275 0.10546875 0.0453125 0.0578125
0 0.178125 0.5625 0.046875 0.0296875
0 0.30078125 0.39609375 0.034375 0.025
0 0.3375 0.50234375 0.0328125 0.03125
0 0.99296875 0.45078125 0.0109375 0.0265625
0 0.16796875 0.67421875 0.025 0.03125
0 0.7109375 0.63359375 0.0609375 0.053125
0 0.78515625 0.71640625 0.090625 0.0640625
0 0.621875 0.32421875 0.0234375 0.01875
0 0.321875 0.425 0.0890625 0.053125
0 0.80703125 0.221875 0.034375 0.0296875
0 0.2921875 0.49140625 0.0234375 0.0171875
0 0.38046875 0.390625 0.021875 0.021875
0 0.4375 0.23203125 0.028125 0.0359375
0 0.240625 0.690625 0.0171875 0.0171875
0 0.653125 0.625 0.078125 0.071875
0 0.54765625 0.69921875 0.0671875 0.034375
0 0.97890625 0.2046875 0.0359375 0.0296875
0 0.196875 0.7890625 0.0484375 0.05625
0 0.98125 0.24609375 0.034375 0.0453125
0 0.91953125 0.196875 0.025 0.034375
0 0.390625 0.196875 0.0265625 0.021875
0 0.16015625 0.5359375 0.021875 0.021875
0 0.421875 0.196875 0.0234375 0.0234375
0 0.41640625 0.5984375 0.0359375 0.0234375
0 0.6328125 0.39140625 0.0234375 0.0390625
0 0.0828125 0.4375 0.03125 0.021875
0 0.2125 0.4859375 0.021875 0.0140625
0 0.86328125 0.715625 0.0234375 0.021875
0 0.896875 0.28984375 0.0703125 0.0515625
0 0.903125 0.646875 0.08125 0.046875
0 0.07421875 0.61328125 0.0734375 0.0515625
0 0.159375 0.0203125 0.0375 0.034375
0 0.16640625 0.76796875 0.0203125 0.0203125
0 0.95625 0.00546875 0.0578125 0.0109375
0 0.33984375 0.11015625 0.0265625 0.025
0 0.11640625 0.10546875 0.0421875 0.0359375
0 0.58671875 0.61640625 0.04375 0.0421875
0 0.334375 0.16640625 0.084375 0.1125
0 0.44609375 0.67421875 0.0140625 0.015625
0 0.25234375 0.0453125 0.046875 0.0671875
0 0.8390625 0.771875 0.0171875 0.015625
0 0.953125 0.53515625 0.015625 0.01875
0 0.1671875 0.746875 0.0125 0.0140625
0 0.3921875 0.3671875 0.0265625 0.01875
1 0.90546875 0.7265625 0.065625 0.0546875
0 0.67421875 0.52421875 0.0484375 0.0265625
0 0.00625 0.6453125 0.0125 0.0203125
0 0.7328125 0.29609375 0.040625 0.028125
0 0.35859375 0.0703125 0.053125 0.071875
0 0.496875 0.5984375 0.0890625 0.09375
0 0.44140625 0.33203125 0.0703125 0.11875
0 0.409375 0.1375 0.021875 0.0265625
0 0.3375 0.3484375 0.0203125 0.015625
0 0.38125 0.275 0.0546875 0.0609375
0 0.95546875 0.05625 0.0859375 0.1125
0 0.19140625 0.69296875 0.025 0.0296875
0 0.309375 0.5234375 0.034375 0.0265625
0 0.8546875 0.21796875 0.04375 0.05
0 0.25390625 0.31796875 0.0703125 0.0703125
0 0.8671875 0.3140625 0.040625 0.0421875
0 0.775 0.38515625 0.053125 0.0390625
0 0.3375 0.2921875 0.025 0.021875
0 0.009375 0.02109375 0.01875 0.0421875
0 0.2609375 0.52578125 0.075 0.075
0 0.39765625 0.44375 0.0296875 0.0265625
0 0.82265625 0.475 0.015625 0.0140625
0 0.78203125 0.63515625 0.0453125 0.0359375
0 0.6734375 0.803125 0.0203125 0.0203125
0 0.265625 0.35703125 0.046875 0.040625
0 0.56953125 0.578125 0.04375 0.0421875
0 0.82109375 0.65859375 0.028125 0.0203125
0 0.81953125 0.446875 0.021875 0.0171875
0 0.1484375 0.41640625 0.025 0.0296875
0 0.609375 0.1890625 0.028125 0.021875
0 0.85703125 0.38671875 0.025 0.0203125
0 0.6828125 0.28671875 0.084375 0.034375
0 0.58125 0.75234375 0.046875 0.0203125
0 0.496875 0.73515625 0.1328125 0.1078125
0 0.03984375 0.159375 0.0765625 0.0703125
0 0.25390625 0.38359375 0.03125 0.0265625
0 0.87109375 0.1609375 0.0859375 0.090625
0 0.603125 0.28046875 0.053125 0.0625
0 0.02578125 0.58359375 0.046875 0.04375
0 0.8609375 0.34375 0.0421875 0.05625
0 0.9921875 0.53359375 0.015625 0.028125
0 0.75390625 0.459375 0.053125 0.05625
0 0.73359375 0.55546875 0.028125 0.0140625
0 0.70859375 0.55390625 0.0171875 0.0140625
0 0.68515625 0.553125 0.0234375 0.0109375
0 0.6953125 0.540625 0.0140625 0.009375
1 0.69140625 0.55 0.1328125 0.11875
0 0.31328125 0.64296875 0.0109375 0.009375
0 0.32578125 0.61875 0.0140625 0.0125
0 0.28125 0.6109375 0.0828125 0.0765625
1 0.1078125 0.20546875 0.215625 0.2734375
0 0.375 0.3140625 0.0515625 0.0421875
1 0.8953125 0.3375 0.1234375 0.1671875
1 0.91796875 0.34453125 0.159375 0.196875
0 0.57109375 0.3390625 0.034375 0.0265625