0 0.29453125 0.4875 0.015625 0.0140625
0 0.759375 0.32109375 0.0484375 0.034375
0 0.065625 0.7265625 0.0125 0.0078125
0 0.41171875 0.38515625 0.034375 0.04375
0 0.45625 0.78828125 0.0265625 0.0234375
0 0.56875 0.26328125 0.159375 0.134375
0 0.321875 0.5140625 0.075 0.065625
0 0.75078125 0.63984375 0.0265625 0.01875
0 0.9671875 0.2359375 0.0625 0.0421875
0 0.54765625 0.51640625 0.1953125 0.0921875
0 0.040625 0.40859375 0.08125 0.1453125
0 0.378125 0.63046875 0.103125 0.0796875
0 0.2234375 0.9328125 0.0234375 0.021875
0 0.659375 0.165625 0.059375 0.040625
0 0.446875 0.396875 0.06875 0.0578125
0 0.303125 0.61640625 0.046875 0.0390625
0 0.04375 0.4984375 0.01875 0.015625
0 0.55 0.14375 0.1328125 0.0796875
0 0.15 0.8140625 0.0203125 0.01875
0 0.09921875 0.53125 0.1 0.2109375
0 0.64765625 0.5859375 0.0671875 0.071875
0 0.47265625 0.2703125 0.034375 0.0453125
0 0.1921875 0.3078125 0.0515625 0.0375
0 0.028125 0.1390625 0.05625 0.05
0 0.82109375 0.3140625 0.0359375 0.0328125
0 0.96171875 0.58125 0.071875 0.14375
0 0.0296875 0.55703125 0.04375 0.084375
0 0.04375 0.32421875 0.0328125 0.0296875
0 0.55078125 0.35625 0.0578125 0.0390625
0 0.9390625 0.96796875 0.025 0.0265625
0 0.93828125 0.4796875 0.0375 0.034375
0 0.5890625 0.57265625 0.03125 0.021875
0 0.7484375 0.50859375 0.15 0.0703125
0 0.409375 0.34453125 0.0390625 0.03125
0 0.00703125 0.71796875 0.0140625 0.015625
0 0.89140625 0.68828125 0.05 0.03125
0 0.9859375 0.76875 0.028125 0.0234375
0 0.16015625 0.16484375 0.071875 0.05625
0 0.96328125 0.4515625 0.046875 0.034375
0 0.9796875 0.3796875 0.0375 0.04375
0 0.08359375 0.80390625 0.0203125 0.015625
0 0.56640625 0.640625 0.025 0.0234375
0 0.25234375 0.31328125 0.0484375 0.0578125
0 0.1234375 0.9609375 0.021875 0.0140625
0 0.396875 0.93828125 0.021875 0.01875
0 0.9765625 0.9078125 0.0421875 0.0296875
0 0.91875 0.33359375 0.059375 0.0421875
0 0.9359375 0.1671875 0.1140625 0.0734375
0 0.471875 0.575 0.034375 0.0390625
0 0.3546875 0.4375 0.1328125 0.0921875
0 0.64296875 0.325 0.10625 0.084375
0 0.09609375 0.70234375 0.0359375 0.0515625
0 0.6875 0.225 0.059375 0.05
0 0.0390625 0.77734375 0.03125 0.034375
0 0.15 0.6734375 0.0109375 0.0125
0 0.1671875 0.59375 0.0171875 0.015625
0 0.16796875 0.20859375 0.034375 0.01875
0 0.85 0.2578125 0.1421875 0.0984375
0 0.6625 0.85234375 0.0359375 0.0328125
0 0.4734375 0.6203125 0.0390625 0.046875
0 0.09921875 0.31875 0.071875 0.046875
0 0.221875 0.55078125 0.0375 0.0421875
0 0.17265625 0.81796875 0.0265625 0.021875
0 0.40703125 0.78828125 0.0421875 0.0390625
0 0.7828125 0.278125 0.0515625 0.03125
0 0.971875 0.28359375 0.053125 0.0421875
0 0.07265625 0.6390625 0.0125 0.0171875
0 0.8734375 0.5359375 0.10625 0.1140625
0 0.359375 0.72578125 0.0984375 0.0953125
0 0.0921875 0.36875 0.053125 0.05
0 0.57578125 0.8421875 0.028125 0.0265625
0 0.98046875 0.709375 0.0390625 0.034375
0 0.66484375 0.26171875 0.0515625 0.0265625
0 0.24296875 0.21953125 0.05 0.0390625
0 0.4 0.18046875 0.2140625 0.134375
0 0.8328125 0.41015625 0.16875 0.13125
0 0.603125 0.43828125 0.109375 0.1453125
0 0.0265625 0.7578125 0.0140625 0.0109375
0 0.225 0.5109375 0.046875 0.0421875
0 0.475 0.42890625 0.05625 0.04375
0 0.45703125 0.8359375 0.021875 0.01875
0 0.1796875 0.4515625 0.0515625 0.0515625
0 0.0359375 0.2828125 0.0671875 0.0515625
0 0.01328125 0.18828125 0.0265625 0.034375
0 0.97734375 0.33046875 0.04375 0.046875
0 0.946875 0.9796875 0.0359375 0.0375
0 0.96875 0.84765625 0.040625 0.0265625
0 0.5125 0.68828125 0.0828125 0.078125
0 0.24453125 0.14765625 0.0890625 0.046875
0 0.07421875 0.6796875 0.01875 0.0296875
0 0.97890625 0.96953125 0.028125 0.021875
0 0.028125 0.62421875 0.0453125 0.028125
0 0.059375 0.615625 0.015625 0.0203125
0 0.2046875 0.9453125 0.0109375 0.0125
0 0.17421875 0.85234375 0.009375 0.0171875
0 0.14140625 0.78515625 0.01875 0.0375
0 0.11796875 0.778125 0.0234375 0.021875
0 0.12890625 0.79921875 0.0078125 0.009375
0 0.115625 0.75625 0.0203125 0.025
0 0.10390625 0.73359375 0.021875 0.0203125
0 0.1125 0.7171875 0.0109375 0.0125
1 0.0328125 0.55703125 0.065625 0.20625
0 0.00859375 0.22265625 0.0125 0.025
0 0.01640625 0.225 0.01875 0.03125
0 0.34140625 0.77265625 0.11875 0.140625
1 0.00625 0.8078125 0.0125 0.11875
1 0.01171875 0.8796875 0.0234375 0.028125
1 0.14375 0.934375 0.1390625 0.13125
0 0.61953125 0.52734375 0.071875 0.0421875
0 0.7640625 0.56171875 0.03125 0.028125
0 0.92734375 0.66328125 0.05 0.0296875
0 0.9546875 0.65859375 0.0375 0.03125