0 0.4765625 0.13515625 0.08125 0.0890625
0 0.71953125 0.1984375 0.11875 0.12421875
0 0.53125 0.2640625 0.0921875 0.09609375
0 0.67578125 0.35 0.1109375 0.10078125
0 0.86640625 0.43828125 0.0984375 0.1078125
0 0.7609375 0.49609375 0.0828125 0.10546875
0 0.65234375 0.515625 0.08515625 0.12109375
0 0.55390625 0.38671875 0.1 0.1078125
0 0.571875 0.61796875 0.09609375 0.10234375
0 0.6921875 0.66640625 0.0890625 0.1140625
0 0.85 0.67734375 0.090625 0.1078125
0 0.715625 0.83125 0.10234375 0.0890625
0 0.521875 0.74609375 0.10546875 0.09375
0 0.52890625 0.87734375 0.10546875 0.090625
0 0.31796875 0.85390625 0.090625 0.09375
0 0.33671875 0.715625 0.128125 0.09453125
0 0.4484375 0.6296875 0.10703125 0.09609375
0 0.159375 0.65703125 0.10703125 0.12265625
0 0.2625 0.596875 0.10546875 0.10234375
0 0.35390625 0.5375 0.0890625 0.09765625
0 0.24140625 0.234375 0.09609375 0.10078125
0 0.35390625 0.30078125 0.13046875 0.1078125
0 0.428125 0.40078125 0.10703125 0.10078125
0 0.26875 0.43125 0.1 0.11640625
0 0.12578125 0.4078125 0.08515625 0.10625