0 0.65234375 0.2171875 0.10703125 0.11484375
0 0.746875 0.1203125 0.1171875 0.15234375
0 0.8078125 0.2828125 0.115625 0.13984375
0 0.725 0.38828125 0.125 0.15078125
0 0.84296875 0.4953125 0.128125 0.14765625
0 0.84296875 0.6921875 0.12265625 0.13828125
0 0.7296875 0.6046875 0.11875 0.14140625
0 0.746875 0.79453125 0.10703125 0.13671875
0 0.63125 0.48828125 0.0921875 0.1265625
0 0.59453125 0.6171875 0.1078125 0.11875
0 0.609375 0.765625 0.1265625 0.128125
0 0.60234375 0.909375 0.109375 0.128125
0 0.47734375 0.65546875 0.09765625 0.115625
0 0.47265625 0.803125 0.115625 0.1265625
0 0.43359375 0.93515625 0.125 0.1296875
0 0.38125 0.4 0.09765625 0.14140625
0 0.38984375 0.55546875 0.10703125 0.1265625
0 0.26875 0.3609375 0.115625 0.14609375
0 0.2796875 0.52421875 0.1015625 0.14296875
0 0.34765625 0.69765625 0.1 0.11484375
0 0.28203125 0.825 0.1296875 0.13828125
0 0.20234375 0.6546875 0.12265625 0.1328125
0 0.15625 0.4640625 0.11328125 0.15625
0 0.60703125 0.06328125 0.12109375 0.1265625
0 0.603125 0.35 0.1171875 0.13671875
0 0.5140625 0.1609375 0.1109375 0.14140625
0 0.48359375 0.30234375 0.11875 0.1296875
0 0.3953125 0.075 0.1015625 0.11015625
0 0.38671875 0.21875 0.1171875 0.134375
0 0.25 0.1859375 0.125 0.13515625