0 0.2703125 0.29453125 0.090625 0.10859375
0 0.196875 0.17734375 0.12265625 0.115625
0 0.346875 0.128125 0.11171875 0.115625
0 0.4296875 0.234375 0.1203125 0.1265625
0 0.53828125 0.11484375 0.1171875 0.1296875
0 0.7109375 0.1390625 0.1109375 0.1234375
0 0.6203125 0.25546875 0.11328125 0.11875
0 0.78828125 0.259375 0.1109375 0.10546875
0 0.50546875 0.3515625 0.10234375 0.090625
0 0.61484375 0.4078125 0.09453125 0.11015625
0 0.746875 0.409375 0.1 0.13125
0 0.87265625 0.434375 0.10234375 0.11015625
0 0.63359375 0.54453125 0.09296875 0.09765625
0 0.76328125 0.56796875 0.1 0.1171875
0 0.875 0.62734375 0.10234375 0.128125
0 0.39765625 0.6203125 0.115625 0.09453125
0 0.53515625 0.63046875 0.1015625 0.10703125
0 0.34921875 0.7421875 0.1171875 0.115625
0 0.49453125 0.74921875 0.1171875 0.09921875
0 0.6546875 0.69453125 0.090625 0.10078125
0 0.759375 0.78359375 0.109375 0.1328125
0 0.59921875 0.85234375 0.10390625 0.125
0 0.4265625 0.88125 0.128125 0.11171875
0 0.125 0.32578125 0.1109375 0.121875
0 0.38046875 0.365625 0.109375 0.11875
0 0.20390625 0.44296875 0.11484375 0.11015625
0 0.325 0.49453125 0.10234375 0.1203125
0 0.1140625 0.565625 0.08671875 0.10390625
0 0.23828125 0.59296875 0.10703125 0.11875
0 0.19296875 0.74140625 0.10703125 0.128125