0 0.85703125 0.6484375 0.15625 0.1484375
0 0.86328125 0.50234375 0.16640625 0.14296875
0 0.48671875 0.884375 0.1546875 0.134375
0 0.775 0.76953125 0.14375 0.16171875
0 0.37421875 0.67109375 0.13828125 0.16171875
0 0.696875 0.60625 0.14921875 0.1453125
0 0.23203125 0.2109375 0.16171875 0.15859375
0 0.1453125 0.37109375 0.14140625 0.165625
0 0.69921875 0.43828125 0.1453125 0.165625
0 0.3265625 0.83828125 0.15234375 0.15
0 0.35625 0.3609375 0.1546875 0.14375
0 0.55546875 0.1578125 0.1453125 0.184375
0 0.21015625 0.71484375 0.1640625 0.16171875
0 0.8109375 0.346875 0.16015625 0.1640625
0 0.1296875 0.55078125 0.16171875 0.1453125
0 0.55625 0.7125 0.1703125 0.15
0 0.39765625 0.1671875 0.16640625 0.153125
0 0.5421875 0.33671875 0.16796875 0.15390625
0 0.69609375 0.23984375 0.1640625 0.17734375
0 0.64921875 0.859375 0.153125 0.15
0 0.29296875 0.52109375 0.146875 0.146875