0 0.15703125 0.31875 0.146875 0.13515625
0 0.13828125 0.46328125 0.15859375 0.128125
0 0.54453125 0.11875 0.1453125 0.12109375
0 0.24765625 0.20625 0.13359375 0.15
0 0.6390625 0.34140625 0.128125 0.1515625
0 0.3125 0.37578125 0.13984375 0.134375
0 0.74375 0.81328125 0.15078125 0.1453125
0 0.84296875 0.66171875 0.1296875 0.15546875
0 0.296875 0.5421875 0.134375 0.15390625
0 0.7 0.18046875 0.14296875 0.13828125
0 0.6328125 0.653125 0.1453125 0.13125
0 0.4171875 0.8359375 0.13203125 0.17421875
0 0.80703125 0.31328125 0.153125 0.1484375
0 0.178125 0.62265625 0.14921875 0.1515625
0 0.8734375 0.484375 0.15234375 0.1328125
0 0.46171875 0.2828125 0.16171875 0.13515625
0 0.575 0.84140625 0.15703125 0.13828125
0 0.4453125 0.65859375 0.15859375 0.13984375
0 0.284375 0.740625 0.15234375 0.1640625
0 0.3796875 0.12734375 0.14375 0.13671875
0 0.70703125 0.49921875 0.1375 0.13515625