0 0.5265625 0.90625 0.13203125 0.175
0 0.56640625 0.28203125 0.115625 0.1734375
0 0.43828125 0.0765625 0.14296875 0.153125
0 0.37734375 0.50546875 0.14296875 0.1390625
0 0.24296875 0.275 0.13828125 0.1703125
0 0.68984375 0.5609375 0.1265625 0.15625
0 0.23046875 0.7484375 0.13984375 0.1484375
0 0.6828125 0.3859375 0.1296875 0.1359375
0 0.42734375 0.6921875 0.1359375 0.1625
0 0.215625 0.52109375 0.125 0.146875
0 0.584375 0.09375 0.12421875 0.16875
0 0.7890625 0.71796875 0.10703125 0.1171875
0 0.41796875 0.32890625 0.14921875 0.134375
0 0.775 0.24296875 0.109375 0.125
0 0.69140625 0.14453125 0.10703125 0.15625
0 0.31953125 0.13359375 0.115625 0.159375
0 0.58984375 0.715625 0.109375 0.14375
0 0.70234375 0.83984375 0.1265625 0.11875
0 0.8234375 0.56796875 0.109375 0.1328125
0 0.37421875 0.865625 0.1203125 0.1578125
0 0.83359375 0.396875 0.11171875 0.146875