0 0.84921875 0.45546875 0.146875 0.146875
0 0.31015625 0.43046875 0.1453125 0.128125
0 0.1359375 0.58671875 0.1296875 0.1609375
0 0.50859375 0.6421875 0.11484375 0.1609375
0 0.315625 0.80625 0.14296875 0.1546875
0 0.54609375 0.27734375 0.13046875 0.1421875
0 0.7234375 0.80390625 0.12265625 0.1578125
0 0.3953125 0.2921875 0.11328125 0.1453125
0 0.66875 0.57734375 0.1359375 0.1515625
0 0.528125 0.828125 0.12265625 0.140625
0 0.146875 0.41640625 0.14140625 0.1375
0 0.678125 0.15703125 0.09765625 0.11875
0 0.35546875 0.6015625 0.1109375 0.16875
0 0.26875 0.18984375 0.10390625 0.121875
0 0.18671875 0.290625 0.13046875 0.11875
0 0.190625 0.721875 0.13359375 0.1296875
0 0.6828125 0.38828125 0.1203125 0.121875
0 0.7859375 0.253125 0.0984375 0.1421875
0 0.54765625 0.12265625 0.1109375 0.121875
0 0.81953125 0.6328125 0.13203125 0.134375
0 0.4 0.1171875 0.12265625 0.125