0 0.91484375 0.2234375 0.0921875 0.07578125
0 0.91953125 0.14921875 0.0859375 0.0703125
0 0.4265625 0.2921875 0.07734375 0.075
0 0.975 0.5015625 0.05 0.0734375
0 0.2921875 0.32421875 0.10859375 0.05703125
0 0.5640625 0.31953125 0.10859375 0.04140625
0 0.4734375 0.25703125 0.0921875 0.06015625
0 0.57890625 0.18671875 0.1328125 0.05625
1 0.46953125 0.53046875 0.2578125 0.31796875
0 0.190625 0.32578125 0.03515625 0.02890625
1 0.31640625 0.1921875 0.2359375 0.13046875
0 0.39609375 0.49609375 0.0515625 0.053125
0 0.9328125 0.62734375 0.04375 0.03828125
0 0.56875 0.4765625 0.06875 0.05078125
0 0.11875 0.67734375 0.0625 0.04609375
0 0.42109375 0.534375 0.05 0.04609375
0 0.95546875 0.5640625 0.0890625 0.07109375
0 0.0578125 0.62109375 0.07265625 0.0515625
1 0.3625 0.584375 0.45 0.22578125
1 0.540625 0.16796875 0.30234375 0.096875
0 0.8 0.5953125 0.04140625 0.03203125
1 0.596875 0.5109375 0.20625 0.35390625
1 0.203125 0.15078125 0.08515625 0.0375
0 0.8 0.56015625 0.0375 0.0265625
0 0.75625 0.6296875 0.05234375 0.04140625
1 0.4515625 0.61875 0.2296875 0.12578125
0 0.740625 0.35859375 0.0390625 0.0234375
0 0.6078125 0.39375 0.0109375 0.01328125
0 0.6671875 0.59765625 0.0359375 0.0265625
0 0.2390625 0.290625 0.0328125 0.025
0 0.3328125 0.359375 0.03125 0.0265625
0 0.0375 0.253125 0.03125 0.02421875
0 0.271875 0.62109375 0.02109375 0.0140625
0 0.04453125 0.57578125 0.01640625 0.0125
0 0.14453125 0.50234375 0.0171875 0.0125
0 0.1890625 0.70625 0.0359375 0.01796875
0 0.2765625 0.609375 0.0125 0.01015625
0 0.4890625 0.23515625 0.0515625 0.02734375
0 0.69296875 0.32578125 0.0453125 0.0234375
0 0.7453125 0.290625 0.0390625 0.02734375
0 0.59921875 0.69140625 0.01875 0.0125