0 0.1453125 0.1796875 0.0984375 0.06640625
0 0.046875 0.1734375 0.09140625 0.06171875
0 0.2203125 0.54765625 0.09765625 0.05546875
0 0.51953125 0.121875 0.09609375 0.07890625
0 0.25859375 0.65 0.07265625 0.0796875
0 0.26171875 0.44609375 0.0515625 0.08046875
0 0.175 0.51171875 0.07734375 0.0671875
0 0.08515625 0.43046875 0.0703125 0.09765625
0 0.38828125 0.0671875 0.0515625 0.0421875
1 0.5390625 0.52421875 0.41484375 0.1828125
0 0.2578125 0.72578125 0.0375 0.025
0 0.059375 0.08828125 0.05859375 0.05078125
1 0.0828125 0.6265625 0.165625 0.171875
0 0.49140625 0.578125 0.0703125 0.03671875
0 0.68515625 0.1796875 0.05 0.03203125
0 0.47109375 0.44765625 0.06484375 0.05
0 0.7234375 0.7921875 0.05859375 0.0453125
0 0.54375 0.56015625 0.06015625 0.0359375
0 0.60234375 0.15546875 0.0921875 0.07421875
0 0.6453125 0.8359375 0.06640625 0.05234375
0 0.2828125 0.11171875 0.0328125 0.0296875
1 0.6078125 0.60625 0.2859375 0.3296875
1 0.059375 0.4578125 0.11875 0.22421875
0 0.01484375 0.10234375 0.0296875 0.03671875
0 0.63828125 0.278125 0.04140625 0.0296875
1 0.5171875 0.428125 0.46640625 0.1421875
1 0.0234375 0.709375 0.046875 0.0625
0 0.59140625 0.27734375 0.03359375 0.02734375
0 0.68203125 0.3125 0.05390625 0.03828125
1 0.65703125 0.540625 0.16015625 0.16875
0 0.3203125 0.31484375 0.0296875 0.028125
0 0.3625 0.415625 0.0171875 0.00859375
0 0.003125 0.06015625 0.00625 0.02265625
0 0.6359375 0.37734375 0.03359375 0.0265625
0 0.2125 0.68828125 0.0328125 0.0234375
0 0.30703125 0.6203125 0.03359375 0.02265625
0 0.15546875 0.8375 0.03125 0.02265625
0 0.65390625 0.675 0.0171875 0.015625
0 0.584375 0.84375 0.01640625 0.0125
0 0.490625 0.76640625 0.01640625 0.01328125
0 0.7640625 0.73984375 0.02265625 0.0265625
0 0.6375 0.671875 0.0140625 0.009375
0 0.14609375 0.4984375 0.03515625 0.0375
0 0.27421875 0.34921875 0.0296875 0.0328125
0 0.2296875 0.309375 0.03515625 0.028125
0 0.7578125 0.43203125 0.01484375 0.0140625