0 0.07265625 0.765625 0.0890625 0.07421875
0 0.0640625 0.83984375 0.0828125 0.06875
0 0.5640625 0.71015625 0.0734375 0.0734375
0 0.0234375 0.484375 0.046875 0.071875
0 0.7 0.68125 0.10625 0.0546875
0 0.428125 0.67890625 0.1078125 0.03828125
0 0.515625 0.74375 0.08984375 0.0578125
0 0.40703125 0.8109375 0.1296875 0.05234375
1 0.53203125 0.4703125 0.24375 0.3109375
0 0.8015625 0.68203125 0.03359375 0.028125
1 0.66953125 0.8125 0.2296875 0.125
0 0.60390625 0.50625 0.0484375 0.05234375
0 0.0734375 0.3609375 0.0421875 0.0375
0 0.4296875 0.521875 0.06640625 0.0484375
0 0.8890625 0.3328125 0.06015625 0.04375
0 0.58046875 0.4671875 0.04765625 0.0453125
0 0.04453125 0.42265625 0.0890625 0.06953125
0 0.9484375 0.390625 0.0703125 0.05
1 0.64140625 0.41953125 0.43984375 0.21484375
1 0.44375 0.83046875 0.2984375 0.0890625
0 0.2046875 0.39609375 0.03984375 0.03125
1 0.40390625 0.48671875 0.18984375 0.34921875
1 0.78046875 0.85703125 0.08359375 0.0359375
0 0.203125 0.43125 0.0359375 0.025
0 0.25 0.36328125 0.0515625 0.040625
1 0.5546875 0.38203125 0.225 0.1203125
0 0.253125 0.63515625 0.0375 0.02265625
0 0.3875 0.603125 0.0109375 0.01328125
0 0.33671875 0.3984375 0.03515625 0.025
0 0.7515625 0.715625 0.03125 0.02421875
0 0.6609375 0.64453125 0.0296875 0.025
0 0.95078125 0.7578125 0.0296875 0.0234375
0 0.73359375 0.384375 0.02109375 0.01328125
0 0.95859375 0.43671875 0.01640625 0.0125
0 0.85546875 0.50703125 0.0171875 0.0125
0 0.8203125 0.30234375 0.03515625 0.0171875
0 0.72890625 0.396875 0.0125 0.01015625
0 0.4984375 0.76484375 0.05 0.0265625
0 0.2984375 0.66953125 0.04375 0.02265625
0 0.2453125 0.70234375 0.0375 0.0265625
0 0.409375 0.30625 0.01875 0.0109375