0 0.58984375 0.09765625 0.071875 0.1734375
0 0.5359375 0.13359375 0.08828125 0.2671875
0 0.484375 0.16953125 0.10546875 0.27578125
0 0.41484375 0.10078125 0.10703125 0.20078125
0 0.38984375 0.5609375 0.12265625 0.346875
0 0.45390625 0.51796875 0.1015625 0.2921875
0 0.56015625 0.31015625 0.08125 0.23984375
0 0.596875 0.33984375 0.071875 0.23984375
0 0.58515625 0.61015625 0.075 0.2203125
0 0.54765625 0.6078125 0.08828125 0.27578125
0 0.565625 0.8625 0.06953125 0.1984375
0 0.51484375 0.87890625 0.08515625 0.2421875
0 0.45859375 0.86171875 0.0984375 0.2765625
0 0.53671875 0.97890625 0.0703125 0.0421875