0 0.1375 0.6421875 0.15703125 0.19296875
0 0.09765625 0.5609375 0.13359375 0.1734375
0 0.14375 0.4625 0.14375 0.1515625
0 0.20703125 0.39921875 0.11875 0.1296875
0 0.2890625 0.35703125 0.0921875 0.13203125
0 0.309375 0.4625 0.1453125 0.15703125
0 0.34296875 0.5671875 0.12421875 0.19296875
0 0.271875 0.71796875 0.17890625 0.1984375
0 0.540625 0.71875 0.15703125 0.2203125
0 0.51328125 0.5921875 0.13359375 0.18203125
0 0.40234375 0.396875 0.109375 0.14609375
0 0.4125 0.31796875 0.1109375 0.1265625
0 0.54375 0.3125 0.1 0.13203125
0 0.546875 0.39140625 0.1265625 0.15390625
0 0.6671875 0.328125 0.090625 0.12421875
0 0.68828125 0.4296875 0.12421875 0.1515625
0 0.69296875 0.54375 0.153125 0.17890625
0 0.79609375 0.69296875 0.16640625 0.23984375
0 0.8796875 0.57265625 0.15625 0.17890625
0 0.87265625 0.4640625 0.15625 0.15703125
0 0.771875 0.371875 0.10234375 0.140625