0 0.5921875 0.8109375 0.1015625 0.11875
0 0.43046875 0.23984375 0.10546875 0.1046875
0 0.7546875 0.72890625 0.1078125 0.1203125
0 0.7265625 0.3953125 0.0890625 0.11015625
0 0.5984375 0.3953125 0.109375 0.10625
0 0.3765625 0.35546875 0.1 0.1046875
0 0.24296875 0.58515625 0.0984375 0.1046875
0 0.6484375 0.65859375 0.09453125 0.11171875
0 0.84296875 0.5890625 0.1015625 0.11875
0 0.740625 0.53359375 0.1078125 0.1
0 0.2046875 0.44296875 0.10703125 0.1015625
0 0.1328125 0.3453125 0.11484375 0.1171875
0 0.25625 0.29453125 0.09609375 0.0984375
0 0.5921875 0.26171875 0.109375 0.11875
0 0.4890625 0.34453125 0.09765625 0.0796875
0 0.6703125 0.1609375 0.1015625 0.1
0 0.3296875 0.16171875 0.10703125 0.096875
0 0.5203125 0.1453125 0.10390625 0.10703125
0 0.62109375 0.5234375 0.084375 0.08984375
0 0.3953125 0.59609375 0.12109375 0.096875
0 0.1953125 0.20078125 0.090625 0.09296875
0 0.2015625 0.7140625 0.10234375 0.1234375
0 0.840625 0.41171875 0.1015625 0.103125
0 0.4953125 0.71328125 0.1078125 0.1046875
0 0.1296875 0.553125 0.0828125 0.096875
0 0.53671875 0.59609375 0.09609375 0.1
0 0.75703125 0.26328125 0.090625 0.1
0 0.35078125 0.7171875 0.1203125 0.11015625
0 0.41796875 0.83515625 0.09296875 0.0984375
0 0.325 0.478125 0.0828125 0.1171875