0 0.76796875 0.35234375 0.12421875 0.12734375
0 0.275 0.615625 0.1109375 0.12890625
0 0.6671875 0.18984375 0.1265625 0.13515625
0 0.3703125 0.27265625 0.11484375 0.11328125
0 0.38984375 0.41015625 0.11328125 0.13359375
0 0.38828125 0.65546875 0.1109375 0.1234375
0 0.6171875 0.76328125 0.1109375 0.121875
0 0.6203125 0.31484375 0.115625 0.11875
0 0.52734375 0.1171875 0.12421875 0.12734375
0 0.49296875 0.2359375 0.1078125 0.13203125
0 0.49375 0.8265625 0.109375 0.13046875
0 0.4171875 0.91953125 0.12421875 0.1421875
0 0.35234375 0.79453125 0.10390625 0.11875
0 0.26953125 0.43828125 0.125 0.13671875
0 0.3609375 0.5359375 0.08828125 0.1171875
0 0.165625 0.3703125 0.10703125 0.125
0 0.2203125 0.73671875 0.10546875 0.12890625
0 0.175 0.534375 0.11328125 0.12890625
0 0.50234375 0.365625 0.09453125 0.1046875
0 0.603125 0.596875 0.10703125 0.1453125
0 0.2765625 0.87421875 0.0984375 0.11171875
0 0.740625 0.7875 0.128125 0.12890625
0 0.36640625 0.14765625 0.109375 0.125
0 0.69375 0.471875 0.11171875 0.13203125
0 0.60625 0.88984375 0.1015625 0.1046875
0 0.58125 0.4453125 0.10546875 0.11875
0 0.2453125 0.26015625 0.10546875 0.11328125
0 0.7203125 0.6265625 0.11875 0.146875
0 0.8171875 0.5359375 0.10390625 0.11640625
0 0.50703125 0.690625 0.1203125 0.10703125