0 0.8015625 0.29140625 0.1515625 0.146875
0 0.7234375 0.42109375 0.153125 0.15625
0 0.22265625 0.415625 0.128125 0.15625
0 0.61796875 0.34453125 0.1203125 0.1484375
0 0.32734375 0.70234375 0.153125 0.15078125
0 0.58515625 0.58125 0.1015625 0.1234375
0 0.3671875 0.3359375 0.11796875 0.13671875
0 0.340625 0.1671875 0.18359375 0.1640625
0 0.44140625 0.6046875 0.178125 0.1546875
0 0.31015625 0.49296875 0.11796875 0.13125
0 0.69140625 0.2140625 0.11484375 0.12109375
0 0.4921875 0.321875 0.11796875 0.1078125
0 0.85859375 0.446875 0.11484375 0.1546875
0 0.5796875 0.18984375 0.11328125 0.15078125
0 0.459375 0.775 0.1453125 0.2015625
0 0.81015625 0.5984375 0.1234375 0.1484375
0 0.25 0.58515625 0.1015625 0.13671875
0 0.715625 0.73515625 0.13515625 0.146875
0 0.68515625 0.54921875 0.1 0.1234375
0 0.14921875 0.33828125 0.1 0.12890625
0 0.4703125 0.16953125 0.10859375 0.1234375
0 0.2671875 0.27421875 0.13203125 0.12890625
0 0.14140625 0.53203125 0.0984375 0.15625
0 0.5734375 0.75078125 0.096875 0.15234375
0 0.23984375 0.77109375 0.16328125 0.18359375