0 0.77734375 0.25078125 0.13984375 0.12734375
0 0.71328125 0.3890625 0.13984375 0.13671875
0 0.215625 0.45625 0.11484375 0.140625
0 0.6015625 0.32890625 0.10703125 0.13515625
0 0.35 0.72578125 0.13984375 0.13125
0 0.5921875 0.56875 0.08984375 0.11171875
0 0.3515625 0.35625 0.10703125 0.1234375
0 0.3078125 0.19296875 0.1703125 0.140625
0 0.453125 0.6125 0.16640625 0.13125
0 0.3109375 0.5203125 0.10703125 0.1171875
0 0.6609375 0.1890625 0.1046875 0.1078125
0 0.47421875 0.32421875 0.11015625 0.0921875
0 0.85 0.39609375 0.1015625 0.140625
0 0.54765625 0.18125 0.1 0.13671875
0 0.48828125 0.77890625 0.1265625 0.18359375
0 0.81796875 0.55390625 0.11015625 0.1328125
0 0.2609375 0.6203125 0.08984375 0.125
0 0.73828125 0.70234375 0.121875 0.13125
0 0.68828125 0.52265625 0.08828125 0.11171875
0 0.13515625 0.390625 0.08828125 0.1171875
0 0.4359375 0.17578125 0.0984375 0.109375
0 0.24609375 0.309375 0.1203125 0.11328125
0 0.14765625 0.5828125 0.08359375 0.14453125
0 0.5984375 0.7375 0.08203125 0.14296875
0 0.2703125 0.80625 0.146875 0.1640625