0 0.67734375 0.85390625 0.125 0.178125
0 0.5671875 0.7625 0.13359375 0.1796875
0 0.571875 0.17421875 0.13359375 0.15078125
0 0.6328125 0.6390625 0.1265625 0.140625
0 0.32734375 0.29765625 0.128125 0.1796875
0 0.43046875 0.6 0.1046875 0.11953125
0 0.63984375 0.34453125 0.11640625 0.1390625
0 0.78359375 0.31328125 0.13984375 0.215625
0 0.4109375 0.43125 0.13203125 0.209375
0 0.50546875 0.2765625 0.11171875 0.1390625
0 0.74296875 0.725 0.103125 0.13515625
0 0.6515625 0.49140625 0.09140625 0.1390625
0 0.5453125 0.92109375 0.13203125 0.13515625
0 0.7640625 0.59375 0.128125 0.1328125
0 0.265625 0.45234375 0.171875 0.1703125
0 0.415625 0.8640625 0.1265625 0.14453125
0 0.42734375 0.20625 0.11640625 0.11953125
0 0.3 0.753125 0.125 0.15859375
0 0.45859375 0.7171875 0.1046875 0.1171875
0 0.6375 0.08828125 0.11015625 0.1171875
0 0.78203125 0.46484375 0.1046875 0.12734375
0 0.6921875 0.22734375 0.11015625 0.1546875
0 0.47265625 0.07890625 0.13359375 0.115625
0 0.28671875 0.5859375 0.1296875 0.11328125
0 0.26953125 0.19453125 0.15703125 0.19140625