0 0.5296875 0.63046875 0.16796875 0.1515625
0 0.2359375 0.709375 0.15703125 0.1671875
0 0.3125 0.384375 0.18359375 0.15859375
0 0.2171875 0.2703125 0.14140625 0.165625
0 0.69609375 0.553125 0.13203125 0.1671875
0 0.784375 0.38359375 0.153125 0.1640625
0 0.3703125 0.2015625 0.18828125 0.178125
0 0.8390625 0.55234375 0.153125 0.178125
0 0.41328125 0.83515625 0.15859375 0.1390625
0 0.484375 0.3390625 0.1765625 0.17265625
0 0.603125 0.21875 0.1734375 0.140625
0 0.3671875 0.52734375 0.125 0.1515625
0 0.759375 0.21953125 0.15 0.1546875
0 0.26015625 0.5484375 0.121875 0.1515625
0 0.72578125 0.72421875 0.16015625 0.1859375
0 0.6453125 0.390625 0.13671875 0.13359375
0 0.5671875 0.765625 0.1703125 0.14765625
0 0.37890625 0.68828125 0.15 0.15703125
0 0.4859375 0.12578125 0.11015625 0.1515625
0 0.153125 0.44140625 0.1296875 0.18203125
0 0.6296875 0.8640625 0.1484375 0.128125