0 0.5484375 0.62421875 0.1515625 0.128125
0 0.26953125 0.7515625 0.13671875 0.14609375
0 0.2984375 0.41796875 0.16640625 0.13125
0 0.1875 0.32109375 0.121875 0.14765625
0 0.70078125 0.51953125 0.11171875 0.1515625
0 0.7640625 0.33671875 0.13515625 0.1421875
0 0.328125 0.22734375 0.16796875 0.1515625
0 0.8421875 0.49453125 0.13203125 0.15859375
0 0.46328125 0.84609375 0.14296875 0.115625
0 0.4609375 0.34296875 0.15703125 0.14765625
0 0.56171875 0.2046875 0.15859375 0.115625
0 0.3734375 0.5484375 0.10703125 0.13515625
0 0.71484375 0.17890625 0.13203125 0.13515625
0 0.2703125 0.58828125 0.103125 0.13515625
0 0.75546875 0.6828125 0.13828125 0.1640625
0 0.62734375 0.3671875 0.121875 0.11328125
0 0.6046875 0.7515625 0.1546875 0.12265625
0 0.4078125 0.70625 0.13203125 0.13671875
0 0.43203125 0.13359375 0.09140625 0.13671875
0 0.14921875 0.50078125 0.10703125 0.165625
0 0.68046875 0.8375 0.13515625 0.10625