0 0.2765625 0.1859375 0.1453125 0.18984375
0 0.59609375 0.85390625 0.1984375 0.19921875
0 0.625 0.58828125 0.16796875 0.2265625
0 0.2734375 0.7609375 0.13515625 0.17890625
0 0.603125 0.36484375 0.1953125 0.18984375
0 0.79609375 0.62421875 0.18359375 0.2578125
0 0.3234375 0.51171875 0.1515625 0.28515625
0 0.45078125 0.73828125 0.203125 0.17109375
0 0.7921875 0.29921875 0.16640625 0.21015625
0 0.4203125 0.26953125 0.18515625 0.165625
0 0.55 0.12890625 0.196875 0.16171875
0 0.16640625 0.48359375 0.13359375 0.25234375