0 0.27734375 0.46953125 0.1984375 0.26015625
0 0.396875 0.7125 0.1953125 0.2109375
0 0.61015625 0.671875 0.21328125 0.21328125
0 0.5265625 0.87265625 0.23515625 0.20546875
0 0.83671875 0.3515625 0.15859375 0.2640625
0 0.8171875 0.60859375 0.178125 0.2171875
0 0.2015625 0.70546875 0.1734375 0.2375
0 0.46796875 0.33125 0.1953125 0.190625
0 0.37890625 0.18671875 0.1765625 0.1640625
0 0.16328125 0.359375 0.1796875 0.21328125
0 0.66953125 0.428125 0.2015625 0.271875
0 0.62421875 0.20078125 0.18515625 0.1828125