0 0.2453125 0.3703125 0.18671875 0.225
0 0.74921875 0.7015625 0.1703125 0.18828125
0 0.29765625 0.77265625 0.171875 0.18203125
0 0.6453125 0.7828125 0.14375 0.17890625
0 0.40546875 0.8375 0.15859375 0.18046875
0 0.303125 0.24609375 0.165625 0.20625
0 0.22734375 0.6765625 0.16796875 0.14609375
0 0.67109375 0.23125 0.1265625 0.18671875
0 0.78984375 0.30234375 0.1640625 0.15390625
0 0.41796875 0.19765625 0.1296875 0.1953125
0 0.803125 0.446875 0.17734375 0.1203125
0 0.5390625 0.1953125 0.09765625 0.23125
0 0.19296875 0.5390625 0.16953125 0.15859375
0 0.7984375 0.58359375 0.1734375 0.1390625
0 0.53515625 0.84765625 0.09609375 0.18671875