0 0.234375 0.40234375 0.20390625 0.24375
0 0.76640625 0.67109375 0.18515625 0.20625
0 0.32421875 0.79609375 0.18671875 0.2
0 0.6703125 0.76328125 0.15859375 0.19296875
0 0.43671875 0.84765625 0.1734375 0.196875
0 0.28125 0.27109375 0.1828125 0.2234375
0 0.24453125 0.70859375 0.17890625 0.16484375
0 0.64609375 0.21171875 0.14296875 0.2
0 0.7703125 0.26796875 0.17578125 0.17265625
0 0.39140625 0.209375 0.1453125 0.209375
0 0.796875 0.4109375 0.18671875 0.13984375
0 0.51171875 0.19296875 0.1171875 0.240625
0 0.19765625 0.5765625 0.1828125 0.17734375
0 0.8046875 0.54765625 0.184375 0.15859375
0 0.56640625 0.84140625 0.11171875 0.1953125