1 0.91953125 0.809375 0.0875 0.13515625
0 0.425 0.6796875 0.0796875 0.078125
0 0.5984375 0.83515625 0.12109375 0.08046875
0 0.6953125 0.571875 0.0671875 0.05625
0 0.80546875 0.2140625 0.0984375 0.08046875
0 0.2390625 0.5328125 0.0640625 0.07578125
0 0.53828125 0.65703125 0.06484375 0.07109375
0 0.728125 0.17265625 0.10390625 0.0671875
0 0.84296875 0.18359375 0.09609375 0.06484375
0 0.3921875 0.45625 0.0671875 0.0359375
0 0.353125 0.6 0.07265625 0.0375
0 0.95546875 0.60703125 0.0421875 0.046875
0 0.8328125 0.65234375 0.0390625 0.05625
1 0.89453125 0.87578125 0.10625 0.08359375
0 0.115625 0.45234375 0.04140625 0.02890625
0 0.08515625 0.5734375 0.0296875 0.028125
0 0.2609375 0.30546875 0.0375 0.0296875
0 0.23203125 0.30703125 0.03984375 0.0296875
0 0.29140625 0.31015625 0.03359375 0.0296875
0 0.2703125 0.11484375 0.0296875 0.02734375
0 0.2078125 0.309375 0.01640625 0.0109375
0 0.28203125 0.62265625 0.0375 0.0296875
0 0.63046875 0.88203125 0.0203125 0.0171875
0 0.60625 0.50625 0.03984375 0.03125
0 0.66015625 0.5328125 0.04140625 0.03125
0 0.51484375 0.49453125 0.02890625 0.0203125
0 0.5734375 0.50078125 0.02890625 0.0203125
0 0.49140625 0.5 0.02890625 0.0203125
0 0.64140625 0.5109375 0.0390625 0.03125
0 0.54296875 0.465625 0.02734375 0.0203125
0 0.46953125 0.5078125 0.02734375 0.0203125
0 0.69609375 0.42109375 0.03125 0.0234375
0 0.42890625 0.49921875 0.02734375 0.01953125
0 0.45078125 0.49296875 0.02890625 0.021875
0 0.421875 0.4859375 0.01484375 0.0109375
0 0.45 0.50703125 0.01484375 0.0109375
0 0.6921875 0.4359375 0.0203125 0.0125
0 0.409375 0.48125 0.01640625 0.0125
0 0.4359375 0.48515625 0.0171875 0.01328125
0 0.546875 0.62734375 0.0421875 0.01015625
0 0.3234375 0.31875 0.03984375 0.0296875
0 0.3515625 0.33203125 0.0390625 0.0296875
0 0.37421875 0.3421875 0.0296875 0.021875
0 0.5265625 0.27421875 0.0203125 0.01015625
0 0.32734375 0.1671875 0.03125 0.028125
0 0.56171875 0.26328125 0.01875 0.0140625
0 0.54453125 0.27109375 0.01640625 0.0125
0 0.5078125 0.27421875 0.02109375 0.0109375
0 0.97265625 0.49375 0.0296875 0.0328125
0 0.946875 0.36484375 0.0171875 0.01484375
0 0.8671875 0.3890625 0.0171875 0.015625
0 0.9015625 0.20546875 0.0171875 0.01328125
0 0.48984375 0.271875 0.01875 0.01015625
0 0.2140625 0.2984375 0.0125 0.01015625
0 0.015625 0.5265625 0.0140625 0.0140625
0 0.0078125 0.5296875 0.0125 0.0140625
0 0.61328125 0.8828125 0.02109375 0.0125
0 0.78125 0.153125 0.0515625 0.01484375
0 0.746875 0.14921875 0.01484375 0.009375