1 0.140625 0.87421875 0.1734375 0.096875
0 0.253125 0.46640625 0.09609375 0.0515625
0 0.0671875 0.6140625 0.0953125 0.0828125
0 0.428125 0.65390625 0.06875 0.0453125
0 0.91640625 0.69296875 0.09765625 0.065625
0 0.425 0.31015625 0.0953125 0.0390625
0 0.296875 0.54765625 0.0890625 0.04140625
0 0.96015625 0.62890625 0.0796875 0.0703125
0 0.9609375 0.7171875 0.0765625 0.065625
0 0.5453125 0.4140625 0.03984375 0.046875
0 0.35 0.403125 0.0421875 0.05078125
0 0.4140625 0.8515625 0.05859375 0.0265625
0 0.3390625 0.76640625 0.07265625 0.02265625
1 0.05 0.8421875 0.1 0.07578125
0 0.51640625 0.2078125 0.03515625 0.028125
0 0.35234375 0.2 0.03515625 0.01953125
0 0.728125 0.2984375 0.0359375 0.025
0 0.7234375 0.2765625 0.0359375 0.02734375
0 0.72578125 0.32109375 0.0359375 0.02265625
0 0.98203125 0.2828125 0.03359375 0.01953125
0 0.7171875 0.259375 0.0140625 0.0109375
0 0.3109375 0.353125 0.0359375 0.025
0 0.01015625 0.64375 0.0203125 0.01328125
0 0.5046875 0.5796875 0.0375 0.02734375
0 0.4765625 0.6234375 0.0375 0.028125
0 0.50859375 0.51015625 0.025 0.01953125
0 0.5078125 0.5546875 0.025 0.01953125
0 0.4984375 0.49375 0.025 0.01953125
0 0.50234375 0.60625 0.0375 0.0265625
0 0.5515625 0.52734375 0.025 0.01875
0 0.4859375 0.478125 0.025 0.01875
0 0.62890625 0.63671875 0.02734375 0.0203125
0 0.4921875 0.446875 0.0234375 0.01875
0 0.503125 0.4625 0.0265625 0.01953125
0 0.509375 0.43984375 0.0140625 0.01015625
0 0.484375 0.46328125 0.0140625 0.01015625
0 0.6078125 0.63515625 0.0140625 0.0140625
0 0.5140625 0.43046875 0.01484375 0.0109375
0 0.51171875 0.45 0.01640625 0.0125
0 0.33671875 0.55078125 0.00859375 0.03125
0 0.71796875 0.34609375 0.0359375 0.02734375
0 0.7046875 0.36953125 0.0359375 0.0265625
0 0.69375 0.38671875 0.025 0.0203125
0 0.8015625 0.4921875 0.0109375 0.0140625
0 0.9203125 0.33046875 0.03515625 0.0203125
0 0.8203125 0.5171875 0.01640625 0.01328125
0 0.80859375 0.50546875 0.01484375 0.0109375
0 0.8 0.478125 0.0125 0.01484375
0 0.565625 0.85078125 0.04140625 0.01875
0 0.9453125 0.85234375 0.0203125 0.0140625
0 0.7328125 0.81640625 0.01875 0.0109375
0 0.69140625 0.76015625 0.0203125 0.0109375
0 0.9390625 0.76328125 0.01640625 0.0125
0 0.8 0.46484375 0.0109375 0.01328125
0 0.73203125 0.2625 0.0125 0.00859375
0 0.40546875 0.14296875 0.0171875 0.00859375
0 0.4 0.1375 0.0171875 0.0078125
0 0.00703125 0.63046875 0.0140625 0.01484375
0 0.99296875 0.6671875 0.0140625 0.0375
0 0.99453125 0.64140625 0.0109375 0.01015625