0 0.434375 0.58515625 0.05 0.06640625
0 0.425 0.75546875 0.04765625 0.0640625
0 0.503125 0.94140625 0.06484375 0.07265625
0 0.4953125 0.58984375 0.015625 0.0390625
0 0.4609375 0.034375 0.0390625 0.06328125
1 0.5921875 0.01953125 0.034375 0.0390625
1 0.18203125 0.20234375 0.1703125 0.17421875
1 0.3078125 0.278125 0.0546875 0.090625
1 0.25078125 0.5078125 0.165625 0.16328125
1 0.1859375 0.55390625 0.371875 0.47265625
1 0.56015625 0.6015625 0.1328125 0.2
1 0.925 0.60625 0.14921875 0.24921875
1 0.70703125 0.303125 0.42109375 0.60625
0 0.46328125 0.24375 0.03359375 0.028125
1 0.5109375 0.90234375 0.21953125 0.19453125