0 0.565625 0.41484375 0.05 0.06640625
0 0.575 0.24453125 0.04765625 0.0640625
0 0.496875 0.05859375 0.06484375 0.07265625
0 0.5046875 0.41015625 0.015625 0.0390625
0 0.5390625 0.965625 0.0390625 0.06328125
1 0.4078125 0.9796875 0.034375 0.040625
1 0.81796875 0.79765625 0.1703125 0.17421875
1 0.6921875 0.721875 0.0546875 0.090625
1 0.74921875 0.4921875 0.165625 0.16328125
1 0.8140625 0.44609375 0.371875 0.47265625
1 0.43984375 0.3984375 0.1328125 0.2
1 0.075 0.39375 0.14921875 0.24921875
1 0.29296875 0.696875 0.42109375 0.60625
0 0.53671875 0.75625 0.03359375 0.028125
1 0.4890625 0.09765625 0.21953125 0.19453125