0 0.259375 0.57578125 0.19296875 0.17265625
0 0.15078125 0.71328125 0.17578125 0.19609375
0 0.68125 0.6359375 0.19296875 0.1890625
0 0.3546875 0.31171875 0.13046875 0.16015625
0 0.37421875 0.14140625 0.14296875 0.1453125
0 0.13828125 0.465625 0.13203125 0.1453125
0 0.57421875 0.12578125 0.1453125 0.13671875
0 0.30859375 0.45390625 0.14765625 0.11875
0 0.6796875 0.840625 0.1625 0.16796875
0 0.4671875 0.2703125 0.134375 0.16328125
0 0.7421875 0.2140625 0.175 0.1484375
0 0.2796875 0.8296875 0.14375 0.1515625
0 0.20859375 0.28828125 0.128125 0.16640625
0 0.4765625 0.8546875 0.1265625 0.1390625
0 0.34765625 0.675 0.13828125 0.16484375
0 0.52578125 0.6984375 0.2078125 0.13671875
0 0.60625 0.32109375 0.16015625 0.20703125
0 0.85 0.41015625 0.12265625 0.1890625
0 0.70546875 0.509375 0.153125 0.1484375
0 0.85 0.6484375 0.14296875 0.19375
0 0.69453125 0.37265625 0.15859375 0.17421875