0 0.790625 0.23828125 0.18828125 0.21171875
0 0.63359375 0.140625 0.15390625 0.1578125
0 0.31015625 0.3765625 0.190625 0.20859375
0 0.4859375 0.15234375 0.1484375 0.1390625
0 0.4015625 0.69765625 0.1671875 0.21953125
0 0.64453125 0.66953125 0.1390625 0.1734375
0 0.84765625 0.49296875 0.1390625 0.16875
0 0.72265625 0.4 0.19921875 0.18828125
0 0.4609375 0.8796875 0.14296875 0.1484375
0 0.79453125 0.6859375 0.13984375 0.18046875
0 0.540625 0.72265625 0.14140625 0.18046875
0 0.62265625 0.309375 0.1375 0.17890625
0 0.16796875 0.6109375 0.1265625 0.20078125
0 0.29453125 0.51484375 0.15859375 0.153125
0 0.46015625 0.32109375 0.2015625 0.146875
0 0.3203125 0.1859375 0.17109375 0.18046875
0 0.15078125 0.4 0.13984375 0.21640625
0 0.3015625 0.79453125 0.1828125 0.1671875
0 0.6484375 0.82890625 0.15078125 0.1734375
0 0.3140625 0.64375 0.17109375 0.19296875
0 0.67890625 0.54140625 0.11640625 0.165625