0 0.67265625 0.8765625 0.1828125 0.21796875
0 0.78203125 0.71484375 0.1359375 0.178125
0 0.63828125 0.30546875 0.18046875 0.22109375
0 0.7984375 0.54375 0.1203125 0.171875
0 0.34921875 0.35390625 0.18984375 0.19296875
0 0.33125 0.63515625 0.14921875 0.1609375
0 0.44609375 0.89765625 0.1453125 0.1609375
0 0.54609375 0.7703125 0.1625 0.23046875
0 0.184375 0.38984375 0.128125 0.165625
0 0.29140625 0.803125 0.15625 0.1625
0 0.30390625 0.5078125 0.15625 0.1640625
0 0.640625 0.6734375 0.1546875 0.159375
0 0.46328125 0.10234375 0.1734375 0.146875
0 0.5234375 0.26328125 0.13203125 0.18359375
0 0.659375 0.48515625 0.1265625 0.23359375
0 0.7984375 0.34921875 0.15625 0.19765625
0 0.6453125 0.11875 0.18671875 0.1625
0 0.28359375 0.22265625 0.14453125 0.21171875
0 0.19453125 0.61171875 0.14921875 0.175
0 0.41015625 0.26328125 0.1671875 0.19765625
0 0.43359375 0.69609375 0.14296875 0.134375