0 0.5875 0.75703125 0.13203125 0.1734375
0 0.775 0.61875 0.14375 0.1875
0 0.32890625 0.46953125 0.1265625 0.171875
0 0.43671875 0.078125 0.1328125 0.15625
0 0.28515625 0.625 0.1453125 0.18671875
0 0.29609375 0.29921875 0.13203125 0.1359375
0 0.73203125 0.815625 0.1171875 0.165625
0 0.18046875 0.38828125 0.11484375 0.15234375
0 0.46171875 0.62421875 0.12421875 0.1375
0 0.44375 0.24453125 0.13984375 0.15234375
0 0.4203125 0.7671875 0.14921875 0.14765625
0 0.2765625 0.79921875 0.134375 0.1046875
0 0.5015625 0.91484375 0.15703125 0.1375
0 0.58203125 0.20390625 0.1171875 0.12109375
0 0.6203125 0.58515625 0.15234375 0.165625
0 0.73828125 0.246875 0.17578125 0.159375
0 0.16015625 0.5671875 0.109375 0.12890625
0 0.7796875 0.425 0.11875 0.14921875
0 0.61953125 0.371875 0.1453125 0.18515625
0 0.61484375 0.0765625 0.15234375 0.1375
0 0.26484375 0.1640625 0.153125 0.15546875