0 0.5796875 0.76015625 0.1375 0.17734375
0 0.7703125 0.6296875 0.14921875 0.19375
0 0.3296875 0.46328125 0.13203125 0.17578125
0 0.45 0.078125 0.1375 0.15625
0 0.28125 0.6171875 0.15078125 0.1921875
0 0.30234375 0.29140625 0.1359375 0.140625
0 0.721875 0.825 0.12265625 0.1703125
0 0.184375 0.37578125 0.1203125 0.15703125
0 0.4578125 0.62265625 0.128125 0.1421875
0 0.45234375 0.24296875 0.1453125 0.15859375
0 0.41171875 0.7640625 0.153125 0.15390625
0 0.2671875 0.790625 0.1375 0.109375
0 0.48828125 0.91484375 0.16171875 0.14375
0 0.59140625 0.2078125 0.12109375 0.12578125
0 0.6171875 0.58984375 0.15703125 0.171875
0 0.74609375 0.25703125 0.18125 0.1671875
0 0.1578125 0.55390625 0.11328125 0.1328125
0 0.78125 0.43671875 0.12265625 0.15390625
0 0.6234375 0.3765625 0.15078125 0.190625
0 0.628125 0.08046875 0.15625 0.14375
0 0.275 0.15546875 0.15859375 0.1609375