0 0.26796875 0.596875 0.15625 0.14609375
0 0.39296875 0.8046875 0.16953125 0.159375
0 0.52734375 0.31015625 0.1546875 0.140625
0 0.88125 0.43125 0.14375 0.14765625
0 0.3875 0.26171875 0.16796875 0.1609375
0 0.68046875 0.2734375 0.12265625 0.14609375
0 0.215625 0.75703125 0.14921875 0.13046875
0 0.60078125 0.14609375 0.1375 0.12734375
0 0.38828125 0.4578125 0.12421875 0.1375
0 0.7296875 0.4375 0.1375 0.15546875
0 0.259375 0.4109375 0.13359375 0.165625
0 0.2296875 0.25234375 0.09453125 0.14921875
0 0.12578125 0.5015625 0.12421875 0.17421875
0 0.76640625 0.590625 0.109375 0.13046875
0 0.4234375 0.6328125 0.14921875 0.16875
0 0.728125 0.7640625 0.14375 0.1953125
0 0.4390625 0.12265625 0.115625 0.12109375
0 0.5671875 0.81015625 0.134375 0.13203125
0 0.615625 0.63203125 0.16640625 0.1609375
0 0.88203125 0.62734375 0.12421875 0.16875
0 0.80234375 0.2390625 0.13984375 0.1703125