0 0.24765625 0.7171875 0.1453125 0.1390625
0 0.70625 0.740625 0.1109375 0.1109375
0 0.6109375 0.3296875 0.1109375 0.1515625
0 0.33125 0.58671875 0.1203125 0.1203125
0 0.8078125 0.36796875 0.1203125 0.140625
0 0.48828125 0.27578125 0.128125 0.13671875
0 0.34609375 0.33515625 0.14296875 0.1546875
0 0.17734375 0.3453125 0.1359375 0.1421875
0 0.45234375 0.65390625 0.1546875 0.15546875
0 0.29296875 0.47265625 0.1265625 0.10625
0 0.4140625 0.83359375 0.14140625 0.153125
0 0.72109375 0.23359375 0.115625 0.121875
0 0.1625 0.54921875 0.1171875 0.13515625
0 0.55859375 0.1328125 0.1375 0.1171875
0 0.69609375 0.428125 0.11484375 0.11875
0 0.33828125 0.1671875 0.1453125 0.13359375
0 0.58359375 0.6359375 0.109375 0.1546875
0 0.82890625 0.6359375 0.09765625 0.1296875
0 0.7046875 0.57421875 0.14921875 0.13828125
0 0.56640625 0.80625 0.08125 0.11328125
0 0.815625 0.4984375 0.08671875 0.0734375