0 0.7796875 0.32109375 0.1625 0.15859375
0 0.32890625 0.23203125 0.12421875 0.12578125
0 0.3671875 0.65234375 0.13046875 0.165625
0 0.67890625 0.4375 0.134375 0.13671875
0 0.17734375 0.58671875 0.1375 0.15703125
0 0.48125 0.7234375 0.1453125 0.153125
0 0.6296875 0.68515625 0.1625 0.1734375
0 0.7984375 0.6984375 0.153125 0.16015625
0 0.56875 0.3546875 0.175 0.1765625
0 0.7015625 0.55703125 0.13984375 0.12265625
0 0.63046875 0.18203125 0.16171875 0.171875
0 0.24453125 0.73203125 0.13203125 0.13671875
0 0.840625 0.49921875 0.134375 0.15
0 0.3921875 0.85546875 0.15234375 0.13515625
0 0.29609375 0.54296875 0.1296875 0.13359375
0 0.61484375 0.85234375 0.1625 0.153125
0 0.4359375 0.35390625 0.1296875 0.16796875
0 0.19296875 0.31796875 0.11484375 0.1421875
0 0.30703125 0.396875 0.16640625 0.15859375
0 0.475 0.1875 0.09609375 0.12421875
0 0.1875 0.45625 0.09609375 0.0859375