0 0.1015625 0.609375 0.128125 0.18046875
0 0.86796875 0.84296875 0.01796875 0.021875
0 0.96484375 0.859375 0.01171875 0.01328125
0 0.94921875 0.89453125 0.0140625 0.01484375
0 0.9515625 0.75 0.0265625 0.03125
0 0.98828125 0.69375 0.0234375 0.03203125
0 0.9953125 0.55 0.009375 0.02734375
0 0.85546875 0.13125 0.03515625 0.0328125
0 0.8578125 0.0765625 0.034375 0.0328125
0 0.9359375 0.09453125 0.046875 0.0453125
0 0.98984375 0.1671875 0.0203125 0.03515625
0 0.56171875 0.1109375 0.0109375 0.021875
0 0.51953125 0.3421875 0.00859375 0.01875
1 0.51796875 0.1265625 0.1578125 0.18984375
1 0.6984375 0.35546875 0.08046875 0.08828125
1 0.771875 0.31640625 0.278125 0.26796875
1 0.6734375 0.4859375 0.04921875 0.0625
1 0.7859375 0.51796875 0.11015625 0.09921875
1 0.4875 0.63828125 0.0546875 0.0609375
1 0.6484375 0.78125 0.134375 0.15625
1 0.4453125 0.81484375 0.10390625 0.109375
1 0.25859375 0.8640625 0.171875 0.171875
1 0.4875 0.340625 0.07578125 0.096875
1 0.42265625 0.49140625 0.24296875 0.29140625
1 0.2265625 0.37734375 0.20703125 0.24609375