0 0.5796875 0.91171875 0.1859375 0.1421875
0 0.8625 0.15078125 0.02265625 0.01953125
0 0.88515625 0.05390625 0.0140625 0.0125
0 0.91875 0.071875 0.015625 0.01484375
0 0.7765625 0.059375 0.0328125 0.02890625
0 0.7234375 0.02265625 0.03203125 0.01796875
0 0.16328125 0.1140625 0.034375 0.03828125
0 0.109375 0.1078125 0.034375 0.03671875
0 0.13203125 0.0296875 0.04765625 0.05
0 0.12265625 0.4109375 0.021875 0.0125
0 0.346875 0.46953125 0.01953125 0.01015625
1 0.134375 0.45546875 0.19765625 0.17265625
1 0.371875 0.2890625 0.0921875 0.0875
1 0.3390625 0.21171875 0.28203125 0.3
1 0.4984375 0.32265625 0.065625 0.0546875
1 0.5375 0.2109375 0.10546875 0.11796875
1 0.634375 0.52265625 0.06328125 0.06015625
1 0.7859375 0.36953125 0.1625 0.146875
1 0.8046875 0.57734375 0.11484375 0.1125
1 0.840625 0.7703125 0.18046875 0.1859375
1 0.34296875 0.5015625 0.1 0.08359375
1 0.4859375 0.57734375 0.303125 0.2671875
1 0.3609375 0.76875 0.25546875 0.22734375