0 0.8921875 0.36953125 0.13671875 0.1875
0 0.11484375 0.17734375 0.01953125 0.02265625
0 0.0171875 0.165625 0.0125 0.0140625
0 0.03125 0.1296875 0.01484375 0.015625
0 0.0359375 0.27421875 0.028125 0.0328125
0 0.00703125 0.33203125 0.0140625 0.0328125
0 0.00390625 0.475 0.0078125 0.028125
0 0.1640625 0.88671875 0.03671875 0.03515625
0 0.16484375 0.94140625 0.03515625 0.03515625
0 0.08515625 0.928125 0.0484375 0.04765625
0 0.028125 0.85859375 0.021875 0.0359375
0 0.45859375 0.8921875 0.0125 0.02265625
0 0.48828125 0.6578125 0.009375 0.01953125
1 0.50078125 0.87421875 0.1671875 0.1984375
1 0.31015625 0.6546875 0.08515625 0.0921875
1 0.23828125 0.69765625 0.29140625 0.28203125
1 0.32734375 0.5234375 0.053125 0.065625
1 0.2140625 0.49765625 0.11484375 0.10546875
1 0.50546875 0.36171875 0.0578125 0.06328125
1 0.3375 0.22734375 0.14140625 0.16328125
1 0.53828125 0.1828125 0.109375 0.11484375
1 0.72265625 0.1234375 0.1796875 0.18046875
1 0.52109375 0.6578125 0.08046875 0.10078125
1 0.57734375 0.5046875 0.2578125 0.3046875
1 0.77890625 0.6078125 0.21953125 0.25625