0 0.7921875 0.71015625 0.15234375 0.1640625
0 0.4140625 0.86640625 0.165625 0.159375
0 0.83125 0.50546875 0.15234375 0.1828125
0 0.4359375 0.70234375 0.13203125 0.1609375
0 0.675 0.61953125 0.15859375 0.17265625
0 0.4296875 0.3 0.11328125 0.13671875
0 0.15703125 0.3828125 0.1359375 0.165625
0 0.79765625 0.30234375 0.1546875 0.17109375
0 0.2328125 0.7546875 0.16171875 0.17734375
0 0.61171875 0.8421875 0.16171875 0.17578125
0 0.15234375 0.58671875 0.115625 0.15078125
0 0.2828125 0.49453125 0.16015625 0.15390625
0 0.25234375 0.2140625 0.14375 0.15234375
0 0.69140625 0.48359375 0.13046875 0.13671875
0 0.33046875 0.625 0.14765625 0.1453125
0 0.64453125 0.18125 0.15078125 0.16875
0 0.55390625 0.684375 0.134375 0.14765625
0 0.65390625 0.353125 0.14375 0.15234375
0 0.44765625 0.15 0.16640625 0.17109375
0 0.31171875 0.34765625 0.14765625 0.17734375
0 0.53984375 0.29453125 0.1265625 0.15546875