0 0.69609375 0.19609375 0.15703125 0.15703125
0 0.18125 0.3109375 0.13203125 0.16015625
0 0.14140625 0.5125 0.1015625 0.1875
0 0.5046875 0.12109375 0.146875 0.14921875
0 0.54765625 0.28046875 0.1 0.12734375
0 0.66015625 0.61484375 0.14375 0.12578125
0 0.34765625 0.81171875 0.1359375 0.14453125
0 0.41953125 0.6609375 0.12109375 0.15078125
0 0.42734375 0.2625 0.1109375 0.14296875
0 0.29296875 0.46328125 0.146875 0.1234375
0 0.79453125 0.3828125 0.115625 0.14296875
0 0.2984375 0.16640625 0.12421875 0.14140625
0 0.81953125 0.559375 0.09609375 0.13671875
0 0.54765625 0.6796875 0.11484375 0.13515625
0 0.68046875 0.48359375 0.12265625 0.10625
0 0.63046875 0.3578125 0.13359375 0.13359375
0 0.534375 0.83046875 0.13984375 0.115625
0 0.19296875 0.6984375 0.10546875 0.121875
0 0.70234375 0.7671875 0.1171875 0.13203125
0 0.31171875 0.59453125 0.12109375 0.13671875
0 0.3234375 0.33515625 0.115625 0.10625