0 0.31328125 0.81171875 0.16171875 0.16328125
0 0.82421875 0.67578125 0.1375 0.16484375
0 0.8578125 0.4734375 0.10703125 0.1921875
0 0.50703125 0.87890625 0.15078125 0.15546875
0 0.45859375 0.72109375 0.10390625 0.13203125
0 0.33671875 0.39140625 0.14765625 0.13203125
0 0.64296875 0.18203125 0.13984375 0.15078125
0 0.57578125 0.3359375 0.125 0.15546875
0 0.5796875 0.734375 0.11484375 0.14765625
0 0.70703125 0.528125 0.15078125 0.12890625
0 0.209375 0.628125 0.1203125 0.14765625
0 0.71171875 0.825 0.128125 0.14609375
0 0.1796875 0.45390625 0.1 0.13984375
0 0.44765625 0.32265625 0.11875 0.13984375
0 0.3203125 0.5234375 0.125 0.1109375
0 0.37421875 0.64765625 0.1375 0.13828125
0 0.45546875 0.17109375 0.14375 0.121875
0 0.8015625 0.2890625 0.109375 0.12578125
0 0.2890625 0.24140625 0.12109375 0.13671875
0 0.68515625 0.39765625 0.125 0.14140625
0 0.68125 0.6578125 0.11875 0.1109375