0 0.76015625 0.73125 0.13828125 0.184375
0 0.66953125 0.13515625 0.14140625 0.15546875
0 0.4953125 0.0859375 0.1640625 0.1203125
0 0.82890625 0.5125 0.13203125 0.17265625
0 0.6890625 0.559375 0.11171875 0.1171875
0 0.39765625 0.68203125 0.11171875 0.16796875
0 0.2328125 0.31953125 0.128125 0.16015625
0 0.36171875 0.40390625 0.13359375 0.14296875
0 0.70703125 0.4203125 0.125 0.13046875
0 0.53515625 0.2625 0.109375 0.17109375
0 0.59609375 0.8421875 0.1265625 0.13671875
0 0.79296875 0.27421875 0.125 0.14609375
0 0.44296875 0.86796875 0.1203125 0.1140625
0 0.34296875 0.5515625 0.11875 0.13515625
0 0.5109375 0.70859375 0.09453125 0.14296875
0 0.62109375 0.653125 0.11875 0.15703125
0 0.2125 0.53359375 0.10234375 0.16328125
0 0.33359375 0.1421875 0.10703125 0.1234375
0 0.265625 0.72890625 0.1171875 0.13671875
0 0.42109375 0.28125 0.12109375 0.14296875
0 0.64609375 0.29921875 0.09453125 0.13515625