0 0.59765625 0.146875 0.16171875 0.159375
0 0.66640625 0.35 0.14375 0.15546875
0 0.21328125 0.259375 0.13984375 0.15
0 0.75 0.77421875 0.14921875 0.15859375
0 0.70625 0.4875 0.175 0.13828125
0 0.39765625 0.31484375 0.134375 0.15859375
0 0.534375 0.86484375 0.17734375 0.16640625
0 0.534375 0.31484375 0.14140625 0.16953125
0 0.3046875 0.81953125 0.18828125 0.178125
0 0.38984375 0.16015625 0.165625 0.13203125
0 0.8515625 0.61640625 0.15859375 0.1765625
0 0.77734375 0.240625 0.1296875 0.1359375
0 0.59296875 0.70703125 0.134375 0.15859375
0 0.6875 0.6171875 0.13984375 0.1203125
0 0.17109375 0.65859375 0.13984375 0.15234375
0 0.29140625 0.5296875 0.14765625 0.11796875
0 0.35703125 0.6375 0.15234375 0.1609375
0 0.86796875 0.40859375 0.128125 0.19765625
0 0.45703125 0.70234375 0.12265625 0.14140625
0 0.29765625 0.403125 0.171875 0.1453125
0 0.12734375 0.46796875 0.11875 0.1453125