0 0.3625 0.8375 0.146875 0.14140625
0 0.3171875 0.62734375 0.1296875 0.13984375
0 0.75703125 0.77578125 0.125 0.134375
0 0.284375 0.1953125 0.13359375 0.14296875
0 0.29375 0.4859375 0.1625 0.11875
0 0.58046875 0.696875 0.11875 0.14453125
0 0.50859375 0.13359375 0.16171875 0.146875
0 0.44375 0.67890625 0.12421875 0.15390625
0 0.73046875 0.2078125 0.1703125 0.15703125
0 0.5703125 0.8515625 0.153125 0.11328125
0 0.16484375 0.33984375 0.14140625 0.159375
0 0.19453125 0.721875 0.115625 0.121875
0 0.43203125 0.28203125 0.11875 0.14453125
0 0.32734375 0.36015625 0.1296875 0.1046875
0 0.84453125 0.38515625 0.125 0.1375
0 0.7109375 0.496875 0.1375 0.10078125
0 0.6578125 0.38203125 0.1359375 0.14453125
0 0.12421875 0.54375 0.1078125 0.18515625
0 0.565625 0.3046875 0.1078125 0.12890625
0 0.68984375 0.621875 0.15859375 0.12578125
0 0.865625 0.5796875 0.10390625 0.1328125