0 0.81640625 0.65625 0.13984375 0.15859375
0 0.61484375 0.69609375 0.1375 0.13984375
0 0.77109375 0.23984375 0.13203125 0.1359375
0 0.20234375 0.71640625 0.13984375 0.14453125
0 0.4796875 0.715625 0.11875 0.175
0 0.68984375 0.42265625 0.14140625 0.13046875
0 0.15234375 0.478125 0.1453125 0.175
0 0.66875 0.56484375 0.15078125 0.1359375
0 0.2296875 0.24765625 0.1546875 0.18515625
0 0.83671875 0.4390625 0.11328125 0.165625
0 0.3359375 0.846875 0.15703125 0.15390625
0 0.70078125 0.828125 0.1203125 0.12578125
0 0.290625 0.5640625 0.14140625 0.13046875
0 0.3609375 0.6765625 0.10390625 0.13984375
0 0.40234375 0.134375 0.134375 0.1359375
0 0.5046875 0.27890625 0.1015625 0.146875
0 0.39296875 0.3296875 0.14140625 0.1484375
0 0.52890625 0.89609375 0.1796875 0.1203125
0 0.31640625 0.4234375 0.1265625 0.11796875
0 0.62265625 0.3046875 0.125 0.17109375
0 0.58828125 0.11796875 0.13046875 0.11328125