0 0.11875 0.3859375 0.125 0.15859375
0 0.38671875 0.225 0.14765625 0.1359375
0 0.2484375 0.56875 0.12109375 0.13125
0 0.403125 0.5828125 0.1140625 0.13359375
0 0.68828125 0.59453125 0.1328125 0.14296875
0 0.3734375 0.71953125 0.1359375 0.15078125
0 0.803125 0.6890625 0.125 0.13828125
0 0.4296875 0.35078125 0.1203125 0.134375
0 0.50625 0.109375 0.15 0.13359375
0 0.55546875 0.54921875 0.1203125 0.12890625
0 0.1375 0.65390625 0.12734375 0.15
0 0.24921875 0.3703125 0.12734375 0.13515625
0 0.840625 0.4625 0.121875 0.14140625
0 0.7046875 0.390625 0.11640625 0.121875
0 0.58125 0.2640625 0.11484375 0.11796875
0 0.3328125 0.4578125 0.103125 0.10625
0 0.5703125 0.39921875 0.10859375 0.115625
0 0.7296875 0.20859375 0.1234375 0.1390625
0 0.56015625 0.8484375 0.14375 0.1453125
0 0.24765625 0.1828125 0.13203125 0.11875
0 0.2875 0.85546875 0.13828125 0.14375
0 0.546875 0.6953125 0.09453125 0.10234375