0 0.4609375 0.17890625 0.134375 0.12265625
0 0.11328125 0.60546875 0.11015625 0.1453125
0 0.359375 0.76484375 0.1265625 0.140625
0 0.60625 0.1109375 0.1390625 0.12109375
0 0.284375 0.3203125 0.11328125 0.1203125
0 0.14140625 0.3328125 0.1046875 0.15
0 0.53125 0.8828125 0.13203125 0.13359375
0 0.7125 0.6625 0.11953125 0.13125
0 0.79921875 0.246875 0.11484375 0.12734375
0 0.4703125 0.33671875 0.10703125 0.1265625
0 0.4203125 0.5875 0.10234375 0.12734375
0 0.58046875 0.58125 0.109375 0.12109375
0 0.3046875 0.13671875 0.1265625 0.10234375
0 0.8796875 0.53828125 0.1109375 0.134375
0 0.790625 0.79765625 0.11796875 0.12734375
0 0.759375 0.45078125 0.10703125 0.11640625
0 0.36015625 0.43671875 0.09453125 0.09921875
0 0.53046875 0.72578125 0.084375 0.0953125
0 0.6265625 0.265625 0.1078125 0.11171875
0 0.21875 0.834375 0.12265625 0.1453125
0 0.621875 0.41328125 0.09921875 0.10703125
0 0.2578125 0.54609375 0.10625 0.12578125