0 0.42109375 0.18828125 0.1484375 0.14296875
0 0.13046875 0.6640625 0.12734375 0.1609375
0 0.39375 0.78359375 0.14296875 0.15859375
0 0.55625 0.0984375 0.153125 0.14140625
0 0.2640625 0.35546875 0.12734375 0.13671875
0 0.1234375 0.38984375 0.12265625 0.16484375
0 0.57890625 0.87421875 0.14765625 0.15234375
0 0.73125 0.628125 0.13515625 0.14921875
0 0.7640625 0.203125 0.1296875 0.14375
0 0.45 0.3421875 0.121875 0.1421875
0 0.4328125 0.59921875 0.1171875 0.1421875
0 0.58984375 0.56875 0.1234375 0.13671875
0 0.2609375 0.1703125 0.13828125 0.1203125
0 0.88046875 0.47890625 0.1265625 0.15
0 0.825 0.75 0.1328125 0.14453125
0 0.7515625 0.41171875 0.1203125 0.13125
0 0.353125 0.45859375 0.10625 0.11328125
0 0.55859375 0.71875 0.0953125 0.10703125
0 0.59609375 0.2484375 0.12109375 0.12734375
0 0.26328125 0.875 0.13984375 0.1625
0 0.61015625 0.3953125 0.11171875 0.12109375
0 0.265625 0.5828125 0.12109375 0.14140625