0 0.78671875 0.3453125 0.09140625 0.0984375
0 0.8046875 0.7609375 0.06796875 0.0984375
0 0.76171875 0.6921875 0.06640625 0.0890625
0 0.215625 0.33515625 0.06796875 0.09140625
0 0.46015625 0.24140625 0.08828125 0.07890625
0 0.68046875 0.69140625 0.08203125 0.0984375
0 0.2515625 0.39609375 0.078125 0.10390625
0 0.3765625 0.2671875 0.08359375 0.08046875
0 0.6625 0.2171875 0.09140625 0.07890625
0 0.5578125 0.79375 0.0734375 0.09140625
0 0.79140625 0.4421875 0.08515625 0.09140625
0 0.46953125 0.15234375 0.078125 0.0984375
0 0.7765625 0.61953125 0.0703125 0.08203125
0 0.86953125 0.56015625 0.0765625 0.1109375
0 0.34140625 0.5375 0.078125 0.08203125
0 0.3078125 0.32109375 0.0703125 0.07890625
0 0.7671875 0.2140625 0.06484375 0.06953125
0 0.50859375 0.89453125 0.103125 0.10390625
0 0.26328125 0.66875 0.0734375 0.0765625
0 0.39453125 0.1765625 0.0734375 0.10390625
0 0.7015625 0.378125 0.0953125 0.07890625
0 0.259375 0.26015625 0.06640625 0.084375
0 0.65546875 0.49140625 0.075 0.08203125
0 0.7953125 0.53203125 0.06640625 0.0875
0 0.721875 0.2875 0.0703125 0.08046875
0 0.61484375 0.86796875 0.09296875 0.125
0 0.23046875 0.59140625 0.0796875 0.09296875
0 0.31328125 0.73671875 0.08515625 0.09140625
0 0.2265625 0.49375 0.078125 0.0984375
0 0.840625 0.2953125 0.08359375 0.084375
0 0.17578125 0.41875 0.06171875 0.08046875
0 0.3890625 0.39765625 0.06328125 0.071875
0 0.290625 0.47265625 0.06015625 0.075
0 0.66953125 0.1109375 0.103125 0.0734375
0 0.35 0.4578125 0.0703125 0.0765625
0 0.53359375 0.06875 0.071875 0.071875
0 0.725 0.4609375 0.0765625 0.0890625
0 0.71328125 0.88828125 0.075 0.075
0 0.13359375 0.359375 0.06796875 0.11953125
0 0.16484375 0.5234375 0.06640625 0.0734375
0 0.275 0.80390625 0.08515625 0.071875
0 0.425 0.88125 0.08671875 0.06953125
0 0.2109375 0.8421875 0.08671875 0.08203125
0 0.71484375 0.61328125 0.06015625 0.06953125
0 0.665625 0.3140625 0.071875 0.0890625
0 0.2296875 0.18671875 0.071875 0.0734375
0 0.72265625 0.5421875 0.0765625 0.07890625
0 0.5625 0.171875 0.11796875 0.0859375
0 0.32265625 0.209375 0.078125 0.14140625
0 0.65546875 0.5640625 0.075 0.06953125
0 0.73671875 0.76171875 0.06640625 0.0890625
0 0.22109375 0.7140625 0.071875 0.08046875
0 0.6109375 0.37265625 0.06484375 0.08203125
0 0.178125 0.62265625 0.06171875 0.08046875
0 0.3953125 0.3296875 0.071875 0.0625
0 0.6859375 0.821875 0.071875 0.0890625
0 0.34453125 0.67421875 0.06796875 0.0734375
0 0.3734375 0.075 0.08359375 0.096875
0 0.3796875 0.93828125 0.11484375 0.0890625
0 0.621875 0.75859375 0.071875 0.06953125
0 0.59609375 0.2734375 0.09140625 0.08046875
0 0.528125 0.2484375 0.0734375 0.0734375
0 0.34609375 0.84609375 0.05859375 0.06640625
0 0.3953125 0.7875 0.0984375 0.0765625
0 0.60390625 0.6984375 0.06640625 0.0765625
0 0.63203125 0.628125 0.06171875 0.06953125
0 0.5 0.72734375 0.078125 0.08046875
0 0.48046875 0.8046875 0.0796875 0.075
0 0.57109375 0.609375 0.06328125 0.08046875
0 0.57265625 0.34609375 0.05703125 0.0640625
0 0.49765625 0.3765625 0.08203125 0.08203125
0 0.4375 0.734375 0.06015625 0.0640625
0 0.4734375 0.4421875 0.05703125 0.06796875
0 0.36171875 0.60859375 0.075 0.0734375
0 0.4671875 0.3140625 0.0703125 0.0640625
0 0.11953125 0.6046875 0.0546875 0.10546875
0 0.63515625 0.4328125 0.0546875 0.0640625
0 0.5296875 0.31328125 0.05703125 0.05390625
0 0.3046875 0.6109375 0.05703125 0.06953125
0 0.30546875 0.403125 0.05 0.06640625
0 0.340625 0.37578125 0.05 0.059375
0 0.5859375 0.49453125 0.06640625 0.0625
0 0.27890625 0.55 0.0484375 0.06796875
0 0.4046875 0.5328125 0.05859375 0.05390625
0 0.5640625 0.71796875 0.0515625 0.0640625
0 0.5828125 0.5484375 0.06796875 0.05546875
0 0.53515625 0.65 0.071875 0.0625
0 0.54609375 0.4140625 0.071875 0.075
0 0.40078125 0.64765625 0.05859375 0.0625
0 0.52890625 0.51875 0.06796875 0.05703125
0 0.4390625 0.38359375 0.0515625 0.0734375
0 0.48828125 0.6671875 0.06015625 0.0765625
0 0.390625 0.71484375 0.04140625 0.046875
0 0.52265625 0.47265625 0.06640625 0.06796875
0 0.428125 0.44921875 0.053125 0.071875
0 0.4890625 0.59609375 0.0546875 0.084375
0 0.4046875 0.48515625 0.06328125 0.05
0 0.575 0.44453125 0.05703125 0.04453125
0 0.43828125 0.66875 0.053125 0.075
0 0.52265625 0.5703125 0.0703125 0.0640625
0 0.4203125 0.5859375 0.04296875 0.0640625
0 0.4453125 0.60546875 0.05 0.0765625