0 0.6640625 0.79609375 0.08671875 0.09140625
0 0.278125 0.84453125 0.08828125 0.06640625
0 0.3390625 0.79375 0.0796875 0.06640625
0 0.63359375 0.184375 0.0796875 0.06796875
0 0.7375 0.4390625 0.06796875 0.0890625
0 0.33515625 0.70625 0.08671875 0.08046875
0 0.57890625 0.22734375 0.09140625 0.0765625
0 0.7078125 0.3515625 0.0703125 0.084375
0 0.77421875 0.65390625 0.06640625 0.09296875
0 0.23203125 0.58203125 0.0796875 0.0734375
0 0.57421875 0.80859375 0.0796875 0.0859375
0 0.82109375 0.44296875 0.08671875 0.0765625
0 0.40859375 0.8046875 0.071875 0.06953125
0 0.4703125 0.9 0.0984375 0.075
0 0.45390625 0.3328125 0.071875 0.07890625
0 0.65234375 0.28203125 0.06796875 0.06953125
0 0.78515625 0.76640625 0.06171875 0.06640625
0 0.134375 0.53671875 0.08984375 0.10390625
0 0.3265625 0.25859375 0.06640625 0.0734375
0 0.79296875 0.3640625 0.09140625 0.071875
0 0.62734375 0.7078125 0.06640625 0.096875
0 0.70546875 0.22578125 0.075 0.06640625
0 0.51953125 0.66640625 0.071875 0.075
0 0.490625 0.81875 0.078125 0.06640625
0 0.71328125 0.72265625 0.0703125 0.06953125
0 0.16640625 0.6484375 0.11171875 0.09140625
0 0.396875 0.21796875 0.08203125 0.08046875
0 0.26640625 0.31640625 0.0796875 0.0859375
0 0.48671875 0.20625 0.08671875 0.0765625
0 0.7140625 0.85078125 0.0734375 0.084375
0 0.553125 0.14765625 0.071875 0.0609375
0 0.58671875 0.37421875 0.06328125 0.0625
0 0.5109375 0.2734375 0.06640625 0.059375
0 0.8734375 0.65390625 0.06171875 0.10703125
0 0.528125 0.3359375 0.06640625 0.06953125
0 0.903125 0.50546875 0.06171875 0.0734375
0 0.55234375 0.73828125 0.078125 0.0765625
0 0.15390625 0.75546875 0.06484375 0.075
0 0.6046875 0.09765625 0.10859375 0.06640625
0 0.4546875 0.14296875 0.06484375 0.06640625
0 0.2015625 0.2796875 0.06171875 0.0875
0 0.140625 0.44609375 0.06015625 0.0890625
0 0.16171875 0.21484375 0.071875 0.0875
0 0.409375 0.73828125 0.06171875 0.059375
0 0.684375 0.66484375 0.078125 0.071875
0 0.77265625 0.1890625 0.06328125 0.071875
0 0.4765625 0.74140625 0.06796875 0.0765625
0 0.809375 0.54375 0.071875 0.121875
0 0.7578125 0.28984375 0.1265625 0.075
0 0.45078125 0.671875 0.06015625 0.0765625
0 0.2734375 0.771875 0.0796875 0.06640625
0 0.28203125 0.21640625 0.0703125 0.071875
0 0.62578125 0.61015625 0.0734375 0.0640625
0 0.36328125 0.16484375 0.071875 0.0609375
0 0.65078125 0.37578125 0.053125 0.0734375
0 0.21328125 0.721875 0.078125 0.071875
0 0.3265625 0.3453125 0.06328125 0.06796875
0 0.8859375 0.334375 0.08515625 0.084375
0 0.084375 0.40234375 0.0765625 0.11796875
0 0.26796875 0.6484375 0.06015625 0.0734375
0 0.71640625 0.58671875 0.06796875 0.09296875
0 0.7359375 0.5125 0.06328125 0.0734375
0 0.1671875 0.35859375 0.05859375 0.059375
0 0.22578125 0.4078125 0.06484375 0.1
0 0.32265625 0.625 0.06796875 0.06640625
0 0.38984375 0.65 0.06171875 0.0625
0 0.2890625 0.51640625 0.0703125 0.07890625
0 0.21484375 0.50078125 0.06484375 0.08046875
0 0.403125 0.5828125 0.071875 0.0625
0 0.6484375 0.5671875 0.05703125 0.05703125
0 0.6140625 0.48828125 0.071875 0.08203125
0 0.27734375 0.44921875 0.05703125 0.0609375
0 0.55234375 0.46796875 0.06015625 0.05703125
0 0.38984375 0.359375 0.06328125 0.075
0 0.67109375 0.45234375 0.0546875 0.071875
0 0.37578125 0.09921875 0.0953125 0.0515625
0 0.571875 0.63984375 0.05703125 0.05546875
0 0.67578125 0.51875 0.046875 0.05703125
0 0.38359375 0.2984375 0.06171875 0.05546875
0 0.57578125 0.28515625 0.05859375 0.05
0 0.60390625 0.32109375 0.0515625 0.05
0 0.5109375 0.59140625 0.053125 0.06796875
0 0.43828125 0.2671875 0.06015625 0.0484375
0 0.4625 0.40078125 0.046875 0.059375
0 0.3015625 0.584375 0.05703125 0.0515625
0 0.4609375 0.5921875 0.046875 0.06953125
0 0.3625 0.5484375 0.053125 0.0734375
0 0.58359375 0.54296875 0.06484375 0.071875
0 0.35546875 0.40390625 0.0546875 0.059375
0 0.484375 0.53203125 0.0484375 0.06953125
0 0.60390625 0.4265625 0.06484375 0.05
0 0.34296875 0.49921875 0.06796875 0.059375
0 0.2921875 0.39765625 0.03984375 0.04140625
0 0.52734375 0.52265625 0.05859375 0.06796875
0 0.5421875 0.41953125 0.06328125 0.0515625
0 0.41015625 0.4953125 0.075 0.05390625
0 0.5078125 0.396875 0.04296875 0.0640625
0 0.55703125 0.57578125 0.03828125 0.05703125
0 0.33828125 0.4453125 0.06640625 0.0515625
0 0.4359375 0.52890625 0.0546875 0.071875
0 0.41484375 0.4203125 0.05703125 0.04296875
0 0.3984375 0.4484375 0.06796875 0.0484375