0 0.215625 0.2203125 0.11015625 0.121875
0 0.56796875 0.23046875 0.11796875 0.10234375
0 0.69140625 0.29921875 0.1 0.103125
0 0.54375 0.8875 0.08828125 0.0921875
0 0.390625 0.5296875 0.08515625 0.103125
0 0.228125 0.60546875 0.09296875 0.0859375
0 0.56875 0.42890625 0.08125 0.0765625
0 0.5953125 0.54140625 0.08125 0.09765625
0 0.103125 0.47109375 0.0890625 0.11875
0 0.3203125 0.44296875 0.078125 0.10859375
0 0.7875 0.546875 0.08203125 0.125
0 0.5484375 0.7734375 0.1015625 0.1015625
0 0.38828125 0.35234375 0.09375 0.075
0 0.3109375 0.84375 0.09453125 0.1
0 0.6703125 0.85546875 0.10703125 0.103125
0 0.8625 0.6578125 0.09765625 0.1125
0 0.7671875 0.4078125 0.0859375 0.090625
0 0.51875 0.678125 0.10234375 0.07265625
0 0.790625 0.78125 0.0953125 0.10234375
0 0.3296875 0.153125 0.08671875 0.09921875
0 0.66875 0.43515625 0.07109375 0.11015625
0 0.41875 0.7671875 0.0859375 0.084375
0 0.428125 0.88359375 0.08671875 0.10078125
0 0.70546875 0.1515625 0.10234375 0.10078125
0 0.2171875 0.48359375 0.0671875 0.1046875
0 0.80703125 0.2421875 0.09453125 0.10703125
0 0.3109375 0.7078125 0.0859375 0.0828125
0 0.384375 0.64765625 0.0828125 0.0765625
0 0.48828125 0.6015625 0.0859375 0.06015625
0 0.25625 0.37421875 0.06953125 0.08125
0 0.459375 0.1234375 0.1 0.09453125
0 0.1203125 0.62578125 0.090625 0.14921875
0 0.6828125 0.54921875 0.07421875 0.09453125
0 0.5734375 0.11875 0.09609375 0.09375
0 0.1515625 0.334375 0.08671875 0.11171875
0 0.4546875 0.2359375 0.0890625 0.07421875
0 0.8671875 0.37109375 0.0953125 0.1078125
0 0.7375 0.671875 0.0640625 0.0859375
0 0.4921875 0.33046875 0.10234375 0.06875
0 0.34296875 0.2796875 0.09375 0.1
0 0.45078125 0.4265625 0.090625 0.07578125
0 0.8828125 0.51015625 0.0828125 0.1234375
0 0.621875 0.63671875 0.07421875 0.0703125
0 0.20625 0.765625 0.10546875 0.11015625
0 0.60234375 0.33828125 0.08671875 0.06171875
0 0.6546875 0.7328125 0.071875 0.0984375
0 0.3140625 0.5578125 0.06796875 0.07421875