0 0.7078125 0.1515625 0.128125 0.13359375
0 0.76015625 0.525 0.1109375 0.13828125
0 0.71796875 0.6671875 0.109375 0.1203125
0 0.15 0.61328125 0.096875 0.10625
0 0.453125 0.38984375 0.10703125 0.1046875
0 0.35546875 0.2328125 0.0921875 0.109375
0 0.578125 0.559375 0.08203125 0.09609375
0 0.478125 0.6078125 0.1015625 0.09921875
0 0.4578125 0.078125 0.121875 0.1109375
0 0.52109375 0.3015625 0.1109375 0.09765625
0 0.50625 0.81171875 0.1265625 0.103125
0 0.25625 0.59921875 0.10859375 0.12109375
0 0.6171875 0.35703125 0.08203125 0.10859375
0 0.15078125 0.3609375 0.10546875 0.11328125
0 0.2015625 0.740625 0.1109375 0.1265625
0 0.4171875 0.90859375 0.11796875 0.11875
0 0.63125 0.76484375 0.09609375 0.10234375
0 0.3390625 0.55078125 0.08125 0.11875
0 0.290625 0.8546875 0.1078125 0.1140625
0 0.790625 0.2609375 0.10390625 0.10546875
0 0.5890625 0.66640625 0.1109375 0.08984375
0 0.2390625 0.4609375 0.08984375 0.1015625
0 0.134375 0.49140625 0.10546875 0.10546875
0 0.85625 0.65546875 0.1078125 0.121875
0 0.465625 0.2 0.10625 0.08515625
0 0.790625 0.778125 0.11171875 0.1140625
0 0.2765625 0.3375 0.08828125 0.1015625
0 0.34375 0.4046875 0.08203125 0.09765625
0 0.4046875 0.5046875 0.0671875 0.09921875
0 0.5734375 0.22109375 0.08359375 0.084375
0 0.840625 0.39140625 0.10078125 0.11875
0 0.31796875 0.12265625 0.15 0.11640625
0 0.48671875 0.70078125 0.096875 0.090625
0 0.8640625 0.5109375 0.1 0.1140625
0 0.5921875 0.1046875 0.11484375 0.10703125
0 0.73515625 0.40625 0.08046875 0.103125
0 0.68203125 0.86328125 0.1125 0.11484375
0 0.3828125 0.7796875 0.08828125 0.0796875
0 0.6546875 0.4625 0.07734375 0.11796875
0 0.675 0.296875 0.10546875 0.1125
0 0.559375 0.43515625 0.0828125 0.10625
0 0.55625 0.9046875 0.125 0.1046875
0 0.3953125 0.6515625 0.075 0.08828125
0 0.2046875 0.23671875 0.11640625 0.1265625
0 0.6671875 0.5796875 0.06875 0.1
0 0.3125 0.703125 0.10078125 0.0890625
0 0.4140625 0.3140625 0.078125 0.08203125