0 0.6046875 0.775 0.103125 0.10625
0 0.59765625 0.51796875 0.09296875 0.09609375
0 0.1765625 0.709375 0.09296875 0.1140625
0 0.6296875 0.3546875 0.08125 0.0921875
0 0.1265625 0.52421875 0.071875 0.1140625
0 0.3640625 0.62265625 0.09765625 0.1078125
0 0.5515625 0.41484375 0.08359375 0.09375
0 0.73359375 0.67578125 0.10390625 0.09453125
0 0.2671875 0.33359375 0.08828125 0.11953125
0 0.578125 0.64765625 0.08359375 0.096875
0 0.334375 0.39140625 0.07578125 0.08828125
0 0.80546875 0.7578125 0.11484375 0.09375
0 0.67109375 0.58828125 0.071875 0.07578125
0 0.4484375 0.4046875 0.09453125 0.1015625
0 0.7375 0.3578125 0.08984375 0.1078125
0 0.6375 0.24375 0.11796875 0.09296875
0 0.325 0.13203125 0.0984375 0.1046875
0 0.14140625 0.35546875 0.09453125 0.11484375
0 0.346875 0.72890625 0.10546875 0.09296875
0 0.6734375 0.8515625 0.10546875 0.0875
0 0.215625 0.46640625 0.07890625 0.13046875
0 0.8890625 0.4859375 0.096875 0.0875
0 0.48046875 0.10546875 0.1203125 0.08828125
0 0.4734375 0.67734375 0.0828125 0.08203125
0 0.521875 0.3046875 0.09296875 0.06796875
0 0.41875 0.31640625 0.08828125 0.07890625
0 0.67890625 0.47265625 0.0828125 0.0734375
0 0.61875 0.14140625 0.0765625 0.07265625
0 0.4890625 0.875 0.09453125 0.09453125
0 0.31953125 0.8328125 0.10546875 0.09296875
0 0.8515625 0.36328125 0.0765625 0.096875
0 0.4953125 0.575 0.0859375 0.0890625
0 0.3640625 0.23984375 0.0859375 0.09296875
0 0.46875 0.771875 0.08515625 0.08515625
0 0.7625 0.225 0.10078125 0.10703125
0 0.225 0.22421875 0.0765625 0.08984375
0 0.865625 0.6390625 0.0796875 0.096875
0 0.79765625 0.5171875 0.075 0.140625
0 0.4890625 0.2078125 0.1046875 0.075
0 0.29375 0.509375 0.06484375 0.11875
0 0.24296875 0.61015625 0.071875 0.115625
0 0.3921875 0.51484375 0.08984375 0.1046875