0 0.26953125 0.1609375 0.13671875 0.1515625
0 0.43046875 0.30625 0.15703125 0.10703125
0 0.1359375 0.40390625 0.12265625 0.15234375
0 0.13984375 0.55625 0.15 0.16328125
0 0.471875 0.8890625 0.12734375 0.11015625
0 0.42265625 0.21640625 0.07734375 0.08671875
0 0.3875 0.1203125 0.10859375 0.13984375
0 0.8109375 0.56953125 0.07421875 0.1
0 0.7203125 0.8234375 0.084375 0.10390625
0 0.253125 0.57421875 0.07890625 0.09453125
0 0.5078125 0.0890625 0.13359375 0.1078125
0 0.45625 0.77265625 0.09375 0.08828125
0 0.2515625 0.33984375 0.1015625 0.15
0 0.6234375 0.68125 0.0875 0.08515625
0 0.6125 0.871875 0.13515625 0.12265625
0 0.16484375 0.27421875 0.1 0.12578125
0 0.90625 0.4953125 0.078125 0.134375
0 0.715625 0.18984375 0.13125 0.12734375
0 0.621875 0.1140625 0.09921875 0.08515625
0 0.2421875 0.46953125 0.0765625 0.09296875
0 0.5234375 0.20859375 0.10625 0.09765625
0 0.3203125 0.54453125 0.0796875 0.09375
0 0.63984375 0.3296875 0.0765625 0.0703125
0 0.1875 0.69609375 0.10078125 0.146875
0 0.77421875 0.384375 0.08671875 0.1
0 0.53359375 0.42578125 0.084375 0.0734375
0 0.628125 0.4625 0.07109375 0.0625
0 0.53515625 0.6328125 0.08828125 0.06796875
0 0.5046875 0.36171875 0.08828125 0.0671875
0 0.759375 0.66640625 0.0796875 0.10234375
0 0.40390625 0.546875 0.06796875 0.06328125
0 0.88671875 0.36484375 0.09453125 0.13359375
0 0.42734375 0.39375 0.0671875 0.07265625
0 0.69296875 0.37421875 0.0625 0.0609375
0 0.740625 0.528125 0.0640625 0.07734375
0 0.55625 0.76640625 0.08203125 0.084375
0 0.63125 0.2484375 0.121875 0.10625
0 0.7234375 0.29765625 0.08046875 0.08671875
0 0.80234375 0.74765625 0.0890625 0.11484375
0 0.871875 0.64296875 0.0859375 0.11328125
0 0.359375 0.72890625 0.08203125 0.08359375
0 0.6984375 0.61484375 0.065625 0.07578125
0 0.48828125 0.54765625 0.084375 0.07421875
0 0.5828125 0.5515625 0.071875 0.0671875
0 0.66015625 0.53125 0.059375 0.0875
0 0.36875 0.64296875 0.13125 0.09921875
0 0.5515625 0.29453125 0.07578125 0.06015625
0 0.61796875 0.6125 0.06875 0.0640625
0 0.81484375 0.47265625 0.07421875 0.08125
0 0.446875 0.45859375 0.0671875 0.08203125
0 0.66328125 0.73828125 0.11328125 0.1015625
0 0.3828125 0.4640625 0.05625 0.0828125
0 0.8328125 0.26328125 0.1046875 0.16796875
0 0.3203125 0.41953125 0.07890625 0.1375
0 0.5921875 0.3796875 0.0828125 0.0671875
0 0.284375 0.7875 0.11875 0.1
0 0.6671875 0.43828125 0.06484375 0.0671875
0 0.33125 0.25078125 0.08515625 0.090625
0 0.50625 0.70625 0.14453125 0.07421875
0 0.725 0.45 0.05625 0.06953125
0 0.44453125 0.6140625 0.075 0.06015625
0 0.365625 0.8453125 0.11484375 0.08984375
0 0.2765625 0.6671875 0.0859375 0.08828125