0 0.75625 0.20390625 0.1 0.11171875
0 0.15546875 0.33515625 0.090625 0.12578125
0 0.56484375 0.371875 0.08984375 0.065625
0 0.89296875 0.6 0.08828125 0.13515625
0 0.446875 0.81015625 0.08515625 0.07578125
0 0.54453125 0.9078125 0.09296875 0.08125
0 0.69375 0.28984375 0.09609375 0.125
0 0.6390625 0.3359375 0.06953125 0.07734375
0 0.7234375 0.50625 0.07890625 0.08203125
0 0.3484375 0.78828125 0.0828125 0.06640625
0 0.3125 0.86796875 0.0796875 0.07578125
0 0.84296875 0.32421875 0.07734375 0.10234375
0 0.82421875 0.71640625 0.07578125 0.103125
0 0.6625 0.88359375 0.109375 0.08984375
0 0.28671875 0.54375 0.06640625 0.10859375
0 0.2734375 0.7265625 0.0703125 0.06875
0 0.64375 0.14296875 0.09921875 0.0765625
0 0.49453125 0.73203125 0.06875 0.065625
0 0.628125 0.4546875 0.08203125 0.09140625
0 0.178125 0.5140625 0.07578125 0.12421875
0 0.4171875 0.63515625 0.09140625 0.06875
0 0.3828125 0.1390625 0.12109375 0.07265625
0 0.2515625 0.2109375 0.11015625 0.096875
0 0.5234375 0.12734375 0.103125 0.08359375
0 0.65625 0.78515625 0.071875 0.0734375
0 0.5734375 0.21640625 0.1140625 0.075
0 0.3046875 0.42578125 0.0734375 0.09609375
0 0.3578125 0.32890625 0.0765625 0.075
0 0.1484375 0.67421875 0.0953125 0.1125
0 0.2125 0.62421875 0.0703125 0.11015625
0 0.4546875 0.2921875 0.08671875 0.07109375
0 0.39296875 0.39921875 0.06796875 0.0828125
0 0.45 0.4359375 0.07265625 0.07265625
0 0.4765625 0.359375 0.0921875 0.07109375
0 0.553125 0.81015625 0.08671875 0.07421875
0 0.4375 0.22109375 0.0890625 0.0859375
0 0.55625 0.284375 0.08203125 0.07734375
0 0.54140625 0.44765625 0.06484375 0.07734375
0 0.21796875 0.79375 0.090625 0.10078125
0 0.378125 0.57421875 0.08515625 0.07734375
0 0.7515625 0.67578125 0.07734375 0.08203125
0 0.6875 0.41328125 0.08046875 0.08359375
0 0.103125 0.43671875 0.06953125 0.103125
0 0.41875 0.9015625 0.10625 0.07578125
0 0.50546875 0.64453125 0.0765625 0.09140625
0 0.75234375 0.80625 0.07109375 0.0875
0 0.66171875 0.6640625 0.071875 0.053125
0 0.63828125 0.55859375 0.0703125 0.096875
0 0.8078125 0.55078125 0.06484375 0.06953125
0 0.390625 0.72421875 0.0828125 0.06796875
0 0.415625 0.52421875 0.05 0.0734375
0 0.2296875 0.38046875 0.06796875 0.07890625
0 0.7890625 0.40859375 0.0609375 0.115625
0 0.571875 0.5390625 0.0546875 0.078125
0 0.30625 0.2734375 0.08046875 0.090625
0 0.58125 0.62578125 0.05234375 0.075
0 0.590625 0.71484375 0.08203125 0.0703125
0 0.896875 0.4484375 0.06953125 0.13359375
0 0.32109375 0.6515625 0.08359375 0.0796875
0 0.10078125 0.55390625 0.0703125 0.1109375
0 0.4890625 0.57734375 0.0828125 0.05
0 0.35703125 0.48203125 0.05 0.09609375
0 0.70546875 0.58515625 0.05 0.084375