0 0.28359375 0.8328125 0.11328125 0.1265625
0 0.8625 0.6109375 0.10546875 0.13828125
0 0.4515625 0.63671875 0.096875 0.078125
0 0.0984375 0.4609375 0.1046875 0.146875
0 0.5140625 0.184375 0.09375 0.0875
0 0.4046875 0.103125 0.10234375 0.09453125
0 0.33515625 0.7375 0.1109375 0.13828125
0 0.38359375 0.684375 0.07890625 0.0875
0 0.27734375 0.528125 0.08828125 0.09296875
0 0.6140625 0.19140625 0.090625 0.078125
0 0.6390625 0.10625 0.08828125 0.08671875
0 0.1828125 0.7265625 0.08984375 0.11328125
0 0.1515625 0.33515625 0.08828125 0.11328125
0 0.290625 0.1453125 0.11953125 0.1046875
0 0.70546875 0.42421875 0.0796875 0.11796875
0 0.6953125 0.240625 0.078125 0.07890625
0 0.403125 0.87578125 0.1078125 0.09140625
0 0.4765625 0.26953125 0.0765625 0.07578125
0 0.37890625 0.56484375 0.09296875 0.103125
0 0.8171875 0.43671875 0.090625 0.134375
0 0.56484375 0.353125 0.09921875 0.0828125
0 0.66171875 0.8390625 0.12890625 0.090625
0 0.7828125 0.74765625 0.12109375 0.11328125
0 0.5234375 0.87265625 0.1125 0.0984375
0 0.309375 0.24140625 0.08046875 0.08359375
0 0.46328125 0.7921875 0.12265625 0.09140625
0 0.70234375 0.54375 0.08515625 0.10703125
0 0.6625 0.64765625 0.08515625 0.0859375
0 0.82578125 0.27421875 0.10859375 0.1265625
0 0.76953125 0.3328125 0.08359375 0.11953125
0 0.571875 0.6984375 0.09453125 0.084375
0 0.61875 0.58359375 0.078125 0.0921875
0 0.5578125 0.55546875 0.08125 0.0828125
0 0.540625 0.6359375 0.1 0.08515625
0 0.4078125 0.2015625 0.0953125 0.08671875
0 0.596875 0.76640625 0.09921875 0.09921875
0 0.471875 0.72265625 0.09140625 0.08984375
0 0.465625 0.55859375 0.07421875 0.08671875
0 0.7421875 0.16640625 0.10234375 0.11328125
0 0.61171875 0.4078125 0.09375 0.08984375
0 0.228125 0.36484375 0.08671875 0.09296875
0 0.325 0.61484375 0.08984375 0.09453125
0 0.90078125 0.5015625 0.08203125 0.1125
0 0.5296875 0.08984375 0.11484375 0.09140625
0 0.4765625 0.3578125 0.0875 0.10234375
0 0.2109375 0.23515625 0.08125 0.0984375
0 0.31875 0.36171875 0.078125 0.0640625
0 0.35625 0.46328125 0.08203125 0.10703125
0 0.1890625 0.496875 0.07265625 0.07890625
0 0.5796875 0.2609375 0.090625 0.0796875
0 0.58046875 0.4625 0.05859375 0.0796875
0 0.7828125 0.57734375 0.07734375 0.08828125
0 0.225 0.634375 0.075 0.12421875
0 0.4234375 0.471875 0.0640625 0.0859375
0 0.7203125 0.69453125 0.09140625 0.1015625
0 0.403125 0.38828125 0.0609375 0.08203125
0 0.38359375 0.3015625 0.08984375 0.0828125
0 0.1140625 0.61171875 0.0859375 0.14296875
0 0.6578125 0.32265625 0.09296875 0.0921875
0 0.8890625 0.38515625 0.08359375 0.1203125
0 0.50078125 0.421875 0.08828125 0.06171875
0 0.64375 0.49609375 0.06171875 0.103125
0 0.2859375 0.446875 0.06015625 0.09140625