0 0.5828125 0.2765625 0.125 0.14453125
0 0.4828125 0.85859375 0.11796875 0.109375
0 0.7125 0.6296875 0.115625 0.13359375
0 0.2453125 0.45078125 0.109375 0.121875
0 0.2453125 0.759375 0.10546875 0.12734375
0 0.36484375 0.45859375 0.1203125 0.1375
0 0.603125 0.6015625 0.103125 0.13125
0 0.815625 0.68515625 0.1015625 0.11796875
0 0.6875 0.175 0.10859375 0.1109375
0 0.5 0.64296875 0.10546875 0.1203125
0 0.35859375 0.71328125 0.12890625 0.14765625
0 0.6171875 0.72578125 0.1109375 0.10703125
0 0.46640625 0.39609375 0.090625 0.1109375
0 0.1703125 0.3234375 0.1140625 0.13125
0 0.27578125 0.2125 0.1171875 0.1203125
0 0.2765625 0.59453125 0.10390625 0.13046875
0 0.6890625 0.353125 0.11484375 0.128125
0 0.1765625 0.6390625 0.08515625 0.13828125
0 0.61796875 0.48359375 0.0984375 0.1109375
0 0.4078125 0.15078125 0.12109375 0.109375
0 0.39375 0.596875 0.10703125 0.11640625
0 0.85390625 0.41015625 0.10078125 0.12578125
0 0.7375 0.48359375 0.10078125 0.13359375
0 0.3515625 0.840625 0.11796875 0.11328125
0 0.5453125 0.13828125 0.13125 0.11171875
0 0.3203125 0.3265625 0.12109375 0.12265625
0 0.7265625 0.78359375 0.11484375 0.109375
0 0.6078125 0.84296875 0.1234375 0.10859375
0 0.7859375 0.2671875 0.1015625 0.14296875
0 0.85859375 0.56171875 0.09609375 0.1390625
0 0.45 0.2765625 0.12109375 0.1109375
0 0.559375 0.39765625 0.0859375 0.096875
0 0.1359375 0.49140625 0.09375 0.13359375
0 0.4875 0.7515625 0.121875 0.10546875