0 0.390625 0.70859375 0.11015625 0.128125
0 0.5625 0.14765625 0.10703125 0.09375
0 0.30625 0.3390625 0.1015625 0.11875
0 0.74609375 0.5890625 0.096875 0.1078125
0 0.784375 0.2828125 0.0921875 0.11484375
0 0.628125 0.56171875 0.10625 0.121875
0 0.4109375 0.38359375 0.0890625 0.11796875
0 0.2109375 0.2671875 0.0890625 0.1046875
0 0.27421875 0.7921875 0.09765625 0.096875
0 0.51796875 0.3578125 0.09296875 0.1078125
0 0.66640625 0.3109375 0.1140625 0.13125
0 0.4125 0.2578125 0.10078125 0.09140625
0 0.5203125 0.60859375 0.07890625 0.1
0 0.8046875 0.72578125 0.10078125 0.11640625
0 0.6859375 0.8203125 0.10546875 0.1046875
0 0.7328125 0.44140625 0.08984375 0.1171875
0 0.29375 0.615625 0.1015625 0.11328125
0 0.8375 0.4125 0.06953125 0.128125
0 0.38125 0.49765625 0.08671875 0.0984375
0 0.5484375 0.86015625 0.1109375 0.09296875
0 0.6171875 0.42109375 0.0953125 0.10234375
0 0.13828125 0.534375 0.0875 0.11328125
0 0.2625 0.47890625 0.08671875 0.121875
0 0.6890625 0.18515625 0.10703125 0.09765625
0 0.409375 0.8515625 0.1203125 0.09453125
0 0.65625 0.69921875 0.10859375 0.10703125
0 0.3109375 0.184375 0.10390625 0.09453125
0 0.4359375 0.14375 0.11328125 0.09140625
0 0.18828125 0.6859375 0.0859375 0.13125
0 0.153125 0.38359375 0.08125 0.12734375
0 0.521875 0.7296875 0.11015625 0.09453125
0 0.428125 0.5921875 0.07578125 0.0859375
0 0.859375 0.56484375 0.07890625 0.12265625
0 0.54375 0.253125 0.11171875 0.0890625