0 0.5921875 0.25078125 0.134375 0.1484375
0 0.73984375 0.60546875 0.125 0.15
0 0.375 0.71484375 0.14453125 0.15625
0 0.40703125 0.5875 0.11484375 0.11953125
0 0.6359375 0.45546875 0.1046875 0.11328125
0 0.471875 0.3875 0.096875 0.11328125
0 0.25 0.790625 0.1203125 0.1421875
0 0.69375 0.32890625 0.11796875 0.12890625
0 0.853125 0.64375 0.11015625 0.125
0 0.240625 0.4515625 0.1265625 0.13046875
0 0.64375 0.7078125 0.12265625 0.11796875
0 0.528125 0.61640625 0.11484375 0.1265625
0 0.153125 0.34140625 0.1234375 0.13984375
0 0.77109375 0.75546875 0.12109375 0.12265625
0 0.684375 0.1390625 0.12109375 0.1140625
0 0.8640625 0.3734375 0.109375 0.13203125
0 0.3765625 0.84765625 0.134375 0.12109375
0 0.2890625 0.60078125 0.11328125 0.13828125
0 0.45078125 0.2625 0.13046875 0.11328125
0 0.5265625 0.8671875 0.12421875 0.11484375
0 0.54296875 0.1265625 0.140625 0.11640625
0 0.5171875 0.73828125 0.13359375 0.11328125
0 0.1765625 0.65234375 0.09609375 0.1421875
0 0.5671875 0.37890625 0.09140625 0.10078125
0 0.3890625 0.14609375 0.1296875 0.1125
0 0.325 0.32578125 0.13125 0.12421875
0 0.3703125 0.45 0.13046875 0.140625
0 0.63046875 0.578125 0.11328125 0.13828125
0 0.8859375 0.5125 0.10078125 0.1421875
0 0.6546875 0.825 0.1390625 0.1296875
0 0.759375 0.45546875 0.10703125 0.13984375
0 0.25625 0.22265625 0.12109375 0.11953125
0 0.1328125 0.50703125 0.1046875 0.13828125
0 0.796875 0.23828125 0.11484375 0.14375