0 0.8609375 0.60703125 0.109375 0.1234375
0 0.20859375 0.2484375 0.109375 0.12578125
0 0.40078125 0.14296875 0.1421875 0.11640625
0 0.303125 0.34375 0.09140625 0.090625
0 0.83046875 0.38671875 0.11953125 0.128125
0 0.3078125 0.81875 0.1046875 0.0984375
0 0.13359375 0.43203125 0.103125 0.09765625
0 0.659375 0.16875 0.12578125 0.14140625
0 0.63828125 0.67578125 0.078125 0.07734375
0 0.50546875 0.871875 0.11328125 0.10234375
0 0.259375 0.44296875 0.0859375 0.08984375
0 0.171875 0.63671875 0.10546875 0.1125
0 0.7203125 0.815625 0.11171875 0.1125
0 0.384375 0.290625 0.08046875 0.096875
0 0.6984375 0.59765625 0.09296875 0.09609375
0 0.55859375 0.72578125 0.07265625 0.084375
0 0.2703125 0.55234375 0.08515625 0.08515625
0 0.37890625 0.69140625 0.08203125 0.09609375
0 0.565625 0.27265625 0.0765625 0.0921875
0 0.30703125 0.6421875 0.0671875 0.06953125
0 0.71640625 0.5 0.08671875 0.078125
0 0.47265625 0.72578125 0.07421875 0.1
0 0.4765625 0.27265625 0.0734375 0.09453125
0 0.646875 0.31640625 0.07109375 0.0796875
0 0.46484375 0.5890625 0.05703125 0.05859375
0 0.7 0.396875 0.07265625 0.07578125
0 0.5953125 0.4296875 0.0578125 0.06484375
0 0.46796875 0.3921875 0.0546875 0.06015625
0 0.5328125 0.396875 0.05234375 0.0578125
0 0.40859375 0.41640625 0.0546875 0.05625
0 0.59375 0.55859375 0.05859375 0.05859375
0 0.53515625 0.5890625 0.05546875 0.065625
0 0.390625 0.478125 0.065625 0.05234375
0 0.6234375 0.4953125 0.05546875 0.0625
0 0.403125 0.553125 0.0609375 0.05703125