0 0.14921875 0.36015625 0.11953125 0.13359375
0 0.76875 0.7765625 0.11953125 0.13515625
0 0.56875 0.8640625 0.1515625 0.12890625
0 0.68359375 0.67421875 0.0984375 0.0984375
0 0.1609375 0.5828125 0.1296875 0.13828125
0 0.71796875 0.2 0.1125 0.1078125
0 0.859375 0.60078125 0.1109375 0.10703125
0 0.3140625 0.815625 0.1375 0.15234375
0 0.3765625 0.3125 0.084375 0.08359375
0 0.52578125 0.12890625 0.12109375 0.1125
0 0.734375 0.57890625 0.09296875 0.096875
0 0.8390625 0.39375 0.11484375 0.12109375
0 0.30625 0.165625 0.1203125 0.121875
0 0.59765625 0.71953125 0.08828125 0.10390625
0 0.3109375 0.38515625 0.10078125 0.10390625
0 0.4609375 0.2703125 0.0796875 0.09140625
0 0.7328125 0.46875 0.0921875 0.09296875
0 0.63671875 0.3203125 0.08984375 0.103125
0 0.415625 0.7203125 0.08359375 0.0984375
0 0.7046875 0.37578125 0.07265625 0.075
0 0.284375 0.48046875 0.09296875 0.08515625
0 0.54609375 0.27734375 0.08203125 0.10703125
0 0.5046875 0.72890625 0.08125 0.10078125
0 0.3390625 0.66953125 0.07734375 0.0859375
0 0.5421875 0.41484375 0.06171875 0.06328125
0 0.2921875 0.584375 0.07890625 0.08203125
0 0.4 0.5609375 0.06328125 0.0703125
0 0.5234375 0.61015625 0.059375 0.06484375
0 0.4578125 0.6 0.05703125 0.0625
0 0.584375 0.59140625 0.059375 0.0609375
0 0.41171875 0.43359375 0.06328125 0.06328125
0 0.471875 0.40859375 0.0609375 0.07109375
0 0.60625 0.53125 0.06953125 0.0578125
0 0.3765625 0.49375 0.06015625 0.06796875
0 0.6015625 0.45625 0.065625 0.0625