0 0.7140625 0.2109375 0.1203125 0.14296875
0 0.8421875 0.409375 0.10625 0.134375
0 0.83984375 0.63515625 0.10234375 0.12265625
0 0.31015625 0.3625 0.08828125 0.08984375
0 0.3984375 0.3125 0.0828125 0.09609375
0 0.23828125 0.22890625 0.10703125 0.11953125
0 0.28125 0.79140625 0.10234375 0.096875
0 0.14375 0.4296875 0.08671875 0.10390625
0 0.484375 0.29140625 0.0703125 0.09296875
0 0.165625 0.64921875 0.09765625 0.1109375
0 0.6984375 0.615625 0.08984375 0.09375
0 0.390625 0.70546875 0.0765625 0.09765625
0 0.2875 0.56484375 0.08203125 0.0828125
0 0.57421875 0.30234375 0.07421875 0.0890625
0 0.721875 0.51640625 0.0828125 0.07734375
0 0.6359375 0.6875 0.075 0.07734375
0 0.7203125 0.825 0.11015625 0.1203125
0 0.50546875 0.8671875 0.109375 0.1015625
0 0.4796875 0.73515625 0.07109375 0.096875
0 0.69296875 0.42265625 0.07734375 0.07421875
0 0.4 0.496875 0.0625 0.05234375
0 0.475 0.60234375 0.05546875 0.05546875
0 0.321875 0.653125 0.06484375 0.06875
0 0.47421875 0.15 0.1375 0.1125
0 0.59765625 0.5734375 0.05546875 0.05390625
0 0.53671875 0.59765625 0.05390625 0.06015625
0 0.47578125 0.4125 0.0546875 0.065625
0 0.628125 0.51015625 0.053125 0.06171875
0 0.41796875 0.44375 0.05390625 0.05625
0 0.2734375 0.46171875 0.08359375 0.08671875
0 0.5390625 0.421875 0.05078125 0.06171875
0 0.5671875 0.72890625 0.0703125 0.08203125
0 0.6453125 0.34296875 0.071875 0.078125
0 0.41328125 0.5703125 0.05859375 0.0546875
0 0.590625 0.4515625 0.053125 0.0640625