0 0.77734375 0.72109375 0.1375 0.1296875
0 0.5921875 0.859375 0.12890625 0.11484375
0 0.378125 0.86171875 0.11796875 0.1109375
0 0.6265625 0.296875 0.08671875 0.09453125
0 0.675 0.3890625 0.0921875 0.0890625
0 0.75234375 0.21875 0.11484375 0.115625
0 0.2203125 0.27421875 0.09296875 0.109375
0 0.5609375 0.121875 0.1 0.09296875
0 0.696875 0.4796875 0.08984375 0.07578125
0 0.353125 0.14921875 0.10625 0.1046875
0 0.39375 0.7109375 0.090625 0.096875
0 0.303125 0.38828125 0.09375 0.0828125
0 0.434375 0.2765625 0.0796875 0.08828125
0 0.68828125 0.575 0.0859375 0.0796875
0 0.4890625 0.734375 0.075 0.0890625
0 0.325 0.64765625 0.075 0.08046875
0 0.19609375 0.7390625 0.115625 0.11875
0 0.15234375 0.5125 0.09765625 0.1171875
0 0.2765625 0.48203125 0.09296875 0.0765625
0 0.5765625 0.70234375 0.071875 0.08359375
0 0.5015625 0.39375 0.05 0.0671875
0 0.40234375 0.475 0.053125 0.059375
0 0.3515625 0.31484375 0.065625 0.06953125
0 0.83125 0.46640625 0.10859375 0.146875
0 0.43203125 0.6046875 0.0515625 0.059375
0 0.4078125 0.540625 0.0578125 0.0578125
0 0.5828125 0.47265625 0.06328125 0.05859375
0 0.49296875 0.63515625 0.059375 0.05703125
0 0.5515625 0.4125 0.05390625 0.0578125
0 0.53203125 0.26015625 0.08359375 0.08984375
0 0.575 0.53984375 0.059375 0.0546875
0 0.284375 0.575 0.07890625 0.07578125
0 0.65078125 0.65078125 0.07578125 0.07734375
0 0.43125 0.409375 0.05234375 0.0625
0 0.546875 0.59453125 0.06171875 0.05703125