0 0.7578125 0.2546875 0.1421875 0.1625
0 0.8515625 0.4734375 0.1265625 0.1515625
0 0.8125 0.6953125 0.12109375 0.1390625
0 0.3359375 0.3296875 0.1015625 0.1046875
0 0.43046875 0.296875 0.09765625 0.109375
0 0.28671875 0.18515625 0.125 0.1375
0 0.2375 0.746875 0.11640625 0.1140625
0 0.1609375 0.36484375 0.10234375 0.11796875
0 0.51875 0.29140625 0.084375 0.1046875
0 0.14609375 0.58515625 0.1140625 0.12734375
0 0.6765625 0.65078125 0.10390625 0.10859375
0 0.35859375 0.68203125 0.09140625 0.109375
0 0.2796875 0.525 0.09453125 0.096875
0 0.60546875 0.31875 0.0875 0.1015625
0 0.715625 0.55625 0.09453125 0.09140625
0 0.603125 0.71015625 0.08671875 0.08984375
0 0.6640625 0.8609375 0.128125 0.13828125
0 0.4453125 0.8625 0.12421875 0.11953125
0 0.440625 0.72734375 0.0859375 0.1078125
0 0.703125 0.459375 0.08828125 0.0875
0 0.4015625 0.47890625 0.0703125 0.0625
0 0.4578125 0.596875 0.0640625 0.0640625
0 0.29921875 0.61875 0.075 0.07890625
0 0.53203125 0.15 0.15390625 0.13515625
0 0.584375 0.590625 0.06328125 0.0625
0 0.5203125 0.603125 0.06328125 0.06953125
0 0.490625 0.409375 0.06484375 0.075
0 0.62421875 0.5328125 0.0625 0.07109375
0 0.428125 0.4296875 0.0625 0.06484375
0 0.28359375 0.42109375 0.096875 0.10078125
0 0.55078125 0.4296875 0.06015625 0.0703125
0 0.528125 0.7375 0.0828125 0.09296875
0 0.66875 0.37265625 0.08359375 0.090625
0 0.403125 0.55390625 0.06640625 0.0640625
0 0.596875 0.46875 0.06328125 0.0734375