0 0.19453125 0.2625 0.159375 0.1765625
0 0.4 0.86484375 0.14765625 0.17890625
0 0.1640625 0.62890625 0.14921875 0.16484375
0 0.24921875 0.79296875 0.1453125 0.1796875
0 0.3265625 0.16171875 0.11328125 0.128125
0 0.81640625 0.31484375 0.10859375 0.128125
0 0.73203125 0.17890625 0.11328125 0.14296875
0 0.8640625 0.4625 0.1125 0.12265625
0 0.46328125 0.11875 0.12109375 0.14453125
0 0.328125 0.3984375 0.0890625 0.09453125
0 0.7890625 0.7484375 0.0890625 0.11015625
0 0.846875 0.6125 0.1 0.1109375
0 0.384375 0.33515625 0.0828125 0.09921875
0 0.67890625 0.828125 0.1015625 0.11796875
0 0.1375 0.446875 0.184375 0.18515625
0 0.703125 0.45 0.08203125 0.08203125
0 0.603125 0.121875 0.10390625 0.134375
0 0.553125 0.8609375 0.09375 0.10625
0 0.6046875 0.30078125 0.06953125 0.0828125
0 0.340625 0.58671875 0.0828125 0.090625
0 0.6640625 0.3609375 0.07109375 0.07890625
0 0.6984375 0.53515625 0.08984375 0.0984375
0 0.4546875 0.684375 0.08046875 0.09921875
0 0.66328125 0.615625 0.07578125 0.08046875
0 0.31015625 0.49375 0.0859375 0.0921875
0 0.53125 0.2796875 0.07578125 0.0953125
0 0.45703125 0.3 0.075 0.0953125
0 0.50625 0.578125 0.05546875 0.05859375
0 0.5375 0.69296875 0.07578125 0.09921875
0 0.44921875 0.55859375 0.05859375 0.0609375
0 0.6078125 0.67578125 0.07109375 0.08671875
0 0.5640625 0.56171875 0.05625 0.06640625
0 0.58359375 0.4125 0.05625 0.0671875
0 0.60625 0.5234375 0.05703125 0.06171875
0 0.3875 0.65625 0.06484375 0.07109375
0 0.4734375 0.40546875 0.0546875 0.06171875
0 0.528125 0.396875 0.0515625 0.0609375
0 0.42890625 0.43984375 0.05546875 0.0609375
0 0.61953125 0.46171875 0.0546875 0.06484375
0 0.42578125 0.496875 0.0625 0.05703125