0 0.2359375 0.2078125 0.1375 0.15234375
0 0.34375 0.83984375 0.125 0.1578125
0 0.1484375 0.5625 0.12890625 0.14296875
0 0.20703125 0.740625 0.121875 0.159375
0 0.38203125 0.13359375 0.09765625 0.1109375
0 0.840625 0.378125 0.0921875 0.11171875
0 0.77890625 0.228125 0.09453125 0.1265625
0 0.8640625 0.53359375 0.09765625 0.10546875
0 0.5234375 0.11796875 0.103125 0.1265625
0 0.346875 0.36640625 0.07734375 0.08046875
0 0.7453125 0.8 0.075 0.096875
0 0.8234375 0.67734375 0.08671875 0.0953125
0 0.4125 0.31484375 0.0703125 0.0875
0 0.625 0.8578125 0.08671875 0.103125
0 0.1515625 0.378125 0.1625 0.15625
0 0.7078125 0.48984375 0.07265625 0.06953125
0 0.6609375 0.14765625 0.08671875 0.11953125
0 0.4953125 0.865625 0.08046875 0.0921875
0 0.634375 0.32421875 0.059375 0.07265625
0 0.32890625 0.5546875 0.071875 0.078125
0 0.68359375 0.39453125 0.06171875 0.0671875
0 0.690625 0.5734375 0.078125 0.08515625
0 0.4265625 0.67265625 0.06796875 0.0875
0 0.6421875 0.64609375 0.065625 0.06953125
0 0.3140625 0.45703125 0.07421875 0.0796875
0 0.565625 0.2890625 0.06328125 0.08359375
0 0.4890625 0.29453125 0.0625 0.08515625
0 0.49375 0.578125 0.0484375 0.05
0 0.50625 0.696875 0.0625 0.0890625
0 0.440625 0.54765625 0.0515625 0.05078125
0 0.578125 0.69375 0.06015625 0.07578125
0 0.553125 0.5734375 0.04765625 0.0578125
0 0.59609375 0.4296875 0.04765625 0.05859375
0 0.6 0.54375 0.04921875 0.053125
0 0.3640625 0.63203125 0.05625 0.06171875
0 0.48828125 0.4015625 0.046875 0.05390625
0 0.54375 0.40390625 0.04375 0.053125
0 0.4390625 0.42734375 0.0484375 0.0515625
0 0.6234375 0.4859375 0.04609375 0.05703125
0 0.42734375 0.4828125 0.05625 0.046875