0 0.7140625 0.16171875 0.159375 0.1765625
0 0.1703125 0.3890625 0.16171875 0.16328125
0 0.38359375 0.12734375 0.14921875 0.16484375
0 0.23515625 0.22265625 0.1625 0.1609375
0 0.80625 0.3078125 0.115625 0.12578125
0 0.6671875 0.85 0.115625 0.1203125
0 0.78984375 0.75703125 0.12890625 0.12578125
0 0.53359375 0.90234375 0.1109375 0.12421875
0 0.84375 0.459375 0.13046875 0.134375
0 0.5921875 0.31015625 0.08515625 0.0984375
0 0.27578125 0.8203125 0.09921875 0.0984375
0 0.3984375 0.88359375 0.1 0.1109375
0 0.64921875 0.371875 0.08984375 0.09140625
0 0.203125 0.6984375 0.10625 0.1125
0 0.54765625 0.1 0.1671875 0.2
0 0.5453125 0.72421875 0.07421875 0.090625
0 0.84140625 0.6140625 0.12109375 0.11484375
0 0.1734375 0.55859375 0.09609375 0.10390625
0 0.6796875 0.615625 0.075 0.07734375
0 0.421875 0.3234375 0.08203125 0.09140625
0 0.62578125 0.68203125 0.07109375 0.07890625
0 0.46796875 0.7203125 0.0890625 0.09921875
0 0.33359375 0.45 0.08984375 0.0890625
0 0.3953125 0.68046875 0.07265625 0.08359375
0 0.50625 0.28984375 0.08359375 0.0953125
0 0.69921875 0.534375 0.0859375 0.08359375
0 0.68125 0.45234375 0.0859375 0.0828125
0 0.4296875 0.50625 0.053125 0.06171875
0 0.32578125 0.54140625 0.08984375 0.08359375
0 0.446875 0.44375 0.0546875 0.06484375
0 0.34140625 0.61953125 0.078125 0.07890625
0 0.44375 0.57109375 0.06015625 0.0625
0 0.5796875 0.5921875 0.0609375 0.0625
0 0.478125 0.6171875 0.05546875 0.06328125
0 0.35859375 0.375 0.0640625 0.071875
0 0.58515625 0.4703125 0.05546875 0.0609375
0 0.59375 0.53046875 0.0546875 0.05703125
0 0.5546875 0.42109375 0.0546875 0.06171875
0 0.534375 0.63203125 0.05859375 0.0609375
0 0.503125 0.41796875 0.0515625 0.06953125