0 0.265625 0.1859375 0.1421875 0.15859375
0 0.140625 0.53203125 0.13515625 0.15
0 0.8078125 0.3046875 0.1015625 0.121875
0 0.340625 0.84375 0.13203125 0.165625
0 0.428125 0.13515625 0.096875 0.11796875
0 0.1546875 0.33984375 0.17109375 0.16328125
0 0.71953125 0.82734375 0.0796875 0.1
0 0.859375 0.615625 0.1015625 0.11015625
0 0.5734375 0.1375 0.109375 0.13359375
0 0.7171875 0.20234375 0.12890625 0.109375
0 0.334375 0.3640625 0.0796875 0.08515625
0 0.684375 0.4140625 0.06953125 0.0703125
0 0.49453125 0.71484375 0.06484375 0.0921875
0 0.8484375 0.453125 0.0921875 0.1171875
0 0.5734375 0.30078125 0.0671875 0.08515625
0 0.41328125 0.31484375 0.07578125 0.09140625
0 0.61171875 0.86328125 0.08984375 0.10546875
0 0.803125 0.7390625 0.09375 0.09765625
0 0.496875 0.87265625 0.0828125 0.09921875
0 0.6375 0.6671875 0.06875 0.07421875
0 0.71171875 0.5015625 0.075 0.07265625
0 0.4140625 0.6890625 0.06875 0.09375
0 0.6921875 0.596875 0.08203125 0.08984375
0 0.2109375 0.72578125 0.134375 0.16171875
0 0.3171875 0.5578125 0.07578125 0.0796875
0 0.4921875 0.2921875 0.06484375 0.08984375
0 0.41875 0.490625 0.05859375 0.04921875
0 0.35 0.640625 0.05859375 0.0640625
0 0.4875 0.5890625 0.0515625 0.053125
0 0.62578125 0.49765625 0.0484375 0.05859375
0 0.60078125 0.5578125 0.05078125 0.0515625
0 0.4859375 0.4078125 0.05 0.0609375
0 0.5453125 0.58203125 0.04765625 0.0578125
0 0.54375 0.41171875 0.0484375 0.05625
0 0.434375 0.4390625 0.04921875 0.053125
0 0.303125 0.459375 0.078125 0.08359375
0 0.43125 0.56015625 0.05390625 0.0546875
0 0.57421875 0.70703125 0.06328125 0.0765625
0 0.640625 0.3390625 0.0671875 0.07578125
0 0.590625 0.44375 0.05 0.06171875