0 0.31328125 0.14921875 0.16328125 0.18125
0 0.140625 0.46953125 0.1546875 0.171875
0 0.83203125 0.36015625 0.1171875 0.13828125
0 0.29375 0.8125 0.15390625 0.1859375
0 0.48125 0.12734375 0.1125 0.13359375
0 0.18125 0.28203125 0.1921875 0.190625
0 0.6703125 0.8609375 0.09296875 0.11328125
0 0.8390625 0.6765625 0.115625 0.1265625
0 0.6234375 0.1546875 0.12734375 0.15078125
0 0.75625 0.24296875 0.14296875 0.13046875
0 0.35625 0.33671875 0.090625 0.0984375
0 0.69375 0.446875 0.07890625 0.08203125
0 0.4640625 0.71171875 0.07734375 0.10234375
0 0.8515625 0.5140625 0.1078125 0.13203125
0 0.60078125 0.315625 0.078125 0.0953125
0 0.440625 0.30234375 0.0875 0.103125
0 0.559375 0.87734375 0.10390625 0.11875
0 0.765625 0.7890625 0.10625 0.11171875
0 0.44375 0.8671875 0.09609375 0.11171875
0 0.6125 0.68828125 0.078125 0.08515625
0 0.709375 0.53828125 0.084375 0.084375
0 0.3875 0.671875 0.08125 0.1046875
0 0.6765625 0.62890625 0.09375 0.10234375
0 0.1828125 0.6734375 0.15546875 0.18359375
0 0.3109375 0.52578125 0.0859375 0.09140625
0 0.521875 0.29296875 0.0765625 0.1
0 0.4203125 0.47734375 0.06484375 0.05859375
0 0.3328125 0.61328125 0.0671875 0.0734375
0 0.475 0.5859375 0.05859375 0.06171875
0 0.625 0.51953125 0.05625 0.06640625
0 0.59140625 0.575 0.0578125 0.059375
0 0.4984375 0.40703125 0.0578125 0.06875
0 0.5328125 0.5890625 0.05546875 0.065625
0 0.55625 0.4203125 0.05546875 0.0640625
0 0.44375 0.428125 0.05625 0.0609375
0 0.3109375 0.42578125 0.0890625 0.0953125
0 0.4234375 0.54765625 0.0609375 0.06328125
0 0.54375 0.7171875 0.0734375 0.08671875
0 0.6625 0.36484375 0.07734375 0.0859375
0 0.596875 0.46015625 0.0578125 0.06953125