0 0.6515625 0.421875 0.0921875 0.07109375
0 0.1484375 0.753125 0.0484375 0.0453125
0 0.93046875 0.496875 0.1140625 0.090625
0 0.0359375 0.58515625 0.0671875 0.046875
0 0.0515625 0.23828125 0.075 0.03828125
0 0.1703125 0.1515625 0.0421875 0.04765625
0 0.89140625 0.57890625 0.08515625 0.1015625
0 0.9671875 0.6078125 0.06484375 0.10390625
0 0.02578125 0.4671875 0.0515625 0.04609375
0 0.890625 0.78359375 0.05859375 0.04140625
0 0.0984375 0.59609375 0.0640625 0.0390625
0 0.0421875 0.2671875 0.06484375 0.02890625
0 0.8671875 0.48984375 0.0515625 0.0328125
0 0.55625 0.32265625 0.05234375 0.18125
0 0.79375 0.1890625 0.06015625 0.0546875
0 0.8265625 0.2609375 0.04609375 0.02890625
0 0.8609375 0.61796875 0.05234375 0.04140625
0 0.940625 0.34140625 0.04609375 0.03828125
0 0.48125 0.521875 0.02265625 0.1109375
0 0.01484375 0.0203125 0.0296875 0.040625
0 0.0421875 0.02421875 0.0171875 0.01953125
0 0.02421875 0.29921875 0.0234375 0.01484375
0 0.0171875 0.28515625 0.03359375 0.025
0 0.8671875 0.290625 0.04140625 0.028125
0 0.90390625 0.31953125 0.0296875 0.01875
0 0.7859375 0.26328125 0.03359375 0.028125
0 0.2453125 0.63671875 0.0125 0.01484375
0 0.40078125 0.60703125 0.01640625 0.04140625
0 0.50546875 0.6515625 0.00859375 0.01015625
0 0.7953125 0.346875 0.0375 0.02890625
0 0.74453125 0.60234375 0.02890625 0.0203125
0 0.7828125 0.5734375 0.0375 0.02421875
0 0.01796875 0.725 0.01875 0.01796875
0 0.15546875 0.909375 0.02109375 0.0125
0 0.0171875 0.8265625 0.0140625 0.01328125
0 0.48203125 0.74765625 0.00859375 0.0109375
0 0.9609375 0.7421875 0.0390625 0.0265625
0 0.5203125 0.4359375 0.0203125 0.13984375
0 0.7171875 0.1296875 0.01015625 0.0203125
0 0.4375 0.8359375 0.0125 0.01015625
0 0.98828125 0.6984375 0.0234375 0.0375