0 0.7421875 0.50859375 0.07265625 0.0734375
0 0.5109375 0.29296875 0.07109375 0.0515625
0 0.209375 0.1859375 0.04140625 0.0265625
0 0.41796875 0.69453125 0.0375 0.02734375
0 0.5609375 0.26796875 0.07109375 0.0375
0 0.1390625 0.48359375 0.0484375 0.0328125
0 0.34296875 0.3515625 0.08984375 0.03671875
0 0.125 0.44609375 0.0390625 0.025
0 0.79140625 0.5921875 0.0421875 0.04140625
1 0.64609375 0.47890625 0.225 0.11484375
0 0.75859375 0.56484375 0.03125 0.06015625
0 0.7765625 0.653125 0.0421875 0.04140625
1 0.284375 0.4546875 0.22734375 0.07109375
0 0.1359375 0.2734375 0.02734375 0.02421875
0 0.16484375 0.27734375 0.0203125 0.0171875
0 0.22890625 0.25 0.01875 0.01328125
0 0.1734375 0.221875 0.02734375 0.01484375
0 0.10078125 0.32109375 0.025 0.0234375
0 0.66171875 0.20234375 0.0234375 0.0234375
0 0.4390625 0.30703125 0.0265625 0.02421875
0 0.653125 0.3109375 0.0125 0.0109375
0 0.63359375 0.30625 0.0140625 0.009375
0 0.52734375 0.234375 0.025 0.02421875
0 0.7578125 0.2390625 0.0328125 0.021875
0 0.7375 0.23203125 0.0109375 0.00859375
0 0.0671875 0.578125 0.0328125 0.02421875
0 0.1796875 0.596875 0.0296875 0.021875
0 0.175 0.40859375 0.03125 0.02421875
0 0.1609375 0.6484375 0.02734375 0.01953125
0 0.1484375 0.53359375 0.0296875 0.0203125
0 0.146875 0.40390625 0.02265625 0.015625
0 0.1046875 0.353125 0.02109375 0.01953125
0 0.1984375 0.43984375 0.0234375 0.01328125
0 0.3015625 0.3390625 0.01875 0.01796875
0 0.4453125 0.62734375 0.02734375 0.021875
0 0.41328125 0.46171875 0.0296875 0.015625
0 0.43046875 0.403125 0.02109375 0.01328125
0 0.35078125 0.57578125 0.0171875 0.01015625
0 0.371875 0.58203125 0.01015625 0.00625
0 0.359375 0.503125 0.02109375 0.009375
0 0.6328125 0.38671875 0.0109375 0.01875
0 0.3421875 0.4984375 0.01484375 0.01015625
0 0.778125 0.625 0.02890625 0.0265625
0 0.1890625 0.6671875 0.02890625 0.0203125
1 0.15390625 0.540625 0.0796875 0.059375
1 0.2109375 0.53203125 0.0609375 0.0390625
1 0.2828125 0.55 0.2359375 0.07578125
1 0.4453125 0.5296875 0.23125 0.07578125
0 0.3578125 0.4796875 0.0609375 0.015625
1 0.67421875 0.3890625 0.1 0.05390625
1 0.675 0.3546875 0.1 0.046875
0 0.75546875 0.4359375 0.00859375 0.01015625
0 0.74296875 0.44609375 0.0125 0.00625
0 0.76640625 0.54921875 0.00625 0.00859375
0 0.76640625 0.2234375 0.01015625 0.00625