0 0.7421875 0.50546875 0.07109375 0.07265625
0 0.50625 0.29296875 0.0703125 0.05078125
0 0.2015625 0.18984375 0.04140625 0.025
0 0.42265625 0.69609375 0.0375 0.0265625
0 0.55546875 0.26640625 0.0703125 0.03671875
0 0.1390625 0.48828125 0.04765625 0.03203125
0 0.3390625 0.353125 0.0890625 0.0359375
0 0.1234375 0.45078125 0.0390625 0.02421875
0 0.79296875 0.58828125 0.04140625 0.040625
1 0.6453125 0.47734375 0.22265625 0.11171875
0 0.76015625 0.56171875 0.0296875 0.06015625
0 0.78046875 0.64921875 0.04140625 0.040625
1 0.2828125 0.4578125 0.2265625 0.06875
0 0.13125 0.278125 0.02734375 0.02421875
0 0.16015625 0.28203125 0.0203125 0.0171875
0 0.2234375 0.25390625 0.01875 0.01328125
0 0.1671875 0.2265625 0.02734375 0.01484375
0 0.09609375 0.3265625 0.025 0.0234375
0 0.6546875 0.20078125 0.0234375 0.0234375
0 0.434375 0.3078125 0.0265625 0.02421875
0 0.6484375 0.30859375 0.0125 0.0109375
0 0.6296875 0.30390625 0.0140625 0.009375
0 0.52109375 0.23359375 0.025 0.02421875
0 0.7515625 0.2359375 0.0328125 0.021875
0 0.73125 0.22890625 0.0109375 0.00859375
0 0.06875 0.584375 0.0328125 0.02421875
0 0.1828125 0.6015625 0.0296875 0.021875
0 0.1734375 0.41328125 0.03125 0.02421875
0 0.16484375 0.653125 0.02734375 0.01953125
0 0.1484375 0.53828125 0.0296875 0.0203125
0 0.1453125 0.40859375 0.02265625 0.015625
0 0.1015625 0.35859375 0.02109375 0.01953125
0 0.19765625 0.44375 0.0234375 0.01328125
0 0.2984375 0.3421875 0.01875 0.01796875
0 0.4484375 0.628125 0.02734375 0.021875
0 0.4125 0.4625 0.0296875 0.015625
0 0.428125 0.40390625 0.02109375 0.01328125
0 0.35234375 0.578125 0.0171875 0.01015625
0 0.3734375 0.58359375 0.01015625 0.00625
0 0.359375 0.50546875 0.02109375 0.009375
0 0.63046875 0.38515625 0.0109375 0.01875
0 0.3421875 0.5 0.01484375 0.01015625
0 0.78125 0.62109375 0.02890625 0.0265625
0 0.19296875 0.67109375 0.02890625 0.0203125
1 0.1546875 0.5453125 0.07890625 0.05859375
1 0.21171875 0.5359375 0.06015625 0.03828125
1 0.28359375 0.55234375 0.23515625 0.0734375
1 0.44609375 0.53046875 0.2296875 0.0734375
0 0.35703125 0.48125 0.0609375 0.01484375
1 0.671875 0.38671875 0.0984375 0.05234375
1 0.671875 0.35234375 0.0984375 0.04609375
0 0.7546875 0.43203125 0.00859375 0.01015625
0 0.7421875 0.44296875 0.0125 0.00625
0 0.7671875 0.54609375 0.00625 0.00859375
0 0.76015625 0.2203125 0.01015625 0.00625