1 0.4515625 0.19375 0.19609375 0.1328125
0 0.19296875 0.61171875 0.02890625 0.01875
0 0.2421875 0.4 0.05390625 0.0546875
0 0.50546875 0.3734375 0.0390625 0.06484375
0 0.2375 0.4984375 0.06015625 0.04765625
0 0.15546875 0.5484375 0.02890625 0.021875
0 0.16171875 0.1984375 0.0421875 0.0296875
0 0.0859375 0.22578125 0.03515625 0.028125
0 0.56015625 0.865625 0.0875 0.0828125
0 0.03671875 0.534375 0.0734375 0.0640625
0 0.20546875 0.575 0.02890625 0.02265625
0 0.0390625 0.765625 0.02890625 0.015625
0 0.18828125 0.27734375 0.0390625 0.0265625
0 0.2765625 0.35 0.03125 0.04609375
0 0.58203125 0.56953125 0.0890625 0.0859375
0 0.35859375 0.77421875 0.07109375 0.0515625
0 0.21171875 0.3578125 0.0375 0.02265625
0 0.29140625 0.53828125 0.03515625 0.03125
0 0.10703125 0.515625 0.0171875 0.0171875
0 0.16171875 0.35390625 0.025 0.021875
0 0.59453125 0.74296875 0.0390625 0.03203125
0 0.29609375 0.41328125 0.0328125 0.0203125
0 0.03828125 0.30078125 0.0328125 0.028125
0 0.14921875 0.83515625 0.02734375 0.01953125
0 0.040625 0.7375 0.0265625 0.021875
0 0.28515625 0.684375 0.0265625 0.0234375
0 0.6265625 0.3796875 0.05234375 0.05
0 0.26953125 0.43671875 0.0171875 0.0140625
0 0.25078125 0.7953125 0.04765625 0.0265625
0 0.21953125 0.6984375 0.04609375 0.0328125
0 0.2953125 0.7453125 0.04609375 0.05078125
0 0.3453125 0.67109375 0.0140625 0.0125
0 0.18515625 0.846875 0.01484375 0.0125
0 0.1984375 0.8484375 0.01484375 0.0109375
0 0.5859375 0.66875 0.0109375 0.0140625
0 0.5859375 0.6921875 0.0109375 0.0109375
0 0.5703125 0.690625 0.01015625 0.009375
0 0.66640625 0.55 0.03984375 0.03359375
0 0.64453125 0.5296875 0.0140625 0.01484375
0 0.57421875 0.5265625 0.0109375 0.01015625
0 0.5625 0.52421875 0.0140625 0.01328125
0 0.71484375 0.58046875 0.03984375 0.034375
0 0.6890625 0.59453125 0.075 0.053125
0 0.91953125 0.57265625 0.00859375 0.01796875
0 0.9234375 0.4625 0.0171875 0.01484375
0 0.9265625 0.45390625 0.01484375 0.021875
1 0.71640625 0.2171875 0.0703125 0.096875
0 0.975 0.2484375 0.0203125 0.03359375
0 0.978125 0.18671875 0.01015625 0.0171875
0 0.0890625 0.12265625 0.0359375 0.025
0 0.0453125 0.17421875 0.0203125 0.0203125
0 0.3015625 0.334375 0.01484375 0.0125
0 0.1875 0.37890625 0.0140625 0.0125
0 0.23984375 0.45859375 0.0171875 0.0125
0 0.4015625 0.446875 0.0140625 0.0125
0 0.21015625 0.5296875 0.0140625 0.0140625
0 0.6359375 0.90625 0.04140625 0.0328125
0 0.2640625 0.53359375 0.0328125 0.025