1 0.6265625 0.79296875 0.1984375 0.1359375
0 0.77265625 0.34609375 0.0296875 0.01875
0 0.778125 0.5609375 0.0546875 0.05546875
0 0.5265625 0.625 0.03984375 0.06484375
0 0.7578125 0.4640625 0.0609375 0.04765625
0 0.82578125 0.403125 0.02890625 0.021875
0 0.90859375 0.74765625 0.04375 0.0296875
0 0.9765625 0.71015625 0.0359375 0.02890625
0 0.34765625 0.14921875 0.0890625 0.08359375
0 0.94921875 0.39921875 0.08359375 0.06484375
0 0.7703125 0.384375 0.02890625 0.02265625
0 0.88515625 0.1734375 0.02890625 0.015625
0 0.86328125 0.67421875 0.03984375 0.02734375
0 0.7578125 0.615625 0.0328125 0.04609375
0 0.4015625 0.44296875 0.09140625 0.0875
0 0.56875 0.21015625 0.07265625 0.05234375
0 0.81953125 0.59921875 0.0375 0.0234375
0 0.6953125 0.4328125 0.03515625 0.03125
0 0.88203125 0.428125 0.01875 0.0171875
0 0.86875 0.59453125 0.025 0.02265625
0 0.3453125 0.27421875 0.0390625 0.0328125
0 0.721875 0.55625 0.0328125 0.0203125
0 0.99296875 0.62890625 0.0140625 0.028125
0 0.75859375 0.1203125 0.02734375 0.01953125
0 0.890625 0.20078125 0.0265625 0.021875
0 0.6640625 0.28828125 0.0265625 0.0234375
0 0.40703125 0.6359375 0.05390625 0.05078125
0 0.7421875 0.52890625 0.0171875 0.0140625
0 0.6703125 0.17421875 0.04765625 0.02734375
0 0.725 0.26484375 0.04609375 0.0328125
0 0.6390625 0.2296875 0.04765625 0.05078125
0 0.6078125 0.31015625 0.0140625 0.0125
0 0.72109375 0.1140625 0.01484375 0.0125
0 0.7078125 0.11484375 0.01484375 0.0109375
0 0.3734375 0.34609375 0.0109375 0.0140625
0 0.3671875 0.3234375 0.0109375 0.0109375
0 0.3828125 0.3234375 0.01015625 0.009375
0 0.32421875 0.475 0.03984375 0.034375
0 0.35078125 0.49140625 0.01484375 0.01484375
0 0.4203125 0.48515625 0.0109375 0.01015625
0 0.4328125 0.48515625 0.0140625 0.01328125
0 0.26796875 0.4515625 0.03984375 0.0359375
0 0.29140625 0.434375 0.0765625 0.0546875
0 0.0703125 0.4890625 0.00859375 0.01796875
0 0.09453125 0.59765625 0.0171875 0.01484375
0 0.0921875 0.60625 0.01484375 0.021875
1 0.36015625 0.80859375 0.07265625 0.096875
0 0.0984375 0.81484375 0.02109375 0.03359375
0 0.11015625 0.87578125 0.0109375 0.0171875
0 0.990625 0.81171875 0.01875 0.0265625
0 0.73671875 0.634375 0.01484375 0.0125
0 0.8375 0.5734375 0.0140625 0.0125
0 0.765625 0.50390625 0.0171875 0.0125
0 0.6109375 0.53828125 0.0140625 0.0125
0 0.77734375 0.4296875 0.0140625 0.0140625
0 0.2625 0.1203125 0.04140625 0.03359375
0 0.72265625 0.4328125 0.0328125 0.025