0 0.6703125 0.61875 0.08125 0.0578125
0 0.775 0.67890625 0.0671875 0.05625
0 0.7109375 0.57734375 0.0734375 0.0546875
0 0.27265625 0.49140625 0.08125 0.0453125
0 0.68046875 0.6890625 0.0296875 0.02421875
0 0.47421875 0.459375 0.0765625 0.03203125
0 0.76015625 0.365625 0.05 0.03125
0 0.98828125 0.175 0.0234375 0.015625
0 0.5921875 0.48984375 0.0609375 0.0515625
0 0.15078125 0.5828125 0.01640625 0.0125
0 0.40625 0.3953125 0.0625 0.075
0 0.6921875 0.2640625 0.0640625 0.046875
0 0.66171875 0.22109375 0.04375 0.03203125
0 0.58515625 0.45234375 0.08125 0.0453125
0 0.7453125 0.83515625 0.02734375 0.0171875
0 0.7828125 0.50859375 0.0421875 0.03828125
0 0.103125 0.26640625 0.04609375 0.0265625
0 0.84921875 0.53515625 0.10234375 0.0546875
0 0.2515625 0.30859375 0.15390625 0.10234375
0 0.32578125 0.4 0.12109375 0.12578125
0 0.0765625 0.66953125 0.0375 0.03125
0 0.9234375 0.48984375 0.13515625 0.07578125
0 0.934375 0.4328125 0.12734375 0.08125
0 0.3203125 0.40234375 0.01640625 0.0140625
0 0.2796875 0.43984375 0.075 0.07890625
0 0.0390625 0.2046875 0.01640625 0.021875
0 0.02578125 0.31875 0.01484375 0.01796875
0 0.0578125 0.421875 0.10625 0.0484375
0 0.0171875 0.4359375 0.025 0.01875
0 0.0828125 0.54609375 0.0453125 0.04609375
0 0.059375 0.5640625 0.06484375 0.02890625
0 0.17109375 0.59765625 0.02109375 0.0125
0 0.31796875 0.63046875 0.0140625 0.01328125
0 0.29375 0.6703125 0.0140625 0.0125
0 0.61640625 0.7 0.0375 0.0328125
0 0.5875 0.7828125 0.0171875 0.0125
0 0.49609375 0.23046875 0.01640625 0.01328125