0 0.703125 0.584375 0.08515625 0.06171875
0 0.825 0.6234375 0.07109375 0.059375
0 0.7296875 0.53671875 0.07890625 0.05703125
0 0.2765625 0.53359375 0.08359375 0.0484375
0 0.7359375 0.65078125 0.03125 0.025
0 0.4625 0.465625 0.07890625 0.0359375
0 0.70859375 0.32265625 0.05234375 0.03359375
0 0.871875 0.0953125 0.02734375 0.0171875
0 0.5859375 0.4734375 0.06484375 0.053125
0 0.1875 0.64375 0.0171875 0.01328125
0 0.375 0.415625 0.06875 0.0765625
0 0.61015625 0.23671875 0.0671875 0.05
0 0.5671875 0.2 0.0453125 0.03359375
0 0.5671875 0.43828125 0.08359375 0.0484375
0 0.84609375 0.78125 0.02890625 0.01796875
0 0.7765625 0.4578125 0.04609375 0.0390625
0 0.0390625 0.3453125 0.04765625 0.028125
0 0.85 0.47109375 0.10625 0.059375
0 0.196875 0.359375 0.1609375 0.10859375
0 0.2984375 0.43515625 0.13125 0.13046875
0 0.14296875 0.74140625 0.03984375 0.0328125
0 0.9078125 0.41328125 0.13984375 0.08125
0 0.9 0.35546875 0.1328125 0.0875
0 0.29375 0.43828125 0.0171875 0.01484375
0 0.26640625 0.48203125 0.08125 0.08125
0 0.05 0.50390625 0.1 0.053125
0 0.01171875 0.525 0.0234375 0.01953125
0 0.1109375 0.62109375 0.0484375 0.046875
0 0.09296875 0.6421875 0.0671875 0.03203125
0 0.2125 0.6546875 0.02265625 0.01328125
0 0.365625 0.66015625 0.01484375 0.01328125
0 0.3546875 0.70234375 0.01484375 0.0125
0 0.10625 0.91015625 0.0390625 0.0359375
0 0.6765625 0.67265625 0.03984375 0.034375
0 0.6765625 0.75859375 0.01875 0.01328125
0 0.409375 0.23984375 0.0171875 0.0140625