1 0.09453125 0.5265625 0.0703125 0.065625
1 0.34765625 0.46875 0.1078125 0.15
1 0.5703125 0.50546875 0.1125 0.14453125
0 0.0953125 0.3578125 0.04140625 0.05078125
0 0.70546875 0.721875 0.06875 0.03359375
0 0.653125 0.678125 0.05390625 0.03125
0 0.25703125 0.6671875 0.06875 0.01875
0 0.79921875 0.725 0.05625 0.0234375
0 0.8578125 0.790625 0.06015625 0.01953125
0 0.8171875 0.77109375 0.0859375 0.01953125
0 0.2375 0.47578125 0.03125 0.0328125
0 0.47421875 0.6234375 0.05625 0.01796875
1 0.43515625 0.4703125 0.03359375 0.05625
0 0.20625 0.61015625 0.0671875 0.01796875
1 0.725 0.4984375 0.1203125 0.0171875
1 0.33046875 0.37578125 0.1875 0.03203125
1 0.509375 0.45234375 0.03125 0.06015625
0 0.4734375 0.30546875 0.02890625 0.0296875
0 0.16328125 0.35390625 0.02890625 0.021875
0 0.2859375 0.421875 0.02890625 0.01875
0 0.2296875 0.578125 0.0203125 0.0140625
0 0.0734375 0.6203125 0.02734375 0.0265625
0 0.490625 0.38828125 0.0265625 0.0265625
0 0.5609375 0.3484375 0.02734375 0.025
0 0.61328125 0.4875 0.01875 0.01484375
0 0.615625 0.49921875 0.01640625 0.01328125
0 0.5234375 0.51328125 0.01015625 0.015625
0 0.7265625 0.57890625 0.03515625 0.021875
0 0.6828125 0.41875 0.03125 0.01953125
0 0.0203125 0.7640625 0.03984375 0.015625
0 0.17734375 0.73046875 0.0171875 0.0109375
1 0.4015625 0.6484375 0.1421875 0.0359375
1 0.45703125 0.6265625 0.14140625 0.02734375
0 0.7484375 0.74375 0.0671875 0.01328125
0 0.85703125 0.621875 0.0390625 0.0234375
0 0.45390625 0.47265625 0.01484375 0.0234375
0 0.3921875 0.44609375 0.01015625 0.021875
0 0.3921875 0.4640625 0.01015625 0.015625
0 0.38984375 0.48515625 0.00625 0.01484375
0 0.390625 0.4953125 0.0078125 0.015625
0 0.39375 0.52421875 0.00625 0.01015625
0 0.3953125 0.534375 0.00859375 0.0125
0 0.353125 0.5765625 0.01640625 0.0109375
0 0.2640625 0.48046875 0.03125 0.03203125
0 0.409375 0.39453125 0.0171875 0.0046875
1 0.19140625 0.3171875 0.2515625 0.0296875