0 0.4234375 0.35625 0.0796875 0.07890625
0 0.040625 0.28046875 0.0390625 0.02734375
0 0.859375 0.24296875 0.0609375 0.03203125
0 0.4953125 0.20546875 0.0640625 0.0421875
0 0.8953125 0.4609375 0.02265625 0.0140625
0 0.59140625 0.79921875 0.03515625 0.0234375
0 0.2890625 0.25703125 0.0171875 0.0125
0 0.9609375 0.634375 0.05234375 0.040625
0 0.1890625 0.49375 0.0625 0.0578125
0 0.1671875 0.7421875 0.0484375 0.0390625
0 0.3 0.403125 0.0359375 0.01875
0 0.2890625 0.7765625 0.0375 0.021875
0 0.278125 0.51015625 0.03125 0.0375
0 0.97734375 0.40234375 0.04140625 0.04296875
0 0.5125 0.80078125 0.1 0.1
0 0.09375 0.33515625 0.0421875 0.02890625
0 0.9640625 0.50546875 0.07109375 0.090625
0 0.85859375 0.50234375 0.03515625 0.0265625
0 0.0828125 0.44765625 0.06640625 0.0609375
0 0.19375 0.19765625 0.0171875 0.01328125
0 0.1265625 0.74296875 0.0359375 0.0421875
0 0.22578125 0.6953125 0.03515625 0.0203125
0 0.2609375 0.6765625 0.0328125 0.0421875
0 0.3921875 0.80859375 0.06640625 0.04140625
0 0.4453125 0.72265625 0.0296875 0.01015625
0 0.44609375 0.7140625 0.02890625 0.00859375
0 0.1640625 0.6234375 0.0328125 0.065625
0 0.1765625 0.61328125 0.01484375 0.01953125
0 0.03359375 0.53828125 0.03515625 0.04296875
0 0.0203125 0.49375 0.0359375 0.04296875
0 0.103125 0.53671875 0.0234375 0.01953125
0 0.1140625 0.51640625 0.06484375 0.059375
0 0.1296875 0.4515625 0.01875 0.0171875
0 0.13515625 0.434375 0.01640625 0.0203125
0 0.13828125 0.42578125 0.0265625 0.034375
0 0.1765625 0.534375 0.0453125 0.053125
0 0.23046875 0.4671875 0.0140625 0.01015625
0 0.2390625 0.5828125 0.03125 0.0328125
0 0.2734375 0.60703125 0.03359375 0.04140625
0 0.26484375 0.6359375 0.03125 0.0375
0 0.390625 0.5921875 0.0328125 0.03203125
0 0.40390625 0.58671875 0.03125 0.02734375
0 0.39765625 0.47734375 0.0296875 0.009375
0 0.4140625 0.465625 0.0203125 0.0109375
0 0.509375 0.478125 0.01484375 0.01875
0 0.14375 0.3734375 0.08515625 0.03125
0 0.21328125 0.3578125 0.01640625 0.0125
0 0.30625 0.38984375 0.0453125 0.01796875
0 0.334375 0.375 0.06015625 0.01875
0 0.32109375 0.31796875 0.0140625 0.01015625
0 0.090625 0.21484375 0.01640625 0.01015625
0 0.353125 0.21953125 0.01484375 0.0109375
0 0.5734375 0.33046875 0.0140625 0.009375
0 0.6171875 0.4046875 0.04140625 0.0296875
0 0.6984375 0.38359375 0.1625 0.0109375
0 0.7953125 0.384375 0.01875 0.0078125
0 0.79453125 0.38828125 0.0171875 0.00546875
0 0.75546875 0.39453125 0.0875 0.01328125
0 0.8078125 0.46015625 0.04375 0.0234375
0 0.921875 0.29375 0.02109375 0.00859375
0 0.98828125 0.23828125 0.0109375 0.009375
0 0.67578125 0.53828125 0.0078125 0.01015625
0 0.7484375 0.5875 0.01640625 0.0265625
0 0.55546875 0.67109375 0.03359375 0.02734375
0 0.5734375 0.66953125 0.02890625 0.04375
0 0.6890625 0.7453125 0.01640625 0.01953125
0 0.76875 0.81171875 0.0421875 0.03203125
0 0.8796875 0.76953125 0.0390625 0.02421875
1 0.753125 0.6203125 0.12734375 0.2546875
1 0.68125 0.58125 0.12890625 0.1875
1 0.665625 0.6203125 0.15 0.21875
1 0.60234375 0.59609375 0.21484375 0.28671875
1 0.65390625 0.7109375 0.14375 0.1625