0 0.315625 0.56953125 0.1109375 0.06640625
0 0.2484375 0.8625 0.0390625 0.03203125
0 0.12734375 0.25390625 0.04765625 0.04765625
0 0.10859375 0.5296875 0.0609375 0.05078125
0 0.41328125 0.20859375 0.02109375 0.01796875
0 0.8890625 0.40546875 0.03515625 0.028125
0 0.1953125 0.67890625 0.0171875 0.0140625
0 0.6390625 0.14453125 0.0578125 0.0421875
0 0.51796875 0.7328125 0.0828125 0.0515625
0 0.8515625 0.72734375 0.05625 0.0390625
0 0.3890625 0.6578125 0.02734375 0.02890625
0 0.8859375 0.6328125 0.03125 0.0296875
0 0.5328125 0.66484375 0.05234375 0.0265625
0 0.328125 0.1515625 0.06015625 0.034375
0 0.8984375 0.4640625 0.1421875 0.08359375
0 0.3171875 0.81796875 0.04140625 0.03359375
0 0.4671875 0.1515625 0.1265625 0.06171875
0 0.471875 0.23203125 0.0390625 0.02890625
0 0.4671875 0.81640625 0.0859375 0.0546875
0 0.125 0.75546875 0.01875 0.0140625
0 0.85546875 0.7578125 0.06015625 0.03125
0 0.7828125 0.68828125 0.03125 0.028125
0 0.75546875 0.66328125 0.05859375 0.028125
0 0.9203125 0.553125 0.06015625 0.05234375
0 0.8 0.52109375 0.01640625 0.0234375
0 0.78828125 0.521875 0.0140625 0.02265625
0 0.69375 0.740625 0.08984375 0.0296875
0 0.67890625 0.73203125 0.02734375 0.01328125
0 0.5921875 0.84453125 0.0609375 0.0296875
0 0.5328125 0.859375 0.0609375 0.03125
0 0.5828125 0.79296875 0.02890625 0.01953125
0 0.55546875 0.7875 0.08359375 0.053125
0 0.4671875 0.78046875 0.0234375 0.015625
0 0.4453125 0.778125 0.02890625 0.0140625
0 0.4328125 0.7765625 0.0484375 0.02265625
0 0.57421875 0.73828125 0.0734375 0.03828125
0 0.4796875 0.7046875 0.01484375 0.0109375
0 0.6328125 0.68828125 0.04609375 0.0265625
0 0.66171875 0.66015625 0.0578125 0.028125
0 0.70078125 0.66328125 0.05234375 0.0265625
0 0.63203125 0.5734375 0.0453125 0.0265625
0 0.6234375 0.5640625 0.0390625 0.025
0 0.47890625 0.578125 0.01484375 0.0234375
0 0.46171875 0.5671875 0.0171875 0.015625
0 0.4703125 0.49453125 0.0265625 0.01328125
0 0.36328125 0.7765625 0.0484375 0.065625
0 0.3359375 0.7265625 0.0171875 0.01328125
0 0.3703125 0.65390625 0.02734375 0.0359375
0 0.3484375 0.634375 0.0296875 0.046875
0 0.2734375 0.64921875 0.01484375 0.0109375
0 0.1578125 0.83046875 0.01484375 0.01328125
0 0.140625 0.634375 0.01640625 0.0125
0 0.26875 0.46015625 0.0140625 0.0109375
0 0.36328125 0.42109375 0.0421875 0.0328125
0 0.32890625 0.3625 0.0296875 0.121875
0 0.3203125 0.28984375 0.0125 0.01484375
0 0.3265625 0.28984375 0.00859375 0.0140625
0 0.3375 0.31796875 0.025 0.06640625
0 0.4203125 0.27421875 0.03515625 0.034375
0 0.1890625 0.20234375 0.0140625 0.0171875
0 0.109375 0.1578125 0.0140625 0.009375
0 0.5359375 0.36484375 0.01484375 0.00625
0 0.59453125 0.30703125 0.0359375 0.01484375
0 0.72265625 0.44296875 0.03984375 0.02734375
0 0.71796875 0.43046875 0.0609375 0.025
0 0.809375 0.33671875 0.02734375 0.0140625
0 0.89140625 0.271875 0.0453125 0.03359375
0 0.82578125 0.19296875 0.03515625 0.03125
1 0.63828125 0.30078125 0.3484375 0.1171875
1 0.5921875 0.3578125 0.25859375 0.1125
1 0.6453125 0.365625 0.30234375 0.13125
1 0.61875 0.41484375 0.3984375 0.1859375
1 0.7671875 0.36640625 0.22734375 0.12109375