1 0.64140625 0.1453125 0.14609375 0.13984375
0 0.6296875 0.67265625 0.0859375 0.11171875
0 0.21484375 0.22890625 0.09765625 0.096875
0 0.396875 0.671875 0.0671875 0.0515625
0 0.1375 0.63359375 0.07890625 0.05703125
0 0.4265625 0.1546875 0.1125 0.06171875
0 0.79453125 0.36640625 0.08515625 0.05625
0 0.83515625 0.21796875 0.0484375 0.04140625
0 0.83828125 0.43671875 0.06015625 0.0453125
0 0.2515625 0.415625 0.08125 0.05234375
0 0.7203125 0.7453125 0.0390625 0.03125
0 0.7984375 0.58984375 0.09609375 0.04296875
0 0.7453125 0.51328125 0.05390625 0.0421875
0 0.06640625 0.71328125 0.05625 0.04765625
0 0.79140625 0.4734375 0.0640625 0.0421875
0 0.0703125 0.54765625 0.07109375 0.04609375
0 0.68203125 0.3171875 0.04375 0.03828125
0 0.15078125 0.52890625 0.05390625 0.0359375
0 0.1375 0.4203125 0.06640625 0.04765625
0 0.2359375 0.77109375 0.05234375 0.03671875
0 0.125 0.49453125 0.0515625 0.0328125
0 0.746875 0.25625 0.05859375 0.04296875
0 0.52421875 0.58671875 0.0421875 0.03359375
0 0.0390625 0.5203125 0.06875 0.04296875
0 0.36171875 0.26171875 0.0328125 0.0453125
1 0.17578125 0.2109375 0.17734375 0.228125
0 0.6265625 0.53125 0.1046875 0.08359375
0 0.96484375 0.51953125 0.0546875 0.034375
0 0.55234375 0.25703125 0.0796875 0.05390625
0 0.6578125 0.79765625 0.02109375 0.01484375
0 0.5140625 0.6796875 0.02109375 0.0203125
0 0.28984375 0.7765625 0.0375 0.01875
0 0.17890625 0.7734375 0.03359375 0.0234375
0 0.18359375 0.8171875 0.0546875 0.021875
0 0.99296875 0.39140625 0.0140625 0.03125
0 0.4671875 0.43671875 0.0203125 0.0125
0 0.7953125 0.16328125 0.025 0.0203125
0 0.2359375 0.0828125 0.025 0.01875
0 0.29453125 0.078125 0.0265625 0.01875
0 0.1796875 0.16328125 0.0265625 0.01796875
0 0.1546875 0.22421875 0.01640625 0.01328125
0 0.12109375 0.26796875 0.0265625 0.04375
0 0.47578125 0.68984375 0.02109375 0.01796875
0 0.52734375 0.46796875 0.02109375 0.0078125
0 0.45 0.4359375 0.0109375 0.00859375
0 0.4703125 0.3640625 0.01484375 0.01015625
0 0.54375 0.37734375 0.0203125 0.00859375
0 0.509375 0.21953125 0.01640625 0.0125
0 0.159375 0.165625 0.0125 0.01875
0 0.275 0.5640625 0.0171875 0.0171875
0 0.2890625 0.546875 0.01640625 0.01015625
0 0.32265625 0.54140625 0.0265625 0.01484375
0 0.3046875 0.52890625 0.01875 0.01015625
0 0.328125 0.5328125 0.0171875 0.0125
1 0.3421875 0.55703125 0.16875 0.0875
0 0.23046875 0.8171875 0.02265625 0.0359375
1 0.46640625 0.7171875 0.1640625 0.2703125
0 0.68828125 0.4734375 0.0109375 0.00859375
1 0.72734375 0.42890625 0.25625 0.18125
0 0.96015625 0.4671875 0.02734375 0.009375
0 0.9640625 0.47109375 0.05234375 0.03203125
0 0.99140625 0.446875 0.0171875 0.0375
0 0.98671875 0.50390625 0.0265625 0.02734375
0 0.9890625 0.56484375 0.01015625 0.01875