0 0.6 0.43203125 0.0875 0.0375
1 0.4171875 0.33984375 0.29375 0.14375
0 0.5796875 0.3984375 0.0640625 0.03359375
1 0.6109375 0.20703125 0.15625 0.08671875
1 0.5515625 0.25546875 0.16015625 0.084375
1 0.4265625 0.58515625 0.1625 0.08125
1 0.67265625 0.671875 0.16484375 0.06484375
1 0.62265625 0.678125 0.32890625 0.10546875
1 0.54609375 0.75390625 0.3390625 0.11171875
1 0.97421875 0.6484375 0.03125 0.0203125
0 0.8953125 0.3578125 0.04375 0.01796875
0 0.990625 0.27578125 0.01875 0.01640625
0 0.7453125 0.26328125 0.03984375 0.015625
0 0.628125 0.21171875 0.02109375 0.00390625
0 0.60234375 0.20859375 0.01484375 0.00390625
0 0.15078125 0.15546875 0.04375 0.015625
0 0.021875 0.36640625 0.02265625 0.015625
0 0.38828125 0.32265625 0.0640625 0.03671875