0 0.5953125 0.43046875 0.08515625 0.0359375
1 0.40546875 0.34140625 0.28359375 0.13828125
0 0.571875 0.39765625 0.0609375 0.0328125
1 0.5890625 0.20546875 0.15 0.084375
1 0.5328125 0.2546875 0.15390625 0.08203125
1 0.4328125 0.58671875 0.15625 0.07890625
1 0.68515625 0.66875 0.16015625 0.0625
1 0.6359375 0.6765625 0.32109375 0.1
1 0.56484375 0.753125 0.33125 0.10625
1 0.98515625 0.63984375 0.0296875 0.01953125
0 0.88515625 0.3515625 0.0421875 0.0171875
0 0.98203125 0.26875 0.0359375 0.015625
0 0.728125 0.259375 0.0390625 0.015625
0 0.60703125 0.209375 0.02109375 0.00390625
0 0.58125 0.20703125 0.01484375 0.00390625
0 0.12578125 0.16171875 0.0421875 0.01484375
0 0.0125 0.37421875 0.02109375 0.015625
0 0.375 0.32421875 0.0609375 0.03515625