0 0.1046875 0.23515625 0.1546875 0.115625
0 0.7859375 0.35859375 0.1375 0.0796875
0 0.84765625 0.41640625 0.13359375 0.075
0 0.7234375 0.334375 0.15234375 0.10234375
1 0.44921875 0.509375 0.2453125 0.14375
0 0.24921875 0.0984375 0.1546875 0.13203125
0 0.2546875 0.5515625 0.11484375 0.0796875
1 0.8390625 0.62265625 0.32109375 0.096875
0 0.2234375 0.609375 0.17109375 0.04609375
0 0.3515625 0.85625 0.0640625 0.0390625
0 0.4375 0.71640625 0.0640625 0.0484375
0 0.4078125 0.18828125 0.0578125 0.03359375
0 0.5296875 0.26953125 0.0546875 0.0328125
0 0.97578125 0.79453125 0.0484375 0.0328125
1 0.1484375 0.39921875 0.26015625 0.16953125
0 0.2046875 0.08828125 0.06015625 0.0390625
1 0.27578125 0.39921875 0.1734375 0.20625
0 0.88515625 0.01171875 0.05390625 0.01328125
0 0.8953125 0.0203125 0.0328125 0.0109375
0 0.30078125 0.60390625 0.03125 0.01796875
0 0.3296875 0.47265625 0.0296875 0.01796875
0 0.603125 0.415625 0.03984375 0.0203125
0 0.58671875 0.3984375 0.0390625 0.01796875
0 0.54921875 0.6046875 0.02734375 0.01328125
0 0.565625 0.61015625 0.01875 0.015625
0 0.9765625 0.434375 0.0328125 0.01484375
0 0.99765625 0.5859375 0.0046875 0.009375
0 0.2078125 0.7859375 0.02890625 0.01640625
0 0.30625 0.8390625 0.02890625 0.01640625
0 0.48203125 0.74375 0.02734375 0.01640625
0 0.6125 0.68046875 0.0296875 0.0171875
0 0.975 0.275 0.0125 0.0296875
0 0.2078125 0.71484375 0.01875 0.009375