0 0.903125 0.7609375 0.15859375 0.11640625
0 0.21875 0.64453125 0.1390625 0.08125
0 0.1546875 0.58671875 0.1359375 0.0765625
0 0.28203125 0.6671875 0.1546875 0.103125
1 0.55 0.48984375 0.2484375 0.1453125
0 0.76328125 0.89921875 0.15859375 0.13359375
0 0.74375 0.44609375 0.11640625 0.08125
1 0.15859375 0.38046875 0.3171875 0.1
0 0.7734375 0.38828125 0.17265625 0.04765625
0 0.6375 0.1421875 0.06484375 0.03984375
0 0.55546875 0.2828125 0.06640625 0.04921875
0 0.6015625 0.81015625 0.05859375 0.034375
0 0.47734375 0.73125 0.05625 0.03359375
0 0.01875 0.209375 0.0375 0.03359375
1 0.8546875 0.596875 0.26484375 0.171875
0 0.8078125 0.90859375 0.0609375 0.0390625
1 0.72734375 0.5984375 0.1796875 0.2078125
0 0.1296875 0.9921875 0.05390625 0.0140625
0 0.11953125 0.98359375 0.0328125 0.0109375
0 0.69609375 0.39375 0.0328125 0.01875
0 0.671875 0.525 0.03125 0.01875
0 0.39921875 0.58515625 0.04140625 0.0203125
0 0.41640625 0.60234375 0.03984375 0.01796875
0 0.44765625 0.3953125 0.02734375 0.01328125
0 0.43125 0.390625 0.01875 0.015625
0 0.02578125 0.5703125 0.0328125 0.015625
0 0.78359375 0.2109375 0.02890625 0.01640625
0 0.6828125 0.159375 0.02890625 0.01640625
0 0.5109375 0.25546875 0.02734375 0.01640625
0 0.38203125 0.3203125 0.03125 0.01796875
0 0.0328125 0.7296875 0.0140625 0.0296875
0 0.78515625 0.28203125 0.01875 0.009375