0 0.08125 0.36875 0.04375 0.025
0 0.5390625 0.28046875 0.03125 0.01484375
1 0.5203125 0.65234375 0.29765625 0.1359375
0 0.35390625 0.4984375 0.03359375 0.01328125
1 0.13125 0.734375 0.0921875 0.04375
0 0.4546875 0.4234375 0.0640625 0.0328125
1 0.3796875 0.3984375 0.03984375 0.02578125
0 0.49140625 0.20703125 0.09140625 0.025
0 0.38828125 0.24140625 0.02734375 0.0078125
0 0.2453125 0.25 0.04609375 0.03984375
0 0.3015625 0.2703125 0.0390625 0.01328125
1 0.2765625 0.57421875 0.06875 0.02734375
0 0.0546875 0.26953125 0.04765625 0.02265625
1 0.259375 0.66171875 0.0765625 0.03046875
1 0.1265625 0.51640625 0.06484375 0.0171875
0 0.7359375 0.28984375 0.06875 0.03515625
0 0.5234375 0.44921875 0.05234375 0.0234375
1 0.8 0.62890625 0.10390625 0.04765625
1 0.5703125 0.57890625 0.05390625 0.025
1 0.721875 0.51875 0.05390625 0.02109375
1 0.6875 0.490625 0.05234375 0.015625
1 0.92890625 0.540625 0.07734375 0.0234375
0 0.8234375 0.48046875 0.00859375 0.00546875
0 0.796875 0.46796875 0.0109375 0.0046875
0 0.88203125 0.36171875 0.0359375 0.01328125
0 0.5859375 0.41171875 0.0140625 0.0046875
0 0.61015625 0.23515625 0.0078125 0.00625
0 0.77890625 0.24375 0.01015625 0.00546875
0 0.89765625 0.2125 0.0421875 0.0140625
0 0.9671875 0.278125 0.0125 0.0140625
0 0.953125 0.27578125 0.01484375 0.01171875
0 0.55703125 0.18203125 0.025 0.00859375
0 0.375 0.20625 0.0375 0.01328125
1 0.6875 0.72890625 0.0546875 0.0375
1 0.7765625 0.6609375 0.0546875 0.0265625
1 0.14765625 0.53984375 0.2484375 0.134375
1 0.0140625 0.4078125 0.028125 0.115625