0 0.753125 0.8578125 0.08984375 0.07109375
0 0.14375 0.25234375 0.12890625 0.09375
0 0.26015625 0.80859375 0.09609375 0.08359375
0 0.04609375 0.72109375 0.0921875 0.07578125
0 0.47890625 0.23828125 0.0296875 0.02421875
1 0.55 0.5484375 0.1796875 0.1359375
0 0.79375 0.80078125 0.0484375 0.03671875
0 0.0484375 0.49453125 0.0375 0.02734375
0 0.5859375 0.3703125 0.0578125 0.04140625
0 0.7328125 0.2171875 0.04140625 0.0328125
0 0.86796875 0.34609375 0.03515625 0.02890625
0 0.028125 0.41953125 0.0375 0.0296875
0 0.5421875 0.196875 0.0515625 0.0375
0 0.3515625 0.4234375 0.0234375 0.0171875
1 0.4203125 0.66328125 0.18359375 0.13671875
0 0.678125 0.63359375 0.03515625 0.034375
0 0.15859375 0.5109375 0.03515625 0.02265625
0 0.71484375 0.40859375 0.03515625 0.028125
0 0.8625 0.26171875 0.04140625 0.03125
0 0.76796875 0.50078125 0.04140625 0.053125
1 0.65625 0.159375 0.1125 0.05234375
0 0.01171875 0.596875 0.0234375 0.0171875
0 0.66875 0.271875 0.10859375 0.0234375
0 0.5953125 0.23125 0.14140625 0.02890625
0 0.3734375 0.503125 0.025 0.02890625
0 0.29296875 0.62734375 0.0328125 0.02265625
0 0.86328125 0.17578125 0.0421875 0.0359375
0 0.709375 0.46015625 0.0171875 0.0171875
0 0.82421875 0.57578125 0.03359375 0.02421875
0 0.6234375 0.76015625 0.02265625 0.0140625
0 0.60390625 0.7625 0.0171875 0.0171875
0 0.3109375 0.840625 0.0859375 0.04375
0 0.41953125 0.6109375 0.0171875 0.01484375
0 0.46015625 0.51328125 0.0265625 0.025
0 0.5625 0.4703125 0.02890625 0.02890625
0 0.6203125 0.55625 0.0078125 0.00859375
0 0.3890625 0.4046875 0.0203125 0.0140625
0 0.2578125 0.4375 0.01640625 0.0109375
0 0.3171875 0.55703125 0.0125 0.0171875
0 0.02421875 0.8109375 0.0171875 0.0109375
0 0.171875 0.33515625 0.01640625 0.0125
0 0.6421875 0.13984375 0.0171875 0.00859375
1 0.3984375 0.11484375 0.02734375 0.0109375