0 0.93671875 0.2625 0.08515625 0.059375
0 0.22265625 0.79921875 0.11015625 0.0859375
0 0.940625 0.63515625 0.1 0.0625
0 0.85703125 0.81171875 0.0890625 0.0734375
0 0.1578125 0.55234375 0.02890625 0.01953125
1 0.5578125 0.45625 0.1609375 0.11875
0 0.85625 0.23984375 0.0421875 0.0328125
0 0.55625 0.8359375 0.03125 0.025
0 0.3171875 0.4546875 0.0484375 0.03828125
0 0.09453125 0.3671875 0.0390625 0.02734375
0 0.2453125 0.24765625 0.03515625 0.02265625
0 0.459375 0.86171875 0.0359375 0.02421875
0 0.09375 0.5109375 0.04375 0.03359375
0 0.4203125 0.6203125 0.0203125 0.015625
1 0.7265625 0.5359375 0.1609375 0.121875
0 0.6515625 0.34921875 0.0421875 0.02265625
0 0.56171875 0.7515625 0.0265625 0.0234375
0 0.34921875 0.353125 0.03359375 0.02265625
0 0.134375 0.2640625 0.0359375 0.02734375
0 0.46328125 0.30078125 0.0671875 0.02421875
1 0.028125 0.43125 0.05625 0.0796875
0 0.696875 0.84921875 0.0203125 0.01796875
0 0.175 0.40625 0.01640625 0.08046875
0 0.13203125 0.46640625 0.0203125 0.1046875
0 0.52109375 0.59375 0.0359375 0.01484375
0 0.696875 0.6359375 0.0265625 0.021875
0 0.02109375 0.27578125 0.0421875 0.028125
0 0.41796875 0.35 0.0203125 0.0109375
0 0.5546875 0.24921875 0.02890625 0.02265625
0 0.8265625 0.37265625 0.01640625 0.01484375
0 0.83203125 0.38671875 0.0203125 0.0109375
0 0.97578125 0.5921875 0.0484375 0.059375
0 0.6578125 0.54453125 0.0171875 0.0109375
0 0.5234375 0.52734375 0.03125 0.0171875
0 0.4515625 0.4578125 0.0359375 0.01796875
0 0.5578125 0.40234375 0.01015625 0.0046875
0 0.3890625 0.59609375 0.01640625 0.01328125
0 0.45078125 0.6890625 0.0125 0.0109375
0 0.60078125 0.628125 0.02109375 0.0078125
0 0.9765625 0.809375 0.0125 0.0125
0 0.32890625 0.76640625 0.01484375 0.01015625
0 0.0046875 0.44453125 0.00859375 0.0125
1 0.00546875 0.6296875 0.0109375 0.01953125