0 0.7421875 0.6125 0.1203125 0.06953125
0 0.22265625 0.75078125 0.10859375 0.109375
1 0.95703125 0.3984375 0.0859375 0.10625
0 0.32109375 0.78515625 0.0671875 0.05234375
1 0.72890625 0.51796875 0.1765625 0.13515625
1 0.3109375 0.534375 0.19765625 0.15
0 0.5734375 0.57109375 0.1265625 0.06640625
1 0.15234375 0.190625 0.2640625 0.18125
1 0.8171875 0.459375 0.1515625 0.1125
0 0.271875 0.4328125 0.14140625 0.09375
0 0.92421875 0.65703125 0.09375 0.0671875
1 0.1140625 0.5078125 0.2125 0.090625
1 0.2078125 0.55703125 0.1796875 0.10703125
0 0.8890625 0.57578125 0.05625 0.05546875
0 0.0703125 0.43515625 0.09765625 0.0671875
1 0.7375 0.39296875 0.1515625 0.13203125
0 0.0375 0.82734375 0.05390625 0.0484375
0 0.95078125 0.63046875 0.08125 0.0578125
1 0.434375 0.571875 0.15 0.08359375
0 0.9890625 0.4328125 0.02109375 0.0640625
0 0.4171875 0.65078125 0.07890625 0.0359375
0 0.76015625 0.7140625 0.05 0.03359375
0 0.37265625 0.62265625 0.0703125 0.0359375
0 0.978125 0.29765625 0.04375 0.02890625
0 0.64140625 0.45 0.04765625 0.0484375
0 0.85390625 0.31953125 0.04375 0.028125
0 0.35546875 0.85078125 0.09140625 0.0390625
0 0.46875 0.48203125 0.07265625 0.0390625
0 0.67109375 0.428125 0.0453125 0.05078125
1 0.57734375 0.49609375 0.14375 0.09921875
1 0.67109375 0.46328125 0.15234375 0.13046875
1 0.44296875 0.37265625 0.1234375 0.121875
0 0.58203125 0.16875 0.01640625 0.015625
0 0.7140625 0.7828125 0.02109375 0.0171875
0 0.0296875 0.6578125 0.0265625 0.01875
0 0.20390625 0.48203125 0.025 0.01953125
1 0.45859375 0.4984375 0.12109375 0.0859375
1 0.5328125 0.34296875 0.11875 0.11875
0 0.17734375 0.85 0.04609375 0.01953125