0 0.7703125 0.56875 0.1265625 0.07578125
0 0.3046875 0.7921875 0.1203125 0.115625
1 0.92265625 0.3234375 0.1109375 0.1109375
0 0.4109375 0.8078125 0.07265625 0.05625
1 0.72890625 0.47890625 0.1890625 0.14453125
1 0.32578125 0.56484375 0.2125 0.16015625
0 0.59296875 0.55625 0.1328125 0.0734375
1 0.1046875 0.25625 0.20859375 0.19609375
1 0.796875 0.40703125 0.1609375 0.1203125
0 0.2578125 0.4734375 0.15 0.10234375
0 0.9546875 0.58125 0.08984375 0.071875
1 0.1265625 0.57265625 0.21875 0.10390625
1 0.2328125 0.6046875 0.18984375 0.1171875
0 0.9015625 0.50859375 0.0609375 0.0578125
0 0.06171875 0.50859375 0.1046875 0.0734375
1 0.69921875 0.35546875 0.16484375 0.140625
0 0.1484375 0.89765625 0.05859375 0.0515625
0 0.9671875 0.55078125 0.06484375 0.0625
1 0.4578125 0.58125 0.1578125 0.0921875
0 0.96171875 0.35078125 0.0375 0.06484375
0 0.4640625 0.6609375 0.0828125 0.040625
0 0.9125 0.13203125 0.0359375 0.03125
0 0.8171875 0.66484375 0.05390625 0.03671875
0 0.4125 0.64140625 0.0734375 0.0390625
0 0.9078125 0.221875 0.05 0.03203125
0 0.62265625 0.42734375 0.05234375 0.0515625
0 0.790625 0.2640625 0.04609375 0.03125
0 0.46484375 0.865625 0.0953125 0.0453125
0 0.4640625 0.48828125 0.075 0.04296875
0 0.6453125 0.40078125 0.05 0.05234375
1 0.57421875 0.4828125 0.15234375 0.1078125
1 0.65625 0.43515625 0.16484375 0.1375
1 0.40625 0.3859375 0.1359375 0.128125
0 0.4796875 0.16328125 0.0171875 0.0171875
0 0.79296875 0.73984375 0.02265625 0.01796875
0 0.0890625 0.73359375 0.02890625 0.0203125
0 0.20546875 0.53203125 0.02734375 0.021875
1 0.459375 0.50546875 0.12890625 0.09296875
1 0.484375 0.34140625 0.13125 0.125
0 0.290625 0.8953125 0.0484375 0.02265625