0 0.0796875 0.5390625 0.0640625 0.06484375
0 0.47890625 0.69453125 0.14609375 0.10234375
1 0.4484375 0.63046875 0.2796875 0.2921875
0 0.5953125 0.3984375 0.0734375 0.08984375
0 0.13046875 0.8671875 0.075 0.06875
0 0.4671875 0.49921875 0.1109375 0.06640625
0 0.4640625 0.446875 0.0875 0.05078125
0 0.4703125 0.23203125 0.13125 0.065625
0 0.8671875 0.6046875 0.05390625 0.04609375
0 0.42421875 0.20234375 0.0671875 0.05546875
0 0.4390625 0.38359375 0.06015625 0.04296875
0 0.19921875 0.440625 0.04765625 0.06171875
0 0.7671875 0.2265625 0.07109375 0.0625
0 0.52578125 0.7875 0.03125 0.03671875
0 0.31953125 0.34140625 0.05234375 0.04140625
0 0.35 0.3109375 0.05234375 0.04140625
0 0.08828125 0.403125 0.04375 0.05
0 0.78359375 0.5828125 0.04140625 0.0328125
0 0.8453125 0.2703125 0.07109375 0.06171875
0 0.69296875 0.42578125 0.04140625 0.0296875
0 0.06796875 0.28828125 0.05234375 0.046875
0 0.515625 0.20234375 0.07734375 0.0359375
1 0.4015625 0.828125 0.2328125 0.121875
0 0.253125 0.153125 0.0453125 0.02890625
0 0.5625 0.82109375 0.0484375 0.07578125
0 0.609375 0.8484375 0.0390625 0.04296875
0 0.4734375 0.18828125 0.0953125 0.0359375
0 0.71953125 0.3140625 0.025 0.01875
0 0.8609375 0.5359375 0.03125 0.028125
0 0.79921875 0.43828125 0.02265625 0.025
0 0.83828125 0.3859375 0.0140625 0.01875
0 0.8609375 0.79140625 0.01484375 0.01796875
0 0.64609375 0.2921875 0.02890625 0.01796875
0 0.62109375 0.33046875 0.01875 0.0171875
0 0.66875 0.1234375 0.02265625 0.01796875
0 0.4734375 0.32578125 0.01875 0.01953125
0 0.32109375 0.246875 0.01484375 0.01328125
0 0.615625 0.51796875 0.03515625 0.02734375
0 0.315625 0.459375 0.03359375 0.028125
0 0.54921875 0.44453125 0.03984375 0.0265625
0 0.48515625 0.41640625 0.0125 0.0140625
0 0.2140625 0.28203125 0.01484375 0.0109375
0 0.1796875 0.33671875 0.01484375 0.0140625
0 0.0203125 0.609375 0.02265625 0.01796875
0 0.16484375 0.7875 0.0296875 0.01953125
0 0.315625 0.83203125 0.0140625 0.009375
0 0.234375 0.87578125 0.0140625 0.01015625
0 0.7921875 0.66484375 0.01640625 0.0078125
0 0.75 0.775 0.0171875 0.00390625
0 0.74609375 0.78125 0.01015625 0.00625
0 0.4796875 0.6234375 0.0109375 0.009375
0 0.4640625 0.19609375 0.01484375 0.00625
0 0.40625 0.1890625 0.0140625 0.0125
0 0.1390625 0.7171875 0.0125 0.0125
0 0.09296875 0.8984375 0.025 0.0109375