0 0.0765625 0.50625 0.05859375 0.06171875
0 0.4515625 0.69140625 0.1390625 0.0953125
1 0.43046875 0.62578125 0.2546875 0.28046875
0 0.6078125 0.40703125 0.06640625 0.0875
0 0.08125 0.8359375 0.06875 0.065625
0 0.4671875 0.496875 0.10625 0.0609375
0 0.47109375 0.44453125 0.08359375 0.04609375
0 0.5078125 0.23125 0.1265625 0.06015625
0 0.85078125 0.6328125 0.05 0.04375
0 0.46640625 0.1984375 0.0625 0.05234375
0 0.45546875 0.3796875 0.0578125 0.040625
0 0.209375 0.41796875 0.0421875 0.06015625
0 0.80390625 0.24921875 0.06640625 0.06015625
0 0.48515625 0.78828125 0.02890625 0.034375
0 0.015625 0.2953125 0.0234375 0.0328125
0 0.3421875 0.328125 0.05 0.0390625
0 0.3765625 0.3 0.05 0.0390625
0 0.1046875 0.37109375 0.03984375 0.04765625
0 0.7703125 0.6046875 0.0390625 0.03203125
0 0.87578125 0.2984375 0.06640625 0.059375
0 0.70234375 0.44140625 0.03984375 0.028125
0 0.1 0.25546875 0.0484375 0.0453125
0 0.55703125 0.20546875 0.075 0.03203125
1 0.35546875 0.81875 0.2234375 0.1109375
0 0.303125 0.13515625 0.0421875 0.02734375
0 0.5171875 0.825 0.04140625 0.075
0 0.5609375 0.85546875 0.03515625 0.04140625
0 0.5171875 0.1875 0.0921875 0.03125
0 0.74375 0.3328125 0.0234375 0.0171875
0 0.85390625 0.5640625 0.02890625 0.0265625
0 0.80625 0.46171875 0.0203125 0.02421875
0 0.8515625 0.41328125 0.0109375 0.01796875
0 0.81796875 0.81796875 0.0125 0.0171875
0 0.67421875 0.3046875 0.02734375 0.015625
0 0.64453125 0.34140625 0.0171875 0.015625
0 0.7203125 0.1390625 0.0203125 0.0171875
0 0.4984375 0.325 0.01640625 0.01875
0 0.3578125 0.234375 0.0140625 0.0125
0 0.6125 0.52734375 0.0328125 0.025
0 0.32265625 0.4453125 0.03125 0.0265625
0 0.55703125 0.44921875 0.0375 0.02421875
0 0.496875 0.415625 0.0109375 0.01328125
0 0.2453125 0.2609375 0.0140625 0.01015625
0 0.2046875 0.3125 0.0140625 0.01328125
0 0.00859375 0.57109375 0.0171875 0.0171875
0 0.1265625 0.76015625 0.02734375 0.01796875
0 0.2703125 0.81640625 0.0125 0.00859375
0 0.18359375 0.853125 0.0125 0.009375
0 0.76796875 0.68671875 0.01484375 0.00625
0 0.71015625 0.79296875 0.0171875 0.003125
0 0.70546875 0.79921875 0.01015625 0.00546875
0 0.4625 0.62109375 0.01015625 0.00859375
0 0.50703125 0.1953125 0.01484375 0.00546875
0 0.45 0.18359375 0.0125 0.0109375
0 0.1109375 0.6875 0.0109375 0.0109375
0 0.0390625 0.8640625 0.0234375 0.009375