0 0.515625 0.8171875 0.08125 0.04296875
0 0.75625 0.5328125 0.125 0.10234375
1 0.66875 0.55 0.3703125 0.18671875
0 0.3734375 0.4203125 0.11484375 0.04765625
0 0.95546875 0.8078125 0.0859375 0.05078125
0 0.49609375 0.525 0.0796875 0.07890625
0 0.4265625 0.52265625 0.06015625 0.06171875
0 0.14140625 0.4984375 0.07734375 0.09375
0 0.67109375 0.23515625 0.0578125 0.03671875
0 0.0984375 0.53046875 0.06875 0.04609375
0 0.33984375 0.53515625 0.05234375 0.0421875
0 0.3953125 0.71953125 0.07890625 0.03125
0 0.1609375 0.2765625 0.07890625 0.0484375
0 0.884375 0.50625 0.04609375 0.0203125
0 0.23671875 0.86796875 0.04375 0.021875
0 0.2734375 0.62109375 0.0515625 0.03671875
0 0.2359375 0.5953125 0.0515625 0.03671875
0 0.33515625 0.79921875 0.0625 0.02890625
0 0.634375 0.2953125 0.04140625 0.028125
0 0.225 0.221875 0.07734375 0.0484375
0 0.41796875 0.34921875 0.0359375 0.02890625
0 0.18046875 0.80390625 0.05859375 0.0359375
0 0.10625 0.4625 0.04140625 0.05546875
1 0.928125 0.60234375 0.14375 0.165625
0 0.0171875 0.653125 0.034375 0.03125
0 0.9328125 0.48125 0.0984375 0.0296875
0 0.97265625 0.4484375 0.0546875 0.025
0 0.0828125 0.49296875 0.03984375 0.06875
0 0.27265625 0.3203125 0.02265625 0.01796875
0 0.57890625 0.23359375 0.03515625 0.021875
0 0.44375 0.27109375 0.0328125 0.01484375
0 0.378125 0.2375 0.0234375 0.00859375
0 0.91875 0.25546875 0.02265625 0.009375
0 0.23671875 0.37265625 0.02109375 0.0203125
0 0.2859375 0.39453125 0.02109375 0.01328125
0 0.01484375 0.34140625 0.02265625 0.01484375
0 0.26640625 0.5046875 0.025 0.0125
0 0.1484375 0.61171875 0.01640625 0.01015625
0 0.534375 0.41484375 0.03359375 0.02421875
0 0.4296875 0.634375 0.03515625 0.0234375
0 0.43046875 0.45859375 0.03125 0.028125
0 0.3875 0.50390625 0.0171875 0.00859375
0 0.1859375 0.6953125 0.0140625 0.01015625
0 0.2546875 0.725 0.0171875 0.01015625
0 0.60390625 0.86796875 0.02265625 0.01796875
0 0.6921875 0.890625 0.03125 0.0234375
0 0.853125 0.775 0.0234375 0.0203125
0 0.92578125 0.6671875 0.0109375 0.009375
0 0.9765625 0.73125 0.0125 0.009375
0 0.74453125 0.2953125 0.00859375 0.0109375
0 0.8875 0.3375 0.00390625 0.01328125
0 0.8953125 0.340625 0.0078125 0.0078125
0 0.6625 0.52578125 0.0109375 0.0078125
0 0.09375 0.5 0.0078125 0.0109375
0 0.07890625 0.54296875 0.01484375 0.009375
0 0.75703125 0.78828125 0.01484375 0.00859375
0 0.99375 0.8390625 0.0125 0.01796875