0 0.6140625 0.1140625 0.06484375 0.06171875
0 0.3328125 0.409375 0.0796875 0.05703125
0 0.09921875 0.21015625 0.0609375 0.05
0 0.3328125 0.4640625 0.0703125 0.05703125
0 0.57734375 0.64609375 0.06640625 0.0484375
0 0.6640625 0.81015625 0.05 0.04609375
0 0.3375 0.26953125 0.0375 0.03671875
0 0.17890625 0.10859375 0.0484375 0.0421875
0 0.7671875 0.26328125 0.0390625 0.04375
0 0.025 0.5546875 0.05 0.0796875
0 0.6328125 0.66015625 0.0625 0.0421875
0 0.65234375 0.36640625 0.05859375 0.02890625
0 0.590625 0.53984375 0.04375 0.04375
0 0.66015625 0.33984375 0.06484375 0.03828125
0 0.50390625 0.64609375 0.05234375 0.03671875
0 0.63984375 0.14921875 0.0390625 0.0390625
0 0.38125 0.45859375 0.03984375 0.0359375
0 0.003125 0.58984375 0.00625 0.05234375
0 0.30234375 0.14296875 0.0296875 0.02265625
0 0.05390625 0.1609375 0.02265625 0.03828125
0 0.07890625 0.23515625 0.03359375 0.021875
0 0.04609375 0.24921875 0.0296875 0.0203125
0 0.0453125 0.22734375 0.0265625 0.0421875
0 0.1890625 0.18359375 0.0234375 0.015625
0 0.66875 0.15234375 0.01640625 0.01875
0 0.3015625 0.49296875 0.0296875 0.01796875
0 0.1734375 0.5734375 0.0140625 0.0109375
0 0.628125 0.38203125 0.0328125 0.0234375
0 0.63515625 0.39296875 0.0203125 0.01484375
0 0.57421875 0.47265625 0.02109375 0.015625
0 0.91328125 0.6859375 0.02265625 0.0421875
0 0.0296875 0.7765625 0.02734375 0.0140625
0 0.7640625 0.70546875 0.01484375 0.01484375
0 0.6625 0.96015625 0.0203125 0.01328125
0 0.9375 0.91171875 0.0140625 0.0125
0 0.18359375 0.19140625 0.02890625 0.01328125
0 0.1703125 0.1953125 0.0640625 0.021875
0 0.1703125 0.2109375 0.0578125 0.021875
0 0.4703125 0.64296875 0.01875 0.0125
0 0.55078125 0.7734375 0.01875 0.0171875
0 0.540625 0.8671875 0.0125 0.0140625