0 0.5796875 0.35703125 0.07734375 0.0609375
0 0.7859375 0.1421875 0.0671875 0.046875
0 0.509375 0.36953125 0.07734375 0.05234375
0 0.328125 0.58984375 0.06484375 0.05
0 0.13359375 0.68984375 0.0625 0.0375
0 0.7625 0.3296875 0.0484375 0.028125
0 0.9296875 0.17734375 0.04609375 0.03671875
0 0.8671875 0.6421875 0.05859375 0.0296875
0 0.3203125 0.16015625 0.1078125 0.05078125
0 0.321875 0.6328125 0.05625 0.04765625
0 0.7078125 0.58125 0.0390625 0.0453125
0 0.46875 0.575 0.05859375 0.03359375
0 0.74453125 0.58125 0.05234375 0.05
0 0.3109375 0.5359375 0.0484375 0.040625
0 0.9796875 0.5234375 0.03984375 0.02890625
0 0.5265625 0.40390625 0.04765625 0.0296875
0 0.26875 0.15078125 0.0703125 0.0203125
0 0.9203125 0.27578125 0.03125 0.0234375
0 0.83984375 0.09765625 0.0515625 0.01796875
0 0.74921875 0.1328125 0.0296875 0.025
0 0.72421875 0.11171875 0.02890625 0.02265625
0 0.75234375 0.10703125 0.0578125 0.01953125
0 0.84140625 0.2015625 0.02109375 0.01875
0 0.98828125 0.5453125 0.0234375 0.0125
0 0.4640625 0.353125 0.025 0.02265625
0 0.33125 0.27734375 0.01484375 0.01015625
0 0.6828125 0.5671875 0.0328125 0.025
0 0.66953125 0.57421875 0.02109375 0.015625
0 0.5515625 0.5484375 0.02109375 0.0171875
0 0.3515625 0.84375 0.05625 0.0171875
0 0.034375 0.21875 0.01875 0.0203125
0 0.2921875 0.7390625 0.0203125 0.0109375
0 0.0671875 0.91171875 0.0078125 0.01015625
0 0.8296875 0.2 0.01875 0.021875
0 0.82109375 0.190625 0.0296875 0.04765625
0 0.8015625 0.19375 0.0296875 0.04296875
0 0.3078125 0.5109375 0.0171875 0.0140625
0 0.15625 0.59921875 0.02265625 0.0140625
0 0.03203125 0.6125 0.01875 0.01015625