0 0.2890625 0.65 0.14375 0.09375
0 0.034375 0.8078125 0.06875 0.0984375
0 0.2421875 0.42734375 0.1078125 0.08203125
0 0.10703125 0.6125 0.1046875 0.08828125
0 0.06015625 0.434375 0.1125 0.08046875
0 0.484375 0.559375 0.14765625 0.14921875
0 0.74375 0.23125 0.1046875 0.096875
0 0.36171875 0.825 0.18359375 0.13125
0 0.4046875 0.33359375 0.1171875 0.059375
0 0.75703125 0.96875 0.19140625 0.06171875
0 0.46953125 0.465625 0.2171875 0.0984375
0 0.54609375 0.19609375 0.1359375 0.05234375
0 0.1328125 0.24296875 0.0578125 0.04296875
0 0.2875 0.28984375 0.05 0.03828125
0 0.45625 0.25859375 0.05859375 0.025
0 0.90234375 0.88984375 0.06484375 0.11484375
0 0.6734375 0.97265625 0.1 0.0546875
0 0.28203125 0.2984375 0.01640625 0.01015625
0 0.9078125 0.74375 0.0171875 0.0140625