0 0.3265625 0.675 0.1296875 0.08203125
0 0.0796875 0.86875 0.1234375 0.0875
0 0.2296875 0.4625 0.0953125 0.07265625
0 0.1390625 0.66171875 0.09140625 0.0796875
0 0.0515625 0.49296875 0.1 0.07109375
0 0.4984375 0.5609375 0.1234375 0.1390625
0 0.678125 0.20390625 0.08984375 0.08828125
0 0.4390625 0.83828125 0.16484375 0.115625
0 0.3671875 0.3484375 0.11015625 0.0484375
0 0.8671875 0.9515625 0.17734375 0.08984375
0 0.46171875 0.4703125 0.20625 0.078125
0 0.47578125 0.19453125 0.13125 0.0390625
0 0.07890625 0.29453125 0.0515625 0.03828125
0 0.2421875 0.3203125 0.0453125 0.034375
0 0.40078125 0.26796875 0.0546875 0.01953125
0 0.98203125 0.83125 0.0359375 0.11171875
0 0.784375 0.95859375 0.0859375 0.07734375
0 0.2390625 0.3296875 0.01484375 0.00859375
0 0.9578125 0.68671875 0.01484375 0.0125