0 0.6765625 0.32734375 0.12890625 0.0796875
0 0.9296875 0.13671875 0.12109375 0.08515625
0 0.76953125 0.54140625 0.09375 0.07109375
0 0.86484375 0.34296875 0.08984375 0.07890625
0 0.9484375 0.51328125 0.0984375 0.0703125
0 0.503125 0.4390625 0.1203125 0.13671875
0 0.31484375 0.79375 0.0875 0.0875
0 0.56875 0.16328125 0.1625 0.11328125
0 0.6296875 0.65390625 0.10859375 0.046875
0 0.14375 0.04375 0.175 0.0875
0 0.5375 0.53046875 0.2046875 0.075
0 0.5171875 0.80546875 0.1296875 0.0375
0 0.91640625 0.7109375 0.05 0.0375
0 0.75390625 0.6828125 0.04375 0.03359375
0 0.59375 0.73359375 0.0546875 0.01875
0 0.02109375 0.1625 0.0421875 0.1109375
0 0.2265625 0.03828125 0.08515625 0.07578125
0 0.7578125 0.6734375 0.01484375 0.00859375
0 0.046875 0.30703125 0.01484375 0.0125