0 0.25390625 0.8 0.0984375 0.08046875
0 0.0765625 0.703125 0.04765625 0.0421875
0 0.06640625 0.553125 0.0578125 0.04140625
0 0.225 0.575 0.05390625 0.04609375
0 0.74375 0.446875 0.06484375 0.08828125
0 0.0390625 0.19453125 0.078125 0.0546875
0 0.03125 0.634375 0.03125 0.0375
0 0.96875 0.459375 0.0625 0.08125
0 0.46640625 0.55703125 0.0421875 0.03828125
0 0.665625 0.73203125 0.0703125 0.046875
0 0.26640625 0.54140625 0.05625 0.04296875
0 0.3640625 0.52890625 0.04140625 0.0375
0 0.4984375 0.45078125 0.0421875 0.03828125
0 0.203125 0.70546875 0.1703125 0.16015625
0 0.89921875 0.534375 0.0359375 0.03203125
0 0.32890625 0.728125 0.04609375 0.04140625
0 0.44921875 0.78203125 0.0375 0.0328125
0 0.6046875 0.54453125 0.0359375 0.04375
0 0.4359375 0.83515625 0.0578125 0.0296875
0 0.3375 0.4328125 0.15234375 0.06640625
0 0.4484375 0.29296875 0.04375 0.03359375
0 0.01484375 0.27890625 0.0296875 0.03203125
0 0.9921875 0.596875 0.01484375 0.034375
0 0.665625 0.646875 0.04375 0.03828125
0 0.884375 0.82734375 0.08359375 0.03671875
0 0.80703125 0.5078125 0.03515625 0.0265625
0 0.578125 0.80859375 0.03125 0.03828125
0 0.65390625 0.5765625 0.0359375 0.0390625
0 0.90390625 0.2765625 0.0265625 0.0109375
0 0.81875 0.3765625 0.01875 0.0140625
0 0.66484375 0.371875 0.025 0.03671875
0 0.63984375 0.3765625 0.0390625 0.03125
0 0.64140625 0.3140625 0.03125 0.01796875
0 0.553125 0.13984375 0.0484375 0.0484375
0 0.51953125 0.128125 0.0296875 0.01875
0 0.396875 0.340625 0.08125 0.10390625
0 0.31953125 0.21640625 0.0359375 0.02265625
0 0.3015625 0.22109375 0.0265625 0.0140625