0 0.83515625 0.74765625 0.10625 0.0734375
0 0.66875 0.85546875 0.0546875 0.034375
0 0.471875 0.82890625 0.05390625 0.04296875
0 0.5359375 0.7171875 0.0609375 0.0390625
0 0.4859375 0.309375 0.1171875 0.046875
0 0.01640625 0.77578125 0.0328125 0.07578125
0 0.5671875 0.88203125 0.05234375 0.04296875
0 0.5546875 0.13828125 0.11015625 0.0640625
0 0.56640625 0.5375 0.0515625 0.03203125
0 0.8390625 0.43125 0.0609375 0.0515625
0 0.5015625 0.6796875 0.05625 0.04140625
0 0.50703125 0.60546875 0.05 0.03125
0 0.4359375 0.48984375 0.0515625 0.03203125
0 0.7 0.76328125 0.2109375 0.12578125
0 0.63515625 0.21640625 0.04140625 0.0265625
0 0.7578125 0.6765625 0.05390625 0.03359375
0 0.85546875 0.60078125 0.04375 0.02734375
0 0.7203125 0.903125 0.05625 0.03125
0 0.58125 0.43359375 0.0578125 0.0265625
0 0.92109375 0.62265625 0.0390625 0.04296875
0 0.37578125 0.603125 0.0859375 0.11328125
0 0.2203125 0.49140625 0.04375 0.03203125
0 0.09921875 0.82265625 0.0421875 0.06015625
0 0.740625 0.146875 0.04765625 0.0390625
0 0.728125 0.41171875 0.0515625 0.0328125
0 0.99453125 0.29296875 0.0109375 0.0625
0 0.2171875 0.96875 0.0359375 0.025
0 0.5796875 0.278125 0.03359375 0.025
0 0.91796875 0.99609375 0.03125 0.0078125
0 0.91796875 0.5125 0.0515625 0.02265625
0 0.634375 0.4046875 0.0515625 0.0265625
0 0.3 0.15546875 0.01484375 0.01953125
0 0.4109375 0.23984375 0.01875 0.01328125
0 0.3703125 0.35078125 0.04765625 0.01875
0 0.3703125 0.36953125 0.04140625 0.02890625
0 0.290625 0.3546875 0.02265625 0.0234375
0 0.04453125 0.3796875 0.0640625 0.0359375
0 0.021875 0.40234375 0.0234375 0.02265625
0 0.26953125 0.5390625 0.1375 0.06015625
0 0.090625 0.56796875 0.0296875 0.02734375
0 0.09296875 0.58203125 0.01875 0.01953125
0 0.06953125 0.95703125 0.03515625 0.01875