0 0.1328125 0.28046875 0.09765625 0.065625
0 0.2828125 0.16015625 0.0515625 0.03125
0 0.48203125 0.1703125 0.0484375 0.0390625
0 0.434375 0.2859375 0.05625 0.0359375
0 0.540625 0.68828125 0.1125 0.03828125
0 0.9609375 0.1859375 0.0609375 0.07109375
0 0.3796875 0.12578125 0.04765625 0.0390625
0 0.4953125 0.8640625 0.10234375 0.05625
0 0.42890625 0.46796875 0.04765625 0.028125
0 0.17265625 0.5953125 0.0546875 0.04765625
0 0.4734375 0.32109375 0.0515625 0.0375
0 0.478125 0.3953125 0.04609375 0.02734375
0 0.565625 0.5046875 0.04765625 0.028125
0 0.2640625 0.25390625 0.19765625 0.1109375
0 0.40546875 0.79296875 0.0390625 0.0234375
0 0.21953125 0.34453125 0.05 0.0296875
0 0.1328125 0.428125 0.03984375 0.02421875
0 0.22421875 0.11640625 0.05234375 0.02734375
0 0.428125 0.571875 0.0546875 0.02265625
0 0.0640625 0.41171875 0.03359375 0.040625
0 0.609375 0.3875 0.07109375 0.10859375
0 0.7796875 0.48671875 0.03984375 0.02890625
0 0.853125 0.14765625 0.03515625 0.05703125
0 0.31015625 0.8703125 0.0421875 0.03671875
0 0.2859375 0.60546875 0.04765625 0.02890625
0 0.01953125 0.74609375 0.0390625 0.06015625
0 0.715625 0.0109375 0.034375 0.021875
0 0.4515625 0.72734375 0.03125 0.0234375
0 0.01328125 0.025 0.0265625 0.03359375
0 0.0828125 0.5203125 0.0484375 0.01875
0 0.3796875 0.6046875 0.0484375 0.02265625
0 0.746875 0.82734375 0.0125 0.01875
0 0.625 0.75234375 0.0171875 0.0125
0 0.64921875 0.63828125 0.04609375 0.01484375
0 0.646875 0.61953125 0.0375 0.0265625
0 0.72890625 0.628125 0.0203125 0.021875
0 0.96953125 0.5828125 0.0609375 0.03125
0 0.9890625 0.559375 0.02109375 0.0203125
0 0.7234375 0.44296875 0.13125 0.05
0 0.89765625 0.4 0.0265625 0.025
0 0.89296875 0.38671875 0.01640625 0.01875
0 0.8640625 0.0109375 0.0328125 0.015625