0 0.05078125 0.5421875 0.02734375 0.0296875
0 0.978125 0.1640625 0.04375 0.028125
0 0.0578125 0.4296875 0.0171875 0.01328125
0 0.0328125 0.434375 0.02890625 0.0265625
0 0.1390625 0.30859375 0.03125 0.028125
0 0.0828125 0.315625 0.0203125 0.0203125
0 0.2796875 0.253125 0.0234375 0.01796875
0 0.11328125 0.19140625 0.0328125 0.02890625
0 0.3484375 0.17265625 0.0328125 0.03125
0 0.3578125 0.29921875 0.01640625 0.01015625
0 0.6203125 0.1484375 0.01640625 0.01328125
0 0.70625 0.16015625 0.03515625 0.0328125
0 0.896875 0.196875 0.0390625 0.03203125
0 0.72265625 0.2859375 0.06015625 0.06015625
0 0.8890625 0.334375 0.0390625 0.03125
0 0.60703125 0.4453125 0.0828125 0.06875
0 0.56328125 0.53359375 0.0171875 0.01328125
0 0.5546875 0.54375 0.02109375 0.0109375
0 0.3265625 0.5671875 0.06015625 0.06953125
0 0.30234375 0.5578125 0.02109375 0.0109375
0 0.30625 0.57265625 0.0171875 0.0140625
0 0.29453125 0.56875 0.0171875 0.0125
0 0.3078125 0.69296875 0.0859375 0.09921875
0 0.23984375 0.73515625 0.0875 0.103125
1 0.94765625 0.5640625 0.1046875 0.25