0 0.0578125 0.57109375 0.0234375 0.028125
0 0.94375 0.13359375 0.05234375 0.02421875
0 0.0515625 0.45859375 0.01640625 0.0125
0 0.0265625 0.465625 0.0265625 0.02421875
0 0.11796875 0.3328125 0.02890625 0.0265625
0 0.06328125 0.34375 0.0171875 0.01953125
0 0.25234375 0.26875 0.02265625 0.015625
0 0.07890625 0.2171875 0.0296875 0.02734375
0 0.3109375 0.184375 0.02890625 0.02890625
0 0.3359375 0.309375 0.01484375 0.009375
0 0.57890625 0.14140625 0.01484375 0.0125
0 0.665625 0.14765625 0.03125 0.03125
0 0.86015625 0.171875 0.03515625 0.0296875
0 0.696875 0.27265625 0.05390625 0.05625
0 0.86875 0.309375 0.03515625 0.02890625
0 0.6 0.43828125 0.075 0.0640625
0 0.5671875 0.5296875 0.01640625 0.0125
0 0.56015625 0.53984375 0.0203125 0.01015625
0 0.3359375 0.578125 0.05234375 0.06640625
0 0.31015625 0.57109375 0.0203125 0.01015625
0 0.315625 0.58515625 0.01640625 0.01328125
0 0.303125 0.58125 0.01640625 0.0109375
0 0.33125 0.7046875 0.075 0.09453125
0 0.26796875 0.75078125 0.0765625 0.0984375
1 0.9578125 0.53515625 0.08359375 0.2453125