0 0.5953125 0.83203125 0.0375 0.01796875
0 0.0140625 0.1671875 0.02734375 0.0390625
0 0.4453125 0.83671875 0.01640625 0.0125
0 0.45390625 0.8546875 0.0328125 0.01953125
0 0.27734375 0.7859375 0.03515625 0.021875
0 0.29140625 0.82734375 0.0265625 0.01328125
0 0.1921875 0.6859375 0.02109375 0.0171875
0 0.1234375 0.815625 0.0359375 0.02265625
0 0.07890625 0.6421875 0.0390625 0.021875
0 0.2453125 0.6234375 0.0125 0.0109375
0 0.021875 0.440625 0.01640625 0.0109375
0 0.0296875 0.37578125 0.04140625 0.0234375
0 0.0625 0.23046875 0.03984375 0.0265625
0 0.196875 0.35234375 0.075 0.040625
0 0.24609375 0.2234375 0.0390625 0.0265625
0 0.41796875 0.425 0.08515625 0.05625
0 0.5390625 0.45 0.01640625 0.0125
0 0.553125 0.45546875 0.0140625 0.01484375
0 0.6046875 0.6234375 0.0890625 0.0390625
0 0.59453125 0.6421875 0.0140625 0.01484375
0 0.61328125 0.63828125 0.0171875 0.0125
0 0.60859375 0.64765625 0.01484375 0.0125
0 0.77265625 0.6265625 0.1265625 0.05625
0 0.834375 0.67421875 0.13125 0.05703125
1 0.546875 0.15625 0.32734375 0.0625