0 0.66015625 0.2546875 0.0859375 0.05625
0 0.5984375 0.325 0.07890625 0.08359375
0 0.3359375 0.57265625 0.1140625 0.075
0 0.5625 0.484375 0.10859375 0.07109375
0 0.3546875 0.84296875 0.0671875 0.03828125
0 0.92265625 0.29765625 0.0703125 0.08046875
0 0.72890625 0.60234375 0.0578125 0.046875
0 0.0640625 0.83671875 0.05625 0.0375
0 0.2359375 0.19921875 0.0546875 0.046875
0 0.19296875 0.16953125 0.0515625 0.04609375
0 0.14140625 0.80390625 0.0390625 0.0375
0 0.80546875 0.4609375 0.03515625 0.028125
0 0.77265625 0.47109375 0.03515625 0.0265625
0 0.47578125 0.1828125 0.04375 0.03125
0 0.73359375 0.46640625 0.04375 0.03203125
0 0.7765625 0.44609375 0.04140625 0.028125
0 0.68515625 0.471875 0.05 0.02421875
0 0.64609375 0.71171875 0.0375 0.02890625
0 0.79296875 0.1890625 0.0328125 0.02421875
0 0.809375 0.26875 0.02109375 0.02265625
0 0.9109375 0.3609375 0.0265625 0.01953125
0 0.840625 0.14296875 0.01484375 0.02734375
0 0.8359375 0.40078125 0.03125 0.02421875
0 0.88359375 0.490625 0.0265625 0.0234375
0 0.38359375 0.29296875 0.0296875 0.02265625
0 0.35390625 0.296875 0.0234375 0.021875
0 0.67890625 0.2921875 0.01875 0.0109375
0 0.71640625 0.13828125 0.01640625 0.0203125
0 0.4703125 0.1640625 0.0109375 0.01015625
0 0.47421875 0.20546875 0.01875 0.015625
0 0.4140625 0.59375 0.0234375 0.0171875
0 0.46875 0.55390625 0.01875 0.01328125
0 0.5359375 0.37734375 0.01640625 0.01015625
0 0.696875 0.61953125 0.0171875 0.0125
0 0.6109375 0.67265625 0.025 0.01875
0 0.63828125 0.68359375 0.02890625 0.0234375
0 0.540625 0.86953125 0.02265625 0.0109375
0 0.5328125 0.65546875 0.01875 0.01328125
0 0.29296875 0.7125 0.0171875 0.009375
0 0.484375 0.71640625 0.0109375 0.00859375
0 0.115625 0.2921875 0.02265625 0.0203125
0 0.18984375 0.53125 0.01015625 0.009375
0 0.2296875 0.646875 0.0265625 0.01953125
0 0.0640625 0.71796875 0.025 0.0140625
0 0.04375 0.72734375 0.0125 0.009375
0 0.45546875 0.83359375 0.03515625 0.02890625
0 0.48203125 0.85625 0.0359375 0.03125
0 0.63203125 0.2546875 0.02734375 0.02890625
0 0.546875 0.359375 0.03984375 0.02890625
0 0.3671875 0.12734375 0.0125 0.009375
0 0.38984375 0.47890625 0.01640625 0.015625
0 0.64765625 0.8734375 0.02109375 0.00625