0 0.1703125 0.384375 0.0734375 0.0640625
0 0.26484375 0.4296875 0.11015625 0.05703125
0 0.6 0.62109375 0.09765625 0.084375
0 0.478125 0.45390625 0.09375 0.08046875
0 0.96015625 0.603125 0.05 0.05
0 0.2234375 0.18671875 0.10625 0.0515625
0 0.6328125 0.3265625 0.0609375 0.0421875
0 0.95703125 0.82109375 0.0484375 0.04140625
0 0.103125 0.703125 0.0609375 0.040625
0 0.06484375 0.7359375 0.06015625 0.0375
0 0.91171875 0.7640625 0.0484375 0.028125
0 0.4421875 0.271875 0.0375 0.025
0 0.45625 0.29609375 0.03515625 0.0265625
0 0.07734375 0.52421875 0.03984375 0.03203125
0 0.45078125 0.325 0.04140625 0.03203125
0 0.4234375 0.29296875 0.0359375 0.0296875
0 0.459375 0.36171875 0.03125 0.0375
0 0.7796875 0.38671875 0.0375 0.02734375
0 0.0796875 0.2859375 0.0328125 0.02421875
0 0.1859375 0.271875 0.0296875 0.015625
0 0.3078125 0.19453125 0.0265625 0.01953125
0 0.01796875 0.25078125 0.0359375 0.01015625
0 0.3625 0.25 0.0328125 0.0234375
0 0.48046875 0.2125 0.03125 0.01953125
0 0.22578125 0.590625 0.0296875 0.02265625
0 0.23203125 0.61328125 0.02890625 0.01796875
0 0.2203125 0.36953125 0.01484375 0.0140625
0 0.0140625 0.34453125 0.02734375 0.0125
0 0.05234375 0.52890625 0.0140625 0.00859375
0 0.1078125 0.52421875 0.02109375 0.0140625
0 0.6265625 0.5625 0.02265625 0.01796875
0 0.57265625 0.52265625 0.0171875 0.0140625
0 0.3359375 0.47578125 0.0140625 0.0125
0 0.65546875 0.35078125 0.01640625 0.01328125
0 0.728125 0.4140625 0.025 0.01875
0 0.7421875 0.39296875 0.03125 0.021875
0 0.9921875 0.46328125 0.01484375 0.0171875
0 0.70625 0.47265625 0.0171875 0.0140625
0 0.7875 0.6515625 0.0125 0.01328125
0 0.78828125 0.5078125 0.0109375 0.00859375
0 0.2296875 0.7921875 0.02734375 0.0171875
0 0.54765625 0.73203125 0.0125 0.0078125
0 0.70078125 0.7 0.0265625 0.01953125
0 0.7984375 0.82265625 0.01875 0.01875
0 0.8109375 0.8375 0.0125 0.009375
0 0.9453125 0.52734375 0.0390625 0.025
0 0.975 0.5078125 0.04140625 0.0265625
0 0.1703125 0.40546875 0.0390625 0.01953125
0 0.31171875 0.4671875 0.0375 0.02890625
0 0.00625 0.60625 0.0125 0.009375
0 0.4734375 0.5828125 0.02109375 0.0125
0 0.9953125 0.3828125 0.00859375 0.015625