0 0.5015625 0.80859375 0.0859375 0.046875
0 0.271875 0.81640625 0.0515625 0.05625
0 0.66171875 0.2765625 0.05390625 0.0359375
0 0.384375 0.45 0.05625 0.05625
0 0.42421875 0.34453125 0.0796875 0.0640625
0 0.5484375 0.228125 0.0578125 0.04765625
0 0.690625 0.85390625 0.0359375 0.05546875
0 0.3390625 0.27890625 0.1203125 0.0625
0 0.5484375 0.77578125 0.04375 0.021875
0 0.58203125 0.2171875 0.0421875 0.03828125
0 0.82109375 0.21015625 0.04140625 0.03671875
0 0.66328125 0.69765625 0.0328125 0.03125
0 0.47109375 0.32265625 0.03359375 0.0265625
0 0.703125 0.734375 0.02109375 0.01953125
0 0.59921875 0.646875 0.0296875 0.0390625
0 0.09609375 0.60625 0.01484375 0.0140625
0 0.4703125 0.54609375 0.02109375 0.0203125
0 0.2078125 0.790625 0.03125 0.046875
0 0.25234375 0.36015625 0.01640625 0.01328125
0 0.59609375 0.459375 0.0203125 0.0171875
0 0.615625 0.43828125 0.02109375 0.01484375
0 0.7234375 0.1453125 0.025 0.01875
0 0.396875 0.63125 0.025 0.0203125
0 0.2390625 0.159375 0.0140625 0.0125
0 0.378125 0.165625 0.0171875 0.01484375
0 0.3921875 0.16796875 0.0125 0.0125
0 0.44453125 0.259375 0.0109375 0.0125
0 0.4546875 0.27109375 0.0171875 0.01484375
0 0.55859375 0.2984375 0.01015625 0.00625
0 0.58515625 0.3140625 0.0265625 0.01484375
0 0.63515625 0.14296875 0.0421875 0.01953125
0 0.596875 0.4 0.0140625 0.0140625
0 0.6609375 0.39453125 0.03359375 0.0109375
0 0.66015625 0.38671875 0.0203125 0.00625
0 0.7296875 0.309375 0.0203125 0.01953125
0 0.7171875 0.4515625 0.02109375 0.01484375
0 0.8125 0.440625 0.0171875 0.028125
0 0.70234375 0.5171875 0.0578125 0.06875
0 0.7875 0.61875 0.0453125 0.034375
0 0.76796875 0.71015625 0.025 0.0546875
0 0.6265625 0.628125 0.0140625 0.009375
0 0.56953125 0.71875 0.02265625 0.02265625
0 0.59140625 0.81875 0.02265625 0.0109375
0 0.6734375 0.815625 0.01875 0.02265625
0 0.396875 0.86015625 0.0171875 0.015625
0 0.3796875 0.86484375 0.0125 0.01015625
0 0.38359375 0.765625 0.0515625 0.04375
0 0.378125 0.7375 0.0234375 0.02734375
0 0.3484375 0.7484375 0.05234375 0.05625
0 0.18515625 0.6984375 0.01640625 0.0109375
0 0.15 0.74765625 0.0171875 0.0125
0 0.4609375 0.53046875 0.0171875 0.01796875
0 0.43671875 0.4046875 0.0140625 0.0359375
1 0.28046875 0.5546875 0.09375 0.14609375
1 0.3890625 0.48046875 0.0921875 0.14140625
1 0.5140625 0.43359375 0.16875 0.121875
1 0.4421875 0.6453125 0.1609375 0.1421875
1 0.578125 0.59453125 0.12734375 0.14921875
1 0.61484375 0.52890625 0.1765625 0.115625