0 0.9109375 0.47734375 0.0578125 0.06171875
0 0.9375 0.6484375 0.07265625 0.034375
0 0.19140625 0.39453125 0.04375 0.03828125
0 0.44140625 0.58984375 0.07109375 0.03828125
0 0.2984375 0.5671875 0.0796875 0.05625
0 0.13515625 0.4828125 0.06015625 0.040625
0 0.9578125 0.3328125 0.07109375 0.0234375
0 0.2171875 0.63515625 0.0765625 0.0859375
0 0.8640625 0.44453125 0.0265625 0.03203125
0 0.1171875 0.45859375 0.0484375 0.02890625
0 0.0921875 0.2796875 0.04609375 0.028125
0 0.7515625 0.3640625 0.0390625 0.02265625
0 0.26640625 0.53359375 0.0328125 0.0234375
0 0.79765625 0.33203125 0.025 0.01484375
0 0.68828125 0.415625 0.0515625 0.01953125
0 0.66953125 0.79453125 0.0171875 0.01015625
0 0.56328125 0.51875 0.0265625 0.01484375
0 0.90703125 0.6984375 0.0609375 0.0203125
0 0.33046875 0.6953125 0.01640625 0.0109375
0 0.4390625 0.43046875 0.02109375 0.0140625
0 0.41015625 0.41796875 0.01875 0.01484375
0 0.0125 0.3578125 0.0234375 0.01796875
0 0.68203125 0.56796875 0.0265625 0.01796875
0 0.06484375 0.71953125 0.01484375 0.009375
0 0.06328125 0.6140625 0.01875 0.0125
0 0.06640625 0.60390625 0.01484375 0.00859375
0 0.18359375 0.55859375 0.01484375 0.0078125
0 0.1984375 0.55 0.01875 0.0125
0 0.22734375 0.4703125 0.0078125 0.0078125
0 0.24609375 0.44921875 0.01875 0.01875
0 0.015625 0.42421875 0.0234375 0.03125
0 0.3609375 0.434375 0.0171875 0.009375
0 0.3484375 0.38671875 0.0125 0.02421875
0 0.3390625 0.38828125 0.0078125 0.01484375
0 0.2296875 0.34140625 0.025 0.0140625
0 0.4203125 0.340625 0.01875 0.01484375
0 0.39921875 0.2703125 0.0359375 0.0109375
0 0.5078125 0.346875 0.0875 0.03828125
0 0.6375 0.2765625 0.04375 0.03203125
0 0.7609375 0.28515625 0.07109375 0.01484375
0 0.66171875 0.39609375 0.0109375 0.009375
0 0.7859375 0.4328125 0.02890625 0.01484375
0 0.91796875 0.409375 0.0140625 0.015625
0 0.9078125 0.3484375 0.02890625 0.0125
0 0.98671875 0.55234375 0.0203125 0.0125
0 0.99375 0.56484375 0.0125 0.00859375
0 0.86171875 0.56875 0.0546875 0.0359375
0 0.82421875 0.57421875 0.03515625 0.015625
0 0.84140625 0.59609375 0.07109375 0.0359375
0 0.7859375 0.721875 0.0140625 0.0109375
0 0.85390625 0.74453125 0.01484375 0.0125
0 0.54296875 0.52734375 0.02265625 0.0125
0 0.37734375 0.55390625 0.04765625 0.0078125
1 0.5875 0.66015625 0.18984375 0.0609375
1 0.48125 0.584375 0.18359375 0.06015625
1 0.4109375 0.49453125 0.1515625 0.11875
1 0.69765625 0.5328125 0.1796875 0.11171875
1 0.6203125 0.43515625 0.19140625 0.0859375
1 0.5296875 0.41171875 0.1421875 0.125