0 0.3484375 0.17421875 0.08515625 0.06875
0 0.94765625 0.0765625 0.08515625 0.071875
0 0.7109375 0.134375 0.09140625 0.06484375
0 0.165625 0.740625 0.13359375 0.07578125
0 0.103125 0.69140625 0.10390625 0.09921875
0 0.27265625 0.20234375 0.0453125 0.0390625
0 0.284375 0.25078125 0.04375 0.0296875
0 0.096875 0.40546875 0.06640625 0.0359375
1 0.31796875 0.5953125 0.17890625 0.13671875
1 0.6234375 0.77890625 0.2203125 0.115625
0 0.16875 0.54921875 0.04765625 0.0296875
0 0.5359375 0.14609375 0.0453125 0.0421875
0 0.4078125 0.46328125 0.0578125 0.0640625
0 0.1546875 0.4828125 0.04609375 0.0296875
0 0.046875 0.50859375 0.09375 0.0515625
0 0.09609375 0.6046875 0.05 0.03203125
0 0.12890625 0.290625 0.0453125 0.0359375
0 0.6015625 0.7890625 0.075 0.065625
0 0.0421875 0.371875 0.0453125 0.0328125
0 0.49453125 0.778125 0.0390625 0.034375
0 0.04140625 0.60546875 0.0625 0.0390625
0 0.5359375 0.58046875 0.0640625 0.06953125
0 0.3828125 0.68671875 0.0578125 0.03359375
0 0.51015625 0.3953125 0.0421875 0.0484375
0 0.01640625 0.296875 0.0328125 0.06640625
0 0.01953125 0.77578125 0.0390625 0.0875
0 0.48203125 0.425 0.02890625 0.0421875
0 0.503125 0.6234375 0.0359375 0.0359375
0 0.01953125 0.63203125 0.0390625 0.0265625
0 0.01484375 0.58125 0.0296875 0.0515625
0 0.7109375 0.3984375 0.02265625 0.02421875
0 0.07421875 0.5453125 0.0359375 0.0203125
0 0.8640625 0.58984375 0.0203125 0.0140625
0 0.35234375 0.72265625 0.02734375 0.0203125
0 0.76875 0.5453125 0.0328125 0.021875
0 0.3453125 0.90546875 0.0140625 0.009375
0 0.44765625 0.534375 0.0171875 0.01875
0 0.44609375 0.63203125 0.01484375 0.01015625
0 0.19609375 0.63984375 0.025 0.0234375
0 0.4671875 0.53125 0.01484375 0.01484375
0 0.9515625 0.33828125 0.09609375 0.034375
0 0.325 0.71640625 0.0296875 0.0109375
0 0.3234375 0.7234375 0.0234375 0.01015625
0 0.34765625 0.70234375 0.05234375 0.02265625
0 0.38203125 0.71953125 0.01640625 0.009375
0 0.54140625 0.878125 0.1328125 0.06171875
0 0.4609375 0.93359375 0.0203125 0.009375
0 0.34453125 0.86484375 0.01015625 0.0109375
0 0.690625 0.5953125 0.13359375 0.1203125
1 0.68984375 0.59453125 0.1640625 0.13125
1 0.81171875 0.47578125 0.3765625 0.2734375
1 0.7796875 0.4671875 0.17734375 0.16875
0 0.7859375 0.48125 0.1578125 0.1265625
1 0.3765625 0.53828125 0.38984375 0.3109375