0 0.06484375 0.61328125 0.09140625 0.0640625
0 0.02734375 0.34140625 0.0546875 0.06875
0 0.82109375 0.75078125 0.1015625 0.1
0 0.75546875 0.79765625 0.1328125 0.078125
0 0.103125 0.6703125 0.05234375 0.03359375
0 0.16796875 0.66171875 0.03984375 0.0328125
0 0.37421875 0.80234375 0.04765625 0.05
1 0.6265625 0.63671875 0.1828125 0.134375
1 0.87265625 0.40703125 0.15390625 0.16484375
0 0.565625 0.7484375 0.03984375 0.0359375
0 0.02734375 0.47265625 0.0546875 0.03359375
0 0.45078125 0.56953125 0.08515625 0.04296875
0 0.4765625 0.759375 0.03984375 0.034375
0 0.5109375 0.83984375 0.06875 0.0703125
0 0.6390625 0.80234375 0.0421875 0.0375
0 0.2203125 0.778125 0.04765625 0.03359375
0 0.8859375 0.42421875 0.0875 0.05625
0 0.32890625 0.84296875 0.04375 0.03359375
0 0.87109375 0.50390625 0.04609375 0.02890625
0 0.640625 0.84375 0.05234375 0.046875
0 0.60703125 0.4734375 0.0921875 0.04765625
0 0.74921875 0.58828125 0.0453125 0.04296875
0 0.3609375 0.4921875 0.06484375 0.03203125
0 0.22890625 0.8625 0.0890625 0.02421875
0 0.8671875 0.86015625 0.11640625 0.02890625
0 0.4 0.51328125 0.05625 0.021875
0 0.6640625 0.49765625 0.04765625 0.02734375
0 0.67578125 0.86015625 0.03515625 0.02890625
0 0.60859375 0.86328125 0.06875 0.02265625
0 0.3640625 0.34140625 0.0328125 0.0171875
0 0.5609375 0.81875 0.02734375 0.02734375
0 0.6203125 0.22734375 0.01875 0.01484375
0 0.796875 0.6109375 0.02734375 0.0203125
0 0.56015625 0.2984375 0.02890625 0.02421875
0 0.5453125 0.5390625 0.025 0.01328125
0 0.6765625 0.540625 0.0140625 0.0109375
0 0.6859375 0.728125 0.03125 0.01875
0 0.5421875 0.52421875 0.0203125 0.0109375
0 0.284375 0.1609375 0.04609375 0.071875
0 0.7890625 0.63125 0.01484375 0.02265625
0 0.7984375 0.6328125 0.0140625 0.01796875
0 0.76953125 0.6140625 0.0296875 0.0390625
0 0.79296875 0.58828125 0.0125 0.0125
0 0.98125 0.46875 0.0375 0.09921875
0 0.98671875 0.61640625 0.01484375 0.0078125
0 0.6265625 0.35703125 0.16015625 0.1
1 0.6265625 0.3578125 0.175 0.12265625
1 0.46796875 0.26640625 0.36484375 0.28203125
1 0.45625 0.28984375 0.225 0.1328125
0 0.475 0.28515625 0.16875 0.11796875
1 0.5515625 0.59296875 0.41484375 0.2921875