0 0.43984375 0.11484375 0.07734375 0.06484375
0 0.13984375 0.31875 0.06484375 0.0671875
0 0.7328125 0.834375 0.08125 0.05078125
0 0.22734375 0.5578125 0.06015625 0.0390625
0 0.3703125 0.4984375 0.04609375 0.040625
0 0.2140625 0.59296875 0.0515625 0.0359375
0 0.9046875 0.328125 0.02109375 0.0171875
0 0.0359375 0.428125 0.071875 0.06875
0 0.12109375 0.5765625 0.04765625 0.0359375
0 0.1453125 0.184375 0.0390625 0.03671875
0 0.08359375 0.346875 0.0546875 0.065625
0 0.1890625 0.19453125 0.05859375 0.0640625
0 0.596875 0.76953125 0.17734375 0.0890625
0 0.85234375 0.74609375 0.0203125 0.0140625
0 0.9421875 0.2203125 0.02734375 0.0125
0 0.12578125 0.684375 0.01875 0.0140625
0 0.896875 0.7734375 0.0171875 0.01328125
0 0.0765625 0.56875 0.04140625 0.034375
0 0.69921875 0.40625 0.04375 0.028125
0 0.09765625 0.60234375 0.02890625 0.01484375
0 0.115625 0.07578125 0.03515625 0.02265625
0 0.10234375 0.5546875 0.025 0.046875
0 0.22578125 0.12734375 0.0375 0.01875
0 0.015625 0.01953125 0.0296875 0.01953125
0 0.30390625 0.00390625 0.0546875 0.0078125
0 0.1609375 0.16953125 0.03125 0.01484375
0 0.0984375 0.321875 0.0390625 0.0453125
0 0.27109375 0.3859375 0.0140625 0.0078125
0 0.1328125 0.44375 0.01640625 0.0125
0 0.01796875 0.4859375 0.02109375 0.015625
0 0.51875 0.55078125 0.00859375 0.00625
0 0.60703125 0.53984375 0.01875 0.0109375
0 0.709375 0.63203125 0.0171875 0.01484375
0 0.2484375 0.8515625 0.02109375 0.01796875
0 0.2015625 0.871875 0.1 0.05546875
0 0.08203125 0.78359375 0.01875 0.01328125
0 0.00234375 0.7703125 0.0046875 0.01328125
0 0.0859375 0.13671875 0.0203125 0.01015625
0 0.73359375 0.06640625 0.01640625 0.009375
0 0.98828125 0.1453125 0.01875 0.01015625
0 0.99296875 0.16796875 0.0140625 0.0140625
0 0.97890625 0.56171875 0.02265625 0.009375
1 0.52734375 0.67734375 0.2671875 0.2078125
1 0.6109375 0.53203125 0.11875 0.096875
1 0.45390625 0.534375 0.2328125 0.16796875
1 0.9828125 0.5546875 0.03359375 0.03671875