0 0.0234375 0.5828125 0.0359375 0.06015625
0 0.296875 0.7875 0.09609375 0.05546875
0 0.91953125 0.290625 0.075 0.065625
0 0.6046875 0.69765625 0.05859375 0.0484375
0 0.5109375 0.596875 0.05859375 0.03828125
0 0.65390625 0.70390625 0.05234375 0.0421875
0 0.2296875 0.21640625 0.025 0.01796875
0 0.453125 0.853125 0.0984375 0.0609375
0 0.640625 0.77421875 0.05234375 0.0390625
0 0.11796875 0.796875 0.05234375 0.0328125
0 0.33984375 0.8265625 0.0921875 0.04765625
0 0.12734375 0.7640625 0.09140625 0.05078125
0 0.84765625 0.4 0.1359375 0.14140625
0 0.7890625 0.21171875 0.02109375 0.015625
0 0.08203125 0.2 0.01875 0.021875
0 0.7828125 0.76015625 0.0203125 0.01484375
0 0.82109375 0.175 0.01875 0.0140625
0 0.6359375 0.80859375 0.05 0.034375
0 0.3546875 0.3609375 0.04140625 0.0359375
0 0.678125 0.78984375 0.02265625 0.0234375
0 0.6140625 0.790625 0.06484375 0.0234375
0 0.0390625 0.74296875 0.01875 0.02890625
0 0.096875 0.7875 0.0234375 0.025
0 0.30546875 0.81796875 0.0640625 0.03359375
0 0.37265625 0.68203125 0.0109375 0.0109375
0 0.4640625 0.7796875 0.0171875 0.01328125
0 0.53203125 0.8609375 0.0234375 0.01796875
0 0.565625 0.48046875 0.01015625 0.0078125
0 0.5421875 0.41640625 0.0171875 0.01484375
0 0.653125 0.3296875 0.02109375 0.01484375
0 0.9890625 0.65 0.02109375 0.01796875
0 0.99140625 0.684375 0.0171875 0.078125
0 0.9203125 0.78203125 0.01875 0.01484375
0 0.9109375 0.8421875 0.0171875 0.0046875
0 0.0609375 0.846875 0.01640625 0.015625
0 0.00859375 0.16640625 0.0171875 0.0125
0 0.53203125 0.13671875 0.01484375 0.01796875
1 0.73203125 0.4609375 0.30390625 0.22109375
1 0.53125 0.4140625 0.13984375 0.0984375
1 0.55078125 0.53125 0.24609375 0.19140625
1 0.52265625 0.134375 0.05234375 0.02890625