0 0.5234375 0.8875 0.08359375 0.06875
0 0.8421875 0.7 0.07109375 0.0703125
0 0.2984375 0.15390625 0.0859375 0.0546875
0 0.77734375 0.45703125 0.0640625 0.0421875
0 0.62890625 0.50859375 0.05 0.0421875
0 0.79453125 0.421875 0.0546875 0.03828125
0 0.08046875 0.65078125 0.02265625 0.01796875
0 0.95625 0.5953125 0.07890625 0.071875
0 0.88515625 0.44375 0.0515625 0.03828125
0 0.82421875 0.83359375 0.0421875 0.03828125
0 0.9015625 0.675 0.0609375 0.06875
0 0.78203125 0.82109375 0.06484375 0.06640625
0 0.428125 0.2265625 0.18515625 0.0984375
0 0.17109375 0.2359375 0.02109375 0.01484375
0 0.0328125 0.75546875 0.02890625 0.0140625
0 0.890625 0.3359375 0.0203125 0.01484375
0 0.1296875 0.20625 0.01875 0.0140625
0 0.9296875 0.45390625 0.0453125 0.03671875
0 0.2921875 0.5828125 0.04609375 0.0296875
0 0.9109375 0.41875 0.0296875 0.0171875
0 0.84375 0.94296875 0.0375 0.02421875
0 0.9015625 0.46640625 0.02890625 0.04765625
0 0.7390625 0.8859375 0.0390625 0.0203125
0 0.93828125 0.996875 0.03125 0.00546875
0 0.80703125 0.84765625 0.0328125 0.0171875
0 0.884375 0.6984375 0.0421875 0.046875
0 0.7171875 0.62578125 0.01484375 0.00859375
0 0.8609375 0.57578125 0.0171875 0.01328125
0 0.9796875 0.5390625 0.02265625 0.0171875
0 0.4859375 0.44765625 0.00859375 0.00625
0 0.396875 0.4546875 0.0203125 0.0125
0 0.303125 0.35703125 0.01875 0.015625
0 0.7828125 0.1625 0.02265625 0.01875
0 0.8328125 0.14453125 0.1046875 0.06015625
0 0.94375 0.23828125 0.0203125 0.0140625
0 0.8796875 0.884375 0.02109375 0.0109375
0 0.2265625 0.9203125 0.0171875 0.01015625
0 0.028125 0.41328125 0.0234375 0.01015625
1 0.4890625 0.321875 0.2859375 0.22109375
1 0.3921875 0.46171875 0.12734375 0.10234375
1 0.54921875 0.46796875 0.24765625 0.1796875
1 0.0234375 0.41953125 0.0375 0.03828125