0 0.2796875 0.60390625 0.14609375 0.096875
0 0.290625 0.67734375 0.17734375 0.1125
0 0.0546875 0.46875 0.10859375 0.0984375
0 0.42265625 0.79140625 0.15 0.11796875
0 0.40859375 0.56640625 0.06015625 0.040625
0 0.1140625 0.403125 0.0421875 0.0328125
0 0.57578125 0.48359375 0.03359375 0.0296875
0 0.39375 0.50546875 0.0328125 0.03125
0 0.4828125 0.5890625 0.02734375 0.02421875
0 0.4234375 0.428125 0.0328125 0.03359375
0 0.48359375 0.346875 0.1484375 0.1078125
0 0.65390625 0.5609375 0.0359375 0.025
0 0.72109375 0.384375 0.0359375 0.025
0 0.33125 0.36484375 0.0390625 0.04375
0 0.3140625 0.54296875 0.03125 0.021875
0 0.796875 0.59296875 0.02890625 0.0203125
0 0.2484375 0.365625 0.03515625 0.0296875
0 0.9125 0.49453125 0.025 0.01953125
0 0.05234375 0.32890625 0.1046875 0.0734375
0 0.92734375 0.3078125 0.0234375 0.01796875
0 0.52109375 0.3765625 0.04609375 0.0296875
0 0.571875 0.19375 0.0375 0.01953125
0 0.4484375 0.35625 0.01875 0.0125
0 0.55625 0.59140625 0.04765625 0.065625
0 0.59453125 0.63359375 0.0234375 0.0171875
0 0.65234375 0.59296875 0.02265625 0.0171875
0 0.8984375 0.6015625 0.0265625 0.02265625
0 0.8515625 0.7265625 0.04375 0.07109375
0 0.7046875 0.8390625 0.08125 0.03828125
0 0.69296875 0.7625 0.08125 0.13125
0 0.62265625 0.64140625 0.08515625 0.13671875
0 0.52265625 0.721875 0.1328125 0.0734375
0 0.5984375 0.66953125 0.0671875 0.0375
0 0.4015625 0.73125 0.0203125 0.028125
0 0.30078125 0.8234375 0.13125 0.05078125
0 0.2390625 0.875 0.0375 0.08046875
0 0.16484375 0.84609375 0.12265625 0.034375
0 0.0984375 0.8515625 0.0140625 0.0125
0 0.08671875 0.8109375 0.0390625 0.0734375
0 0.08203125 0.50546875 0.04375 0.03828125
0 0.096875 0.48203125 0.0390625 0.0359375
0 0.48046875 0.165625 0.0125 0.01015625
0 0.5015625 0.15859375 0.0171875 0.0140625
0 0.72890625 0.115625 0.01640625 0.01328125
0 0.9109375 0.31171875 0.0171875 0.01484375
1 0.65 0.3796875 0.1625 0.08984375
1 0.61171875 0.27109375 0.21875 0.178125
1 0.50703125 0.1890625 0.15234375 0.15390625
1 0.42734375 0.18515625 0.15859375 0.1265625
1 0.2578125 0.165625 0.09140625 0.040625