0 0.38515625 0.325 0.11640625 0.103125
0 0.2859375 0.325 0.13515625 0.12578125
0 0.5875 0.16484375 0.12109375 0.0859375
0 0.12109375 0.41171875 0.14609375 0.10234375
0 0.421875 0.425 0.0484375 0.04140625
0 0.66796875 0.221875 0.03984375 0.02890625
0 0.5140625 0.5578125 0.0375 0.02265625
0 0.5046875 0.4203125 0.0390625 0.021875
0 0.38359375 0.478125 0.0296875 0.01875
0 0.60390625 0.45078125 0.0421875 0.021875
0 0.7046875 0.50390625 0.1328125 0.103125
0 0.403125 0.60859375 0.03125 0.025
0 0.63046875 0.67734375 0.03125 0.025
0 0.69765625 0.38828125 0.0578125 0.025
0 0.46328125 0.35625 0.025 0.021875
0 0.3453125 0.71171875 0.025 0.01953125
0 0.70390625 0.3265625 0.0375 0.0234375
0 0.4640625 0.80859375 0.0234375 0.0171875
0 0.77578125 0.16640625 0.08359375 0.11171875
0 0.71015625 0.8390625 0.02109375 0.015625
0 0.72578125 0.06640625 0.03125 0.01484375
0 0.6609375 0.52890625 0.0359375 0.0328125
0 0.8984375 0.5859375 0.02265625 0.02734375
0 0.6953125 0.47578125 0.01484375 0.01328125
0 0.37265625 0.53203125 0.08515625 0.0296875
0 0.31328125 0.55625 0.0203125 0.0171875
0 0.3609375 0.60390625 0.0203125 0.015625
0 0.3234375 0.78671875 0.02734375 0.01796875
0 0.1625 0.73828125 0.0921875 0.0265625
0 0.0296875 0.6171875 0.04375 0.059375
0 0.13203125 0.61640625 0.17265625 0.04765625
0 0.3 0.5765625 0.17890625 0.05078125
0 0.203125 0.49375 0.0859375 0.09453125
0 0.26484375 0.55546875 0.04375 0.04765625
0 0.20390625 0.40234375 0.0375 0.0125
0 0.09140625 0.31796875 0.0546875 0.0953125
0 0.04140625 0.26484375 0.0828125 0.0203125
0 0.0765625 0.2140625 0.03515625 0.090625
0 0.07578125 0.1640625 0.01640625 0.009375
0 0.13125 0.15859375 0.09609375 0.021875
0 0.5359375 0.1875 0.0484375 0.0296875
0 0.56640625 0.20078125 0.0453125 0.025
0 0.9453125 0.5203125 0.0140625 0.00859375
0 0.95234375 0.53671875 0.0171875 0.0125
0 0.9859375 0.7109375 0.01640625 0.0109375
0 0.70703125 0.8265625 0.01875 0.0125
1 0.64296875 0.625 0.1046875 0.11640625
1 0.7921875 0.60703125 0.22109375 0.14921875
1 0.90703125 0.53671875 0.1859375 0.1015625
1 0.92265625 0.47734375 0.1546875 0.1078125
1 0.96796875 0.35390625 0.0453125 0.06640625
0 0.3484375 0.10234375 0.0296875 0.009375
0 0.5140625 0.08125 0.03125 0.0109375
0 0.6171875 0.0640625 0.0609375 0.025
0 0.66796875 0.0671875 0.025 0.0125
0 0.82265625 0.06171875 0.01875 0.01015625