0 0.2953125 0.68046875 0.0953125 0.071875
0 0.61484375 0.84609375 0.0625 0.04609375
0 0.721875 0.740625 0.0375 0.01875
0 0.64765625 0.49453125 0.03984375 0.03203125
0 0.82109375 0.5765625 0.0296875 0.0296875
0 0.28359375 0.4203125 0.0296875 0.02890625
0 0.38984375 0.50703125 0.02109375 0.01953125
0 0.45078125 0.32578125 0.03359375 0.0265625
0 0.4890625 0.83984375 0.06875 0.078125
0 0.875 0.5015625 0.0234375 0.01484375
0 0.6390625 0.61640625 0.0375 0.028125
0 0.40703125 0.828125 0.0234375 0.03203125
0 0.178125 0.62421875 0.01640625 0.01953125
0 0.890625 0.1234375 0.04140625 0.02734375
0 0.0515625 0.590625 0.01484375 0.01953125
0 0.12734375 0.534375 0.0171875 0.01015625
0 0.1421875 0.521875 0.0140625 0.009375
0 0.13359375 0.403125 0.07109375 0.053125
0 0.321875 0.45 0.0109375 0.0171875
0 0.4203125 0.56875 0.0109375 0.009375
0 0.446875 0.56640625 0.02109375 0.01953125
0 0.46640625 0.56484375 0.0203125 0.02421875
0 0.4625 0.54765625 0.0234375 0.01328125
0 0.46328125 0.53828125 0.01875 0.00859375
0 0.42109375 0.5140625 0.02109375 0.01015625
0 0.46484375 0.51015625 0.025 0.015625
0 0.46796875 0.525 0.02734375 0.01796875
0 0.628125 0.65 0.0125 0.00859375
0 0.65234375 0.59921875 0.01484375 0.01015625
0 0.44296875 0.309375 0.03359375 0.02734375
0 0.6 0.315625 0.0453125 0.03125
0 0.60234375 0.33984375 0.0390625 0.02734375
0 0.61015625 0.36015625 0.01875 0.01328125
0 0.875 0.3703125 0.0171875 0.009375
0 0.5265625 0.13046875 0.07109375 0.02890625
1 0.390625 0.190625 0.2328125 0.1359375
1 0.26015625 0.315625 0.3046875 0.2390625