0 0.74765625 0.646875 0.0984375 0.0734375
0 0.9578125 0.40234375 0.0625 0.04765625
0 0.8125 0.32578125 0.0265625 0.028125
0 0.4875 0.38984375 0.0421875 0.03125
0 0.59140625 0.25703125 0.03984375 0.0234375
0 0.4015625 0.66484375 0.0390625 0.0234375
0 0.51328125 0.58203125 0.0265625 0.0171875
0 0.26953125 0.54296875 0.0359375 0.0265625
0 0.95078125 0.49609375 0.0984375 0.0546875
0 0.4890625 0.21875 0.02109375 0.01796875
0 0.65 0.3921875 0.0375 0.02890625
0 0.940625 0.5578125 0.0421875 0.01875
0 0.6765625 0.7375 0.0265625 0.0125
0 0.6359375 0.8328125 0.0265625 0.0109375
0 0.55859375 0.778125 0.0140625 0.01328125
0 0.5421875 0.7671875 0.0140625 0.01015625
0 0.38359375 0.778125 0.07265625 0.05546875
0 0.2265625 0.9859375 0.0734375 0.02734375
0 0.43984375 0.63515625 0.02265625 0.009375
0 0.59453125 0.5578125 0.0125 0.00859375
0 0.58984375 0.5375 0.0265625 0.0171875
0 0.58828125 0.52265625 0.0328125 0.015625
0 0.5640625 0.5265625 0.01875 0.01796875
0 0.5515625 0.5265625 0.0109375 0.0140625
0 0.52109375 0.55859375 0.01484375 0.015625
0 0.5140625 0.52578125 0.02265625 0.01875
0 0.534375 0.52265625 0.0234375 0.0203125
0 0.6953125 0.3984375 0.0109375 0.009375
0 0.6265625 0.38203125 0.01484375 0.0125
0 0.24765625 0.54921875 0.0375 0.0265625
0 0.25078125 0.43125 0.0421875 0.034375
0 0.2828125 0.42890625 0.0359375 0.0296875
0 0.309375 0.42265625 0.0171875 0.0140625
0 0.3140625 0.2234375 0.0125 0.01328125
0 0.01328125 0.49375 0.0265625 0.053125
1 0.0921875 0.5921875 0.184375 0.178125
1 0.26171875 0.6859375 0.3265625 0.23515625
0 0.8453125 0.06640625 0.00859375 0.00546875
0 0.5375 0.0515625 0.01015625 0.0078125
0 0.64609375 0.03046875 0.01015625 0.0078125
0 0.24921875 0.096875 0.00859375 0.00859375
0 0.08515625 0.140625 0.0078125 0.00625