0 0.75 0.76953125 0.06640625 0.05234375
0 0.43359375 0.27421875 0.06015625 0.04609375
0 0.3640625 0.490625 0.0640625 0.04609375
0 0.7203125 0.40078125 0.0609375 0.04375
0 0.39296875 0.303125 0.0390625 0.03125
1 0.5 0.64453125 0.18125 0.1375
0 0.80859375 0.67421875 0.0453125 0.0328125
0 0.971875 0.534375 0.05 0.08046875
0 0.859375 0.44296875 0.0375 0.053125
0 0.79609375 0.28828125 0.0453125 0.0234375
0 0.30546875 0.2875 0.0328125 0.021875
0 0.634375 0.2109375 0.025 0.0203125
0 0.2546875 0.69921875 0.0328125 0.0234375
0 0.3984375 0.85390625 0.0203125 0.0140625
0 0.28359375 0.83359375 0.03515625 0.025
0 0.31875 0.7765625 0.03359375 0.02421875
0 0.97734375 0.76875 0.02109375 0.0140625
0 0.2015625 0.58984375 0.08984375 0.096875
0 0.5203125 0.20078125 0.03125 0.0234375
0 0.8453125 0.8515625 0.02265625 0.01328125
0 0.27734375 0.421875 0.025 0.0125
0 0.7109375 0.19375 0.0203125 0.01328125
0 0.0140625 0.50546875 0.02734375 0.0203125
0 0.8609375 0.57890625 0.03359375 0.01796875
0 0.9640625 0.715625 0.01875 0.0109375
0 0.95625 0.66328125 0.0171875 0.01328125
0 0.03046875 0.67109375 0.01875 0.0390625
0 0.3984375 0.21640625 0.0296875 0.01953125
0 0.9140625 0.33125 0.0328125 0.01875
0 0.29296875 0.45625 0.0234375 0.0109375
1 0.66796875 0.51484375 0.17734375 0.125
1 0.503125 0.515625 0.17890625 0.121875
0 0.99296875 0.43984375 0.0140625 0.01484375
0 0.89296875 0.4515625 0.0390625 0.0328125
0 0.9015625 0.4703125 0.03359375 0.0375
0 0.99453125 0.57734375 0.0109375 0.0109375
0 0.88359375 0.58828125 0.02734375 0.0171875
0 0.3453125 0.67421875 0.0171875 0.0171875
0 0.26015625 0.571875 0.0234375 0.0109375
0 0.12890625 0.52421875 0.02890625 0.015625
0 0.16328125 0.73359375 0.02890625 0.01875
0 0.12578125 0.82265625 0.03125 0.0203125
0 0.44765625 0.45078125 0.0203125 0.0171875
0 0.1640625 0.4296875 0.03125 0.03671875
0 0.003125 0.60234375 0.00625 0.01796875
0 0.61640625 0.85625 0.0171875 0.0125
0 0.1484375 0.4046875 0.0265625 0.05234375
0 0.0375 0.23515625 0.03359375 0.01953125
0 0.10703125 0.184375 0.05234375 0.040625