0 0.8796875 0.33671875 0.075 0.0546875
0 0.19453125 0.5296875 0.06640625 0.0484375
0 0.47578125 0.6 0.06640625 0.0515625
0 0.38671875 0.32734375 0.0640625 0.05
0 0.2296875 0.5625 0.0453125 0.03203125
1 0.6921875 0.5125 0.1984375 0.146875
0 0.75859375 0.284375 0.04765625 0.03671875
0 0.5875 0.15078125 0.1109375 0.04375
0 0.45625 0.2265625 0.0734375 0.0328125
0 0.2453125 0.26015625 0.03515625 0.0359375
0 0.2015625 0.6265625 0.03125 0.0265625
0 0.12734375 0.37421875 0.0296875 0.0203125
0 0.74296875 0.70078125 0.03359375 0.0265625
0 0.96171875 0.60625 0.0203125 0.015625
0 0.92421875 0.690625 0.0359375 0.028125
0 0.8515625 0.659375 0.03515625 0.02734375
0 0.8984375 0.1671875 0.0203125 0.0171875
0 0.59296875 0.73125 0.1359375 0.07578125
0 0.10390625 0.45859375 0.03359375 0.025
0 0.99375 0.2734375 0.0125 0.01796875
0 0.37734375 0.659375 0.01875 0.01953125
0 0.1109375 0.315625 0.01875 0.015625
0 0.46484375 0.86328125 0.0296875 0.02265625
0 0.6359375 0.2375 0.0265625 0.02734375
0 0.8265625 0.17265625 0.01640625 0.01484375
0 0.75703125 0.1734375 0.01875 0.0140625
0 0.6859375 0.865625 0.05390625 0.01796875
0 0.1140625 0.5515625 0.02890625 0.02421875
0 0.31171875 0.1765625 0.02734375 0.0265625
0 0.42421875 0.65078125 0.0171875 0.01875
1 0.53359375 0.37578125 0.18125 0.14375
1 0.5203125 0.49921875 0.17734375 0.14453125
0 0.46328125 0.1265625 0.02109375 0.0109375
0 0.46953125 0.20234375 0.04765625 0.03203125
0 0.4953125 0.19765625 0.05234375 0.028125
0 0.64609375 0.13671875 0.01640625 0.00859375
0 0.65078125 0.22109375 0.025 0.021875
0 0.71796875 0.63046875 0.0234375 0.01484375
0 0.57421875 0.6859375 0.0171875 0.01875
0 0.5 0.77890625 0.0234375 0.02265625
0 0.78125 0.771875 0.02734375 0.0234375
0 0.8953125 0.8078125 0.0296875 0.025
0 0.4296875 0.534375 0.0234375 0.0171875
0 0.37734375 0.7453125 0.0515625 0.0265625
0 0.5921875 0.8796875 0.0234375 0.00625
0 0.9828125 0.44453125 0.0171875 0.0140625
0 0.34296875 0.7546875 0.07265625 0.02421875
0 0.1078125 0.82265625 0.02890625 0.02734375
0 0.046875 0.76640625 0.0578125 0.04296875