0 0.128125 0.67265625 0.0734375 0.05234375
0 0.8046875 0.46171875 0.0640625 0.046875
0 0.51953125 0.3984375 0.06484375 0.05
0 0.6203125 0.6703125 0.0625 0.04765625
0 0.7671875 0.43046875 0.04375 0.03125
1 0.3078125 0.4921875 0.1921875 0.1421875
0 0.2515625 0.721875 0.04609375 0.0359375
0 0.4296875 0.8515625 0.11015625 0.04140625
0 0.55703125 0.771875 0.07265625 0.03125
0 0.76640625 0.7328125 0.03359375 0.034375
0 0.79296875 0.365625 0.0296875 0.025
0 0.878125 0.615625 0.02890625 0.01953125
0 0.24765625 0.30625 0.0328125 0.025
0 0.03359375 0.40546875 0.0203125 0.015625
0 0.0671875 0.3203125 0.03515625 0.02734375
0 0.140625 0.34921875 0.03359375 0.0265625
0 0.1171875 0.84375 0.0203125 0.0171875
0 0.39609375 0.271875 0.13359375 0.071875
0 0.89765625 0.53125 0.0328125 0.02421875
0 0.01328125 0.73984375 0.01875 0.01796875
0 0.61484375 0.3375 0.0171875 0.01953125
0 0.896875 0.67421875 0.01875 0.015625
0 0.51796875 0.13515625 0.02890625 0.021875
0 0.3765625 0.76640625 0.025 0.0265625
0 0.1890625 0.8359375 0.01640625 0.01484375
0 0.2578125 0.8328125 0.01875 0.0140625
0 0.296875 0.13984375 0.05390625 0.015625
0 0.8828125 0.43828125 0.02734375 0.0234375
0 0.703125 0.81875 0.0265625 0.025
0 0.56875 0.346875 0.01640625 0.01875
1 0.471875 0.625 0.175 0.13984375
1 0.4796875 0.5015625 0.17109375 0.140625
0 0.5546875 0.87265625 0.02109375 0.0109375
0 0.54453125 0.796875 0.04609375 0.03125
0 0.51875 0.80234375 0.0515625 0.02734375
0 0.3703125 0.86640625 0.01484375 0.00859375
0 0.3625 0.7828125 0.0234375 0.021875
0 0.27578125 0.375 0.0234375 0.0140625
0 0.4171875 0.31640625 0.01640625 0.01875
0 0.48671875 0.22109375 0.02265625 0.02265625
0 0.20625 0.2359375 0.0265625 0.02265625
0 0.08984375 0.203125 0.02890625 0.02421875
0 0.56875 0.46328125 0.0234375 0.015625
0 0.6109375 0.25234375 0.05 0.025
0 0.38984375 0.12265625 0.0234375 0.00546875
0 0.01953125 0.56875 0.0171875 0.0140625
0 0.6453125 0.24140625 0.07109375 0.02265625
0 0.87734375 0.16796875 0.02734375 0.0265625
0 0.940625 0.221875 0.05625 0.04140625