0 0.7234375 0.1 0.10859375 0.08515625
0 0.6015625 0.23359375 0.15 0.08125
0 0.4296875 0.29453125 0.15625 0.1296875
0 0.60234375 0.42578125 0.0953125 0.06171875
1 0.28046875 0.67890625 0.11015625 0.1359375
0 0.48046875 0.39296875 0.08515625 0.12265625
0 0.5484375 0.40703125 0.08984375 0.06640625
0 0.659375 0.390625 0.0640625 0.05078125
1 0.72890625 0.70703125 0.15625 0.10859375
1 0.525 0.7640625 0.3546875 0.14921875
1 0.5953125 0.85859375 0.37890625 0.12578125
0 0.7546875 0.3265625 0.02734375 0.01796875
0 0.69296875 0.40078125 0.0328125 0.03125
0 0.7203125 0.35234375 0.03359375 0.01796875
0 0.74296875 0.3421875 0.05625 0.0328125