0 0.16015625 0.3921875 0.125 0.1203125
0 0.2203125 0.52734375 0.1875 0.13046875
0 0.4140625 0.41484375 0.0921875 0.078125
1 0.71015625 0.68515625 0.19140625 0.09765625
0 0.35546875 0.5015625 0.17109375 0.0765625
0 0.3828125 0.45234375 0.09765625 0.075
0 0.37421875 0.36796875 0.075 0.05234375
1 0.8015625 0.3546875 0.1609375 0.12734375
1 0.8515625 0.51328125 0.2390625 0.27890625
1 0.93984375 0.4703125 0.1203125 0.2875
0 0.3015625 0.28984375 0.0265625 0.02265625
0 0.3921875 0.34375 0.0453125 0.02734375
0 0.33125 0.31796875 0.02734375 0.02734375
0 0.78828125 0.91640625 0.01640625 0.00546875
0 0.3203125 0.3 0.05 0.0453125