0 0.2796875 0.37578125 0.05625 0.0375
0 0.36328125 0.6140625 0.07890625 0.0546875
0 0.0765625 0.3875 0.0734375 0.0375
0 0.225 0.39765625 0.05390625 0.0375
0 0.1328125 0.56796875 0.05 0.03125
0 0.20859375 0.59375 0.0265625 0.01328125
0 0.86015625 0.42890625 0.02109375 0.0140625
0 0.66328125 0.63359375 0.0328125 0.01875
0 0.715625 0.4890625 0.02890625 0.04296875
0 0.19453125 0.6203125 0.02265625 0.01484375
0 0.7421875 0.55546875 0.03359375 0.0296875
0 0.78828125 0.50390625 0.03125 0.01796875
0 0.2671875 0.525 0.03359375 0.02265625
0 0.678125 0.39609375 0.01484375 0.0109375
0 0.7015625 0.6640625 0.025 0.01484375
0 0.7875 0.4296875 0.02734375 0.0140625
0 0.65 0.58828125 0.0265625 0.0171875
0 0.9640625 0.653125 0.0421875 0.028125
0 0.7828125 0.609375 0.0265625 0.01484375
0 0.234375 0.6828125 0.02265625 0.01015625
0 0.0859375 0.4515625 0.0234375 0.01328125
0 0.13515625 0.43515625 0.02109375 0.01484375
0 0.9453125 0.4265625 0.02890625 0.01953125
0 0.1375 0.64296875 0.02109375 0.0140625
0 0.1703125 0.540625 0.06015625 0.05546875
0 0.89375 0.3890625 0.0171875 0.0125
0 0.09375 0.6375 0.025 0.0140625
0 0.0828125 0.5078125 0.0203125 0.009375
0 0.8640625 0.3890625 0.01875 0.01328125
0 0.33046875 0.459375 0.01484375 0.0078125
0 0.8296875 0.54375 0.0140625 0.009375
0 0.2640625 0.4375 0.0234375 0.00625
0 0.27578125 0.44296875 0.0234375 0.0046875
0 0.28125 0.45 0.0375 0.0109375
0 0.3296875 0.46640625 0.02109375 0.0078125
0 0.1953125 0.4984375 0.0234375 0.00546875
0 0.21171875 0.5046875 0.0375 0.009375
0 0.203125 0.51484375 0.04140625 0.0078125
0 0.240625 0.53125 0.0171875 0.00546875
0 0.28046875 0.55859375 0.04140625 0.015625
0 0.26484375 0.52109375 0.0109375 0.00625
0 0.265625 0.56953125 0.0671875 0.009375
0 0.296875 0.57890625 0.06640625 0.01015625
0 0.31796875 0.58828125 0.0234375 0.009375
0 0.12265625 0.6015625 0.01484375 0.0078125
0 0.11953125 0.653125 0.0328125 0.0125
0 0.025 0.53828125 0.05 0.0296875
0 0.00703125 0.5125 0.0140625 0.02734375
0 0.07578125 0.4890625 0.02265625 0.01015625
0 0.02109375 0.46875 0.0359375 0.0125
0 0.02734375 0.46015625 0.0265625 0.0140625
0 0.01796875 0.4515625 0.0203125 0.009375
0 0.003125 0.3625 0.00625 0.01328125
0 0.21328125 0.32421875 0.03125 0.00625
0 0.25234375 0.32265625 0.0359375 0.009375
0 0.69375 0.32578125 0.05 0.01015625
0 0.7921875 0.32890625 0.02265625 0.0078125
0 0.8203125 0.3296875 0.0125 0.00546875
0 0.90859375 0.328125 0.02890625 0.01328125
0 0.9328125 0.35234375 0.0296875 0.01875
0 0.95703125 0.41015625 0.01015625 0.009375
0 0.9703125 0.425 0.01640625 0.01015625
0 0.9828125 0.42421875 0.0078125 0.01015625
0 0.784375 0.49140625 0.02265625 0.0109375
0 0.7359375 0.49140625 0.0203125 0.021875
0 0.86484375 0.54765625 0.0296875 0.01015625
0 0.85 0.5546875 0.03984375 0.00859375
0 0.8828125 0.559375 0.03359375 0.0078125
0 0.7671875 0.5640625 0.0234375 0.02421875
0 0.83359375 0.584375 0.0140625 0.0078125
0 0.846875 0.62890625 0.0140625 0.00625
0 0.9078125 0.646875 0.0125 0.00546875
0 0.3546875 0.67734375 0.01015625 0.00625
0 0.41953125 0.5671875 0.0078125 0.0078125
1 0.43984375 0.55234375 0.11875 0.08046875
1 0.63515625 0.521875 0.0484375 0.02265625
1 0.546875 0.48046875 0.05234375 0.0640625
1 0.628125 0.50546875 0.12109375 0.09765625
1 0.4921875 0.48671875 0.1625 0.1296875
1 0.41171875 0.37109375 0.14375 0.0859375