0 0.315625 0.65390625 0.0546875 0.0453125
0 0.6390625 0.61171875 0.07890625 0.0640625
0 0.3140625 0.80703125 0.05625 0.0578125
0 0.33984375 0.69609375 0.0546875 0.04296875
0 0.5578125 0.78046875 0.0453125 0.040625
0 0.59921875 0.72578125 0.0203125 0.0203125
0 0.43671875 0.225 0.0203125 0.0171875
0 0.6921875 0.38984375 0.02734375 0.0265625
0 0.5046875 0.3375 0.06015625 0.025
0 0.6328125 0.73828125 0.02265625 0.01796875
0 0.59453125 0.32421875 0.0421875 0.028125
0 0.5296875 0.28515625 0.0265625 0.025
0 0.51328125 0.67578125 0.0328125 0.02734375
0 0.37734375 0.3578125 0.01640625 0.0125
0 0.7359375 0.36328125 0.02265625 0.01953125
0 0.43203125 0.27890625 0.02109375 0.021875
0 0.6296875 0.3953125 0.025 0.0203125
0 0.74296875 0.1671875 0.04140625 0.03359375
0 0.6703125 0.29765625 0.02265625 0.0203125
0 0.71953125 0.7140625 0.01640625 0.01796875
0 0.39921875 0.8046875 0.0203125 0.01875
0 0.3828125 0.7671875 0.02109375 0.0171875
0 0.4421875 0.1609375 0.02890625 0.0234375
0 0.6578125 0.7828125 0.0203125 0.0171875
0 0.52578125 0.75 0.07890625 0.05
0 0.38671875 0.19609375 0.0171875 0.0140625
0 0.64765625 0.815625 0.02109375 0.01953125
0 0.4734375 0.8125 0.0140625 0.015625
0 0.384375 0.21875 0.01875 0.01484375
0 0.43125 0.62265625 0.0109375 0.0125
0 0.58671875 0.25703125 0.0140625 0.0109375
0 0.396875 0.67109375 0.0109375 0.01875
0 0.4046875 0.6625 0.00859375 0.01796875
0 0.41484375 0.65859375 0.01875 0.02890625
0 0.44140625 0.62421875 0.0109375 0.0171875
0 0.47109375 0.72734375 0.01015625 0.01796875
0 0.48125 0.715625 0.01640625 0.02890625
0 0.49296875 0.7234375 0.0140625 0.03203125
0 0.51875 0.69609375 0.00859375 0.01328125
0 0.55859375 0.66953125 0.025 0.03203125
0 0.5078125 0.67734375 0.01015625 0.009375
0 0.571875 0.68125 0.01875 0.0515625
0 0.58671875 0.65859375 0.0203125 0.05078125
0 0.6015625 0.64375 0.01484375 0.01875
0 0.6015625 0.790625 0.0109375 0.0125
0 0.6703125 0.79765625 0.01875 0.025
0 0.50859375 0.8578125 0.04375 0.040625
0 0.4734375 0.86953125 0.0375 0.0125
0 0.4484375 0.815625 0.01640625 0.01796875
0 0.4171875 0.8546875 0.01875 0.028125
0 0.40546875 0.84921875 0.02109375 0.0203125
0 0.39296875 0.85546875 0.0140625 0.015625
0 0.2734375 0.85859375 0.0171875 0.00546875
0 0.24140625 0.69921875 0.0109375 0.02421875
0 0.2421875 0.66953125 0.01484375 0.028125
0 0.2859375 0.33984375 0.0171875 0.03828125
0 0.2984375 0.2671875 0.0125 0.01796875
0 0.3015625 0.2453125 0.00859375 0.009375
0 0.3078125 0.1796875 0.0203125 0.02265625
0 0.3421875 0.16328125 0.02734375 0.02421875
0 0.4203125 0.15078125 0.0140625 0.00859375
0 0.44140625 0.1421875 0.01484375 0.01328125
0 0.44140625 0.1328125 0.0140625 0.00625
0 0.5140625 0.28671875 0.0171875 0.01796875
0 0.50859375 0.3234375 0.0296875 0.0171875
0 0.5953125 0.23125 0.01640625 0.0234375
0 0.603125 0.24296875 0.01484375 0.03125
0 0.6125 0.21953125 0.0125 0.0265625
0 0.60859375 0.30625 0.03515625 0.01953125
0 0.64140625 0.2578125 0.0109375 0.0109375
0 0.7015625 0.25234375 0.01015625 0.0109375
0 0.73046875 0.20859375 0.00859375 0.009375
0 0.72265625 0.62421875 0.00859375 0.0078125
0 0.58203125 0.56640625 0.01015625 0.00625
1 0.5640625 0.54921875 0.1171875 0.0953125
1 0.540625 0.40078125 0.03359375 0.03828125
1 0.478125 0.46328125 0.0890625 0.0453125
1 0.51875 0.4046875 0.13984375 0.09921875
1 0.48203125 0.5046875 0.1859375 0.1328125
1 0.32109375 0.5546875 0.12734375 0.115625