0 0.6875 0.34921875 0.0546875 0.04609375
0 0.36328125 0.3859375 0.0796875 0.06484375
0 0.69375 0.19609375 0.0578125 0.059375
0 0.6640625 0.30546875 0.0546875 0.04375
0 0.4484375 0.21875 0.04609375 0.040625
0 0.40625 0.2734375 0.0203125 0.0203125
0 0.55703125 0.77578125 0.02109375 0.0171875
0 0.30546875 0.6078125 0.02890625 0.0265625
0 0.4921875 0.6625 0.06015625 0.0265625
0 0.3734375 0.259375 0.02265625 0.01875
0 0.4015625 0.675 0.04375 0.028125
0 0.46484375 0.71484375 0.02734375 0.025
0 0.490625 0.3234375 0.03359375 0.02734375
0 0.61953125 0.64375 0.01640625 0.0125
0 0.2609375 0.63359375 0.02265625 0.0203125
0 0.56328125 0.721875 0.02109375 0.021875
0 0.3671875 0.60234375 0.025 0.021875
0 0.2484375 0.8296875 0.04140625 0.034375
0 0.325 0.7 0.02265625 0.021875
0 0.2859375 0.2828125 0.01640625 0.01796875
0 0.6078125 0.19609375 0.0203125 0.01875
0 0.6234375 0.23515625 0.02265625 0.01796875
0 0.55078125 0.8390625 0.02890625 0.0234375
0 0.3484375 0.21484375 0.02109375 0.0171875
0 0.48046875 0.25 0.0796875 0.05078125
0 0.60625 0.8046875 0.0171875 0.0140625
0 0.36015625 0.1828125 0.02109375 0.01953125
0 0.53359375 0.18828125 0.01484375 0.015625
0 0.609375 0.78359375 0.01875 0.01484375
0 0.571875 0.378125 0.0109375 0.0125
0 0.4078125 0.74140625 0.0140625 0.0109375
0 0.6078125 0.33046875 0.0109375 0.01875
0 0.59921875 0.3390625 0.00859375 0.01796875
0 0.5890625 0.3421875 0.01875 0.02890625
0 0.56171875 0.3765625 0.0125 0.0171875
0 0.534375 0.2734375 0.01015625 0.01875
0 0.5234375 0.284375 0.01640625 0.02890625
0 0.51171875 0.2765625 0.0140625 0.03203125
0 0.4859375 0.303125 0.00859375 0.0140625
0 0.4453125 0.33046875 0.025 0.0328125
0 0.496875 0.32265625 0.01015625 0.009375
0 0.4328125 0.31796875 0.0203125 0.0515625
0 0.4171875 0.33984375 0.0203125 0.05078125
0 0.4015625 0.35546875 0.01484375 0.01875
0 0.4046875 0.2078125 0.0109375 0.0125
0 0.33671875 0.2 0.0203125 0.025
0 0.49921875 0.1421875 0.0453125 0.040625
0 0.5359375 0.13125 0.0375 0.01328125
0 0.55859375 0.184375 0.01640625 0.01796875
0 0.59140625 0.14609375 0.0203125 0.028125
0 0.60234375 0.1515625 0.02109375 0.0203125
0 0.61484375 0.14609375 0.01484375 0.015625
0 0.734375 0.14375 0.0171875 0.00546875
0 0.76328125 0.3046875 0.0125 0.02421875
0 0.7609375 0.334375 0.01640625 0.028125
0 0.7109375 0.6625 0.01875 0.03828125
0 0.69609375 0.7359375 0.0125 0.01796875
0 0.6921875 0.75703125 0.00859375 0.01015625
0 0.68515625 0.82265625 0.0203125 0.02265625
0 0.65078125 0.83828125 0.02734375 0.02421875
0 0.57109375 0.85 0.0140625 0.00859375
0 0.55 0.85859375 0.01484375 0.01328125
0 0.55 0.86796875 0.01484375 0.00625
0 0.48125 0.7125 0.0171875 0.01796875
0 0.48671875 0.6765625 0.03125 0.0171875
0 0.39921875 0.7671875 0.01640625 0.0234375
0 0.390625 0.75546875 0.01484375 0.03125
0 0.38125 0.77890625 0.0140625 0.0265625
0 0.38671875 0.69296875 0.03515625 0.0203125
0 0.353125 0.73984375 0.0109375 0.0109375
0 0.2921875 0.7453125 0.01015625 0.0109375
0 0.26328125 0.78828125 0.00859375 0.01015625
0 0.2796875 0.37265625 0.00859375 0.00859375
0 0.41953125 0.4328125 0.0109375 0.00625
1 0.43671875 0.45 0.11875 0.096875
1 0.4578125 0.5984375 0.03515625 0.03828125
1 0.52109375 0.53671875 0.08984375 0.04609375
1 0.4796875 0.5953125 0.1421875 0.1
1 0.51796875 0.49609375 0.1890625 0.13515625
1 0.6796875 0.44765625 0.1296875 0.11640625