0 0.34296875 0.51484375 0.11640625 0.08984375
0 0.0578125 0.08359375 0.09609375 0.05546875
0 0.1296875 0.8671875 0.13125 0.09921875
0 0.10546875 0.365625 0.09765625 0.0953125
0 0.05625 0.4765625 0.0296875 0.021875
0 0.18125 0.4578125 0.04375 0.03671875
0 0.3921875 0.24140625 0.05859375 0.0703125
0 0.18828125 0.09375 0.0890625 0.07421875
0 0.31640625 0.76015625 0.05859375 0.040625
0 0.21640625 0.61328125 0.0515625 0.03359375
0 0.6515625 0.45390625 0.05625 0.03359375
0 0.3953125 0.03515625 0.1359375 0.0703125
0 0.5140625 0.659375 0.05 0.04609375
0 0.52578125 0.03671875 0.12109375 0.0734375
0 0.0109375 0.41953125 0.0203125 0.0484375
0 0.5921875 0.5578125 0.0734375 0.04375
0 0.3328125 0.23359375 0.08125 0.0890625
0 0.146875 0.12265625 0.05234375 0.0328125
0 0.01171875 0.7 0.0234375 0.0765625
0 0.5046875 0.825 0.08984375 0.07890625
0 0.6109375 0.840625 0.1015625 0.06875
0 0.81171875 0.77109375 0.05390625 0.04296875
0 0.65625 0.71171875 0.01875 0.01484375
0 0.01015625 0.60625 0.0203125 0.0640625
0 0.07734375 0.38828125 0.02734375 0.0234375
0 0.478125 0.26640625 0.01484375 0.0125
0 0.484375 0.2390625 0.0125 0.01015625
0 0.53203125 0.209375 0.0109375 0.0109375
0 0.61953125 0.3921875 0.02265625 0.0125
0 0.68828125 0.31484375 0.06484375 0.090625
0 0.796875 0.2515625 0.04140625 0.03671875
0 0.82734375 0.24453125 0.0328125 0.0390625
0 0.74765625 0.47265625 0.1359375 0.0828125
0 0.73671875 0.53359375 0.0171875 0.01484375
1 0.94140625 0.1671875 0.1171875 0.109375
1 0.8546875 0.27109375 0.13359375 0.17890625
1 0.78671875 0.2359375 0.14609375 0.1703125