1 0.45390625 0.3828125 0.1375 0.071875
1 0.153125 0.49921875 0.14375 0.0734375
1 0.18828125 0.240625 0.19140625 0.159375
1 0.296875 0.48125 0.14765625 0.0671875
1 0.18046875 0.3390625 0.1921875 0.16015625
0 0.753125 0.46796875 0.1171875 0.05078125
1 0.90390625 0.55078125 0.1921875 0.1453125
1 0.3453125 0.40390625 0.11875 0.06171875
0 0.61171875 0.20625 0.05859375 0.0296875
0 0.58828125 0.35234375 0.0546875 0.053125
0 0.98515625 0.2 0.0296875 0.025
0 0.52890625 0.1203125 0.06015625 0.0296875
0 0.43359375 0.121875 0.04765625 0.02578125
0 0.6859375 0.265625 0.0296875 0.0125
0 0.47734375 0.2734375 0.0171875 0.0109375
0 0.49765625 0.26171875 0.02265625 0.01328125
0 0.6609375 0.203125 0.0203125 0.0125
0 0.8390625 0.14765625 0.03515625 0.015625
0 0.74921875 0.2859375 0.02734375 0.0125
0 0.7421875 0.27578125 0.025 0.0125
0 0.7640625 0.27265625 0.0171875 0.01015625
0 0.7546875 0.3125 0.02265625 0.01015625
0 0.0328125 0.428125 0.0390625 0.0171875
0 0.30234375 0.475 0.02265625 0.009375
0 0.60703125 0.4546875 0.0359375 0.0203125
0 0.5859375 0.465625 0.02734375 0.0125
0 0.55234375 0.4421875 0.02109375 0.0109375
0 0.659375 0.49140625 0.0265625 0.01171875
0 0.3921875 0.35390625 0.02265625 0.01015625
0 0.5328125 0.465625 0.02109375 0.009375
0 0.65859375 0.628125 0.0328125 0.0171875
0 0.7171875 0.57265625 0.03359375 0.01796875
0 0.8140625 0.378125 0.0453125 0.01484375
0 0.82109375 0.49765625 0.03359375 0.01796875
0 0.7234375 0.4140625 0.01875 0.0125
0 0.96875 0.42890625 0.0234375 0.009375
0 0.828125 0.64140625 0.02109375 0.0109375
0 0.6796875 0.47890625 0.04375 0.0234375
0 0.5578125 0.7046875 0.0359375 0.0140625
1 0.9015625 0.68671875 0.1109375 0.04453125
1 0.87890625 0.56484375 0.12109375 0.0734375
0 0.51953125 0.45 0.01875 0.0109375
1 0.5015625 0.44921875 0.06640625 0.03515625
0 0.16640625 0.5046875 0.0203125 0.01015625
0 0.4921875 0.1234375 0.02265625 0.0078125
0 0.49140625 0.12890625 0.0203125 0.0046875
0 0.61796875 0.128125 0.0203125 0.00859375
0 0.6421875 0.121875 0.0421875 0.0265625
0 0.7078125 0.18203125 0.04375 0.025
0 0.6953125 0.225 0.04765625 0.02109375
0 0.47265625 0.37734375 0.0109375 0.0046875
0 0.3203125 0.5640625 0.0203125 0.00859375
0 0.23203125 0.6484375 0.0203125 0.0109375