0 0.7640625 0.28828125 0.1296875 0.11328125
0 0.5640625 0.371875 0.08984375 0.06015625
0 0.12578125 0.48359375 0.08359375 0.065625
0 0.65 0.25234375 0.11875 0.13125
0 0.7421875 0.4203125 0.0796875 0.065625
0 0.48671875 0.3984375 0.07890625 0.05234375
0 0.6140625 0.50859375 0.0875 0.05625
0 0.7578125 0.6078125 0.08515625 0.04609375
0 0.5015625 0.46328125 0.03359375 0.0234375
0 0.23671875 0.5171875 0.0546875 0.06640625
0 0.18359375 0.5390625 0.0546875 0.06640625
0 0.68359375 0.678125 0.06640625 0.0328125
1 0.37578125 0.325 0.17890625 0.121875
0 0.63671875 0.65625 0.06875 0.04375
0 0.5703125 0.3234375 0.05 0.03203125
0 0.2984375 0.23984375 0.0359375 0.02734375
0 0.88046875 0.76328125 0.04375 0.0359375
0 0.8984375 0.6890625 0.04609375 0.0359375
0 0.675 0.51953125 0.0921875 0.04375
0 0.353125 0.5609375 0.02890625 0.02265625
0 0.2296875 0.6359375 0.0640625 0.0609375
0 0.52578125 0.79375 0.05859375 0.05625
0 0.6515625 0.33984375 0.03515625 0.0265625
0 0.571875 0.72421875 0.09765625 0.09765625
0 0.6109375 0.459375 0.03984375 0.02890625
0 0.465625 0.49921875 0.03359375 0.0234375
0 0.19296875 0.86796875 0.05 0.03828125
0 0.7609375 0.79765625 0.0546875 0.02890625
0 0.26796875 0.31875 0.03515625 0.02421875
0 0.1234375 0.59296875 0.0375 0.04140625
0 0.434375 0.48984375 0.0328125 0.0234375
0 0.140625 0.33984375 0.01640625 0.01015625
0 0.26796875 0.76015625 0.03984375 0.03125
1 0.46171875 0.221875 0.18359375 0.13671875
0 0.465625 0.61875 0.0125 0.01015625
0 0.49375 0.775 0.0296875 0.028125
0 0.36796875 0.3234375 0.01015625 0.009375
0 0.2328125 0.18125 0.0171875 0.00546875
0 0.1578125 0.184375 0.0140625 0.0046875
0 0.15234375 0.24296875 0.01484375 0.0109375
0 0.034375 0.27890625 0.01640625 0.01015625
0 0.06171875 0.19609375 0.01484375 0.0109375
0 0.15625 0.85078125 0.04609375 0.03359375
0 0.5359375 0.31640625 0.025 0.01875
0 0.71640625 0.346875 0.03515625 0.0234375
0 0.74140625 0.846875 0.0328125 0.01875