0 0.55078125 0.64453125 0.15859375 0.090625
0 0.3109375 0.62265625 0.16875 0.0671875
0 0.4515625 0.65390625 0.11640625 0.109375
0 0.315625 0.48828125 0.1046875 0.0484375
0 0.940625 0.4234375 0.0484375 0.04140625
0 0.58203125 0.8015625 0.04140625 0.03203125
0 0.3828125 0.853125 0.06484375 0.03359375
0 0.7953125 0.315625 0.025 0.0234375
0 0.9109375 0.3 0.0234375 0.0234375
0 0.8359375 0.24140625 0.0203125 0.01015625
0 0.9859375 0.18515625 0.01640625 0.0109375
0 0.8640625 0.22890625 0.02109375 0.01015625
0 0.7578125 0.4828125 0.03515625 0.02734375
0 0.9015625 0.52734375 0.0234375 0.015625
0 0.784375 0.4734375 0.0125 0.01015625
0 0.7796875 0.84453125 0.0359375 0.0234375
0 0.3296875 0.2640625 0.02109375 0.01796875
0 0.57265625 0.27109375 0.02265625 0.01796875
0 0.35703125 0.31328125 0.0171875 0.0109375
0 0.6109375 0.25703125 0.0234375 0.01328125
0 0.42578125 0.23359375 0.0203125 0.015625
0 0.41328125 0.35859375 0.0171875 0.0140625
0 0.6296875 0.190625 0.01640625 0.0140625
0 0.71328125 0.16953125 0.0203125 0.01328125
0 0.5859375 0.209375 0.01484375 0.0125
0 0.58984375 0.26015625 0.0203125 0.01484375
0 0.746875 0.15 0.0171875 0.015625
0 0.72734375 0.3515625 0.0140625 0.0109375
0 0.55078125 0.3484375 0.01484375 0.0359375
0 0.35 0.14765625 0.0171875 0.015625
0 0.5765625 0.2171875 0.01640625 0.0109375
0 0.5578125 0.36015625 0.0171875 0.02890625
0 0.5359375 0.25546875 0.01015625 0.0078125
0 0.703125 0.5890625 0.0265625 0.0203125
0 0.5390625 0.3890625 0.01484375 0.01015625
0 0.5484375 0.3796875 0.02109375 0.0125
0 0.43046875 0.37421875 0.0171875 0.03125
0 0.44296875 0.3765625 0.01484375 0.0296875
0 0.6078125 0.828125 0.03125 0.01953125
0 0.275 0.85078125 0.0140625 0.0140625
0 0.396875 0.8296875 0.0328125 0.028125
0 0.22734375 0.253125 0.02265625 0.01484375
0 0.1734375 0.3109375 0.0171875 0.0171875
0 0.2203125 0.33203125 0.01640625 0.0109375
0 0.22265625 0.3109375 0.0140625 0.0109375
0 0.1984375 0.28828125 0.01484375 0.01328125
0 0.2921875 0.3125 0.01640625 0.0125
0 0.13671875 0.4421875 0.01484375 0.01015625
0 0.48984375 0.8734375 0.01484375 0.0046875
0 0.3953125 0.52890625 0.01484375 0.015625
0 0.3015625 0.11875 0.0203125 0.01015625
0 0.33828125 0.128125 0.03359375 0.02734375
0 0.75234375 0.38984375 0.0140625 0.0125
0 0.7484375 0.384375 0.0171875 0.0125
0 0.73515625 0.38359375 0.0140625 0.0140625
0 0.72890625 0.38828125 0.01875 0.0140625