0 0.6515625 0.4953125 0.20234375 0.0625
0 0.31640625 0.48046875 0.2140625 0.08671875
0 0.6890625 0.340625 0.04765625 0.0234375
0 0.08359375 0.58125 0.09140625 0.071875
0 0.78203125 0.528125 0.15625 0.07890625
0 0.184375 0.6234375 0.0984375 0.07421875
0 0.26015625 0.40078125 0.01875 0.0109375
0 0.9234375 0.6078125 0.0296875 0.015625
0 0.99140625 0.41484375 0.0171875 0.0171875
0 0.6515625 0.6828125 0.05390625 0.03828125
0 0.96796875 0.4125 0.04375 0.01953125
0 0.73515625 0.40078125 0.0328125 0.01328125
0 0.7171875 0.38984375 0.0390625 0.01640625
0 0.71953125 0.378125 0.0328125 0.01328125
0 0.62265625 0.31171875 0.0265625 0.0109375
0 0.584375 0.30625 0.0265625 0.0109375
0 0.4796875 0.28203125 0.03515625 0.01875
0 0.3796875 0.2546875 0.0125 0.00546875
0 0.20390625 0.3359375 0.01640625 0.00859375
0 0.3453125 0.38515625 0.02265625 0.009375
0 0.46875 0.35390625 0.02265625 0.009375
0 0.49921875 0.409375 0.025 0.0109375
0 0.54296875 0.440625 0.025 0.0109375
0 0.48671875 0.5609375 0.02265625 0.00859375
0 0.5078125 0.59765625 0.05 0.0421875
0 0.14921875 0.47109375 0.02109375 0.0109375
0 0.05859375 0.39765625 0.01875 0.009375
0 0.08359375 0.34921875 0.02109375 0.009375
0 0.11796875 0.27734375 0.0171875 0.00859375
1 0.3234375 0.6296875 0.15390625 0.040625
1 0.309375 0.68359375 0.1765625 0.09453125
1 0.47890625 0.70703125 0.1625 0.046875
1 0.47578125 0.72734375 0.16875 0.03125
0 0.6515625 0.71171875 0.04765625 0.02578125
0 0.7515625 0.6796875 0.1953125 0.09453125
0 0.02109375 0.7015625 0.0421875 0.0140625