0 0.40703125 0.20078125 0.09765625 0.05546875
0 0.46953125 0.4296875 0.1078125 0.08984375
0 0.13828125 0.2171875 0.0421875 0.0234375
0 0.48515625 0.5890625 0.15859375 0.0921875
0 0.13984375 0.43359375 0.0453125 0.01953125
0 0.96484375 0.2078125 0.0640625 0.06015625
0 0.7265625 0.684375 0.1421875 0.034375
0 0.5203125 0.3640625 0.1484375 0.06484375
0 0.2546875 0.1765625 0.0578125 0.02890625
0 0.8015625 0.63125 0.14609375 0.0375
0 0.7171875 0.2484375 0.04765625 0.015625
0 0.32578125 0.6265625 0.02109375 0.0078125
0 0.665625 0.2859375 0.02890625 0.0125
0 0.25390625 0.27578125 0.0328125 0.015625
0 0.8609375 0.403125 0.0765625 0.02109375
0 0.07421875 0.1046875 0.0609375 0.0234375
0 0.31015625 0.23671875 0.0515625 0.0203125
0 0.25234375 0.2921875 0.0359375 0.01875
0 0.07734375 0.278125 0.0296875 0.0109375
0 0.259375 0.403125 0.025 0.01328125
0 0.2390625 0.41328125 0.0296875 0.01640625
0 0.2140625 0.4140625 0.0234375 0.0140625
0 0.08984375 0.46875 0.02109375 0.0109375
0 0.084375 0.4875 0.02109375 0.0109375
0 0.046875 0.53984375 0.03515625 0.0140625
0 0.0046875 0.58984375 0.009375 0.0046875
0 0.1984375 0.66171875 0.01640625 0.00625
0 0.28125 0.5890625 0.0171875 0.009375
0 0.19921875 0.53515625 0.0171875 0.009375
0 0.31015625 0.51328125 0.02109375 0.0109375
0 0.36953125 0.48828125 0.0203125 0.0109375
0 0.62890625 0.49765625 0.01640625 0.009375
0 0.703125 0.4828125 0.08359375 0.01875
0 0.4890625 0.66875 0.0203125 0.00859375
0 0.34765625 0.72109375 0.0171875 0.0078125
0 0.24375 0.71640625 0.0171875 0.00859375
0 0.08671875 0.71015625 0.01640625 0.00703125
1 0.79609375 0.56484375 0.06640625 0.06953125
1 0.91015625 0.5640625 0.1796875 0.07265625
1 0.9359375 0.48125 0.07734375 0.07265625
1 0.978125 0.4796875 0.04375 0.07734375
0 0.92109375 0.39921875 0.05 0.01953125
0 0.840625 0.35703125 0.1765625 0.08203125
0 0.85078125 0.228125 0.01640625 0.00859375
0 0.8375 0.2265625 0.0171875 0.00859375
0 0.659375 0.19921875 0.04375 0.015625
0 0.78828125 0.13828125 0.0125 0.0109375
0 0.7734375 0.1359375 0.0203125 0.009375
0 0.5296875 0.12734375 0.0296875 0.0140625
0 0.990625 0.70546875 0.01875 0.03828125