1 0.1125 0.30078125 0.15859375 0.1484375
1 0.584375 0.43203125 0.3484375 0.14921875
1 0.09140625 0.39453125 0.175 0.16796875
1 0.85078125 0.43515625 0.2984375 0.1734375
0 0.184375 0.65859375 0.1171875 0.053125
0 0.9265625 0.56015625 0.14609375 0.13125
0 0.58125 0.68984375 0.1140625 0.04765625
1 0.85703125 0.3421875 0.2859375 0.1375
0 0.4734375 0.72265625 0.1 0.04609375
1 0.3 0.39453125 0.33125 0.15
0 0.98515625 0.34453125 0.0296875 0.0203125
1 0.12890625 0.68515625 0.2578125 0.084375
0 0.45 0.71015625 0.13984375 0.0703125
0 0.665625 0.30703125 0.0328125 0.0203125
0 0.98515625 0.50390625 0.0296875 0.0140625
1 0.66015625 0.278125 0.2265625 0.0390625