1 0.8515625 0.2296875 0.29140625 0.17109375
1 0.6515625 0.53125 0.26484375 0.153125
1 0.6578125 0.27109375 0.33125 0.09765625
0 0.9140625 0.05703125 0.12265625 0.071875
1 0.68203125 0.70234375 0.31875 0.209375
0 0.13359375 0.3703125 0.0953125 0.05078125
0 0.43671875 0.721875 0.25625 0.06953125
0 0.1234375 0.565625 0.08515625 0.05
1 0.87421875 0.67109375 0.24375 0.16484375
1 0.7421875 0.85546875 0.27890625 0.1734375
0 0.0421875 0.51875 0.08359375 0.04296875
1 0.6859375 0.3890625 0.2703125 0.14375
0 0.88515625 0.71484375 0.0375 0.01796875
1 0.06640625 0.26484375 0.1328125 0.2828125
0 0.6453125 0.2421875 0.0640625 0.0203125
0 0.21640625 0.88125 0.34765625 0.1078125
0 0.0640625 0.5046875 0.128125 0.059375
0 0.05234375 0.1828125 0.0421875 0.034375
0 0.91640625 0.553125 0.0375 0.01328125
0 0.38984375 0.82265625 0.0203125 0.01640625
0 0.503125 0.790625 0.01640625 0.009375
0 0.5578125 0.734375 0.02734375 0.0125
1 0.975 0.54609375 0.05 0.1078125
1 0.93125 0.82265625 0.1375 0.125
1 0.9328125 0.9359375 0.13359375 0.128125
0 0.14296875 0.08984375 0.0828125 0.05234375
1 0.96328125 0.14765625 0.0734375 0.0828125