1 0.2609375 0.8109375 0.08359375 0.0546875
1 0.3203125 0.64609375 0.2640625 0.08046875
1 0.4734375 0.803125 0.0796875 0.053125
1 0.3390625 0.80078125 0.0796875 0.053125
1 0.4453125 0.21953125 0.2453125 0.17421875
1 0.696875 0.5953125 0.08515625 0.10859375
1 0.51875 0.65234375 0.08125 0.053125
1 0.02109375 0.19140625 0.0421875 0.0390625
0 0.76640625 0.1421875 0.0328125 0.025
0 0.825 0.20859375 0.0265625 0.01875
0 0.82421875 0.47578125 0.025 0.01796875
0 0.78203125 0.521875 0.0234375 0.01796875
0 0.5328125 0.159375 0.03515625 0.028125
0 0.71171875 0.44296875 0.02890625 0.02421875
1 0.6734375 0.3140625 0.22890625 0.18359375
1 0.50234375 0.40078125 0.1859375 0.0515625
1 0.3703125 0.3875 0.15234375 0.0953125
1 0.4265625 0.30546875 0.22265625 0.19296875
1 0.39140625 0.55546875 0.26015625 0.07578125
1 0.19375 0.365625 0.1171875 0.13984375
1 0.4171875 0.78984375 0.0796875 0.0546875
1 0.58359375 0.81953125 0.0796875 0.053125
1 0.68671875 0.83515625 0.075 0.053125
1 0.72421875 0.58671875 0.0265625 0.03359375
0 0.784375 0.790625 0.02265625 0.0171875