0 0.5484375 0.76171875 0.0703125 0.0609375
0 0.80625 0.6640625 0.075 0.059375
0 0.49140625 0.34375 0.0640625 0.06875
0 0.55390625 0.31796875 0.0734375 0.0546875
0 0.89375 0.61796875 0.03984375 0.04140625
0 0.17890625 0.715625 0.075 0.021875
0 0.32578125 0.64453125 0.09140625 0.028125
0 0.58203125 0.2828125 0.0515625 0.03671875
0 0.26015625 0.63046875 0.0625 0.0171875
0 0.43359375 0.28828125 0.06015625 0.04296875
0 0.5609375 0.6375 0.0640625 0.0203125
0 0.4453125 0.34609375 0.03515625 0.03828125
0 0.5671875 0.61953125 0.0578125 0.01875
0 0.37578125 0.3 0.05625 0.04375
1 0.9421875 0.6109375 0.0875 0.06640625
0 0.0609375 0.47890625 0.05390625 0.05625
0 0.07890625 0.43515625 0.0296875 0.03359375
0 0.09921875 0.51015625 0.0890625 0.071875
0 0.4765625 0.64921875 0.0546875 0.01796875
0 0.265625 0.37578125 0.04375 0.0390625
0 0.8859375 0.4921875 0.0578125 0.01953125
0 0.1921875 0.625 0.06640625 0.01875
0 0.5 0.2984375 0.025 0.021875
0 0.8234375 0.24140625 0.03125 0.0234375
0 0.0171875 0.35859375 0.0234375 0.01953125
0 0.1515625 0.49296875 0.0265625 0.01796875
0 0.21484375 0.6140625 0.0328125 0.00859375
0 0.24375 0.38828125 0.0171875 0.0171875
0 0.03828125 0.6671875 0.0390625 0.034375
0 0.6421875 0.54375 0.03515625 0.015625
0 0.625 0.534375 0.0328125 0.0140625
0 0.3671875 0.6265625 0.0390625 0.0125
0 0.49609375 0.5828125 0.0375 0.01484375
0 0.4140625 0.525 0.01484375 0.0171875
0 0.63828125 0.34765625 0.0265625 0.02265625
0 0.43359375 0.44453125 0.01484375 0.0140625
0 0.39140625 0.5390625 0.01484375 0.0421875
0 0.3734375 0.40703125 0.0140625 0.03359375
0 0.51015625 0.59375 0.0125 0.00625
0 0.41171875 0.47734375 0.0109375 0.009375
0 0.4703125 0.6609375 0.06484375 0.00859375
0 0.8703125 0.6484375 0.03359375 0.0203125
0 0.72734375 0.3828125 0.02734375 0.021875
0 0.70859375 0.5140625 0.03515625 0.0140625
0 0.7921875 0.4625 0.0375 0.0140625
0 0.7796875 0.4484375 0.0296875 0.0140625
0 0.8578125 0.5125 0.0234375 0.0140625
0 0.8140625 0.390625 0.025 0.01484375
0 0.703125 0.4609375 0.0140625 0.0109375
0 0.9203125 0.35390625 0.00859375 0.0125
0 0.09453125 0.78125 0.0265625 0.01875
0 0.0515625 0.72421875 0.025 0.01875
0 0.1203125 0.7640625 0.0078125 0.0078125
0 0.4421875 0.7109375 0.06484375 0.01328125
0 0.3984375 0.69609375 0.0625 0.01328125
0 0.60078125 0.81640625 0.02109375 0.0140625
0 0.9515625 0.79765625 0.0265625 0.0140625
0 0.76484375 0.69296875 0.03984375 0.01796875
0 0.7671875 0.71015625 0.02109375 0.01328125
0 0.878125 0.73359375 0.0234375 0.0109375
0 0.41875 0.4234375 0.02890625 0.08515625
0 0.39296875 0.4609375 0.01015625 0.01015625
0 0.38671875 0.5171875 0.00625 0.00546875
0 0.18984375 0.6234375 0.0265625 0.00859375
0 0.12421875 0.621875 0.09375 0.02265625
0 0.1640625 0.609375 0.00625 0.00390625
0 0.1234375 0.60625 0.07265625 0.01953125
0 0.0609375 0.68125 0.00859375 0.00546875
0 0.0109375 0.63828125 0.021875 0.0265625
0 0.00390625 0.63515625 0.0078125 0.01015625
0 0.965625 0.62734375 0.01875 0.01328125
1 0.9921875 0.6203125 0.01484375 0.015625
1 0.98203125 0.54609375 0.0359375 0.0328125
0 0.98125 0.53671875 0.02265625 0.0109375
0 0.8921875 0.43125 0.01015625 0.01484375
0 0.89765625 0.41640625 0.01015625 0.015625
0 0.90078125 0.4046875 0.00859375 0.0125
0 0.9828125 0.2671875 0.0328125 0.05078125
0 0.98359375 0.24296875 0.01484375 0.00546875
1 0.91953125 0.365625 0.09375 0.2453125
0 0.31875 0.2953125 0.05 0.0125
0 0.31796875 0.2875 0.05625 0.0109375
0 0.0046875 0.3953125 0.009375 0.009375
0 0.09609375 0.4625 0.0328125 0.028125