0 0.625 0.35390625 0.1015625 0.0765625
0 0.41015625 0.21484375 0.08359375 0.0703125
0 0.51171875 0.290625 0.10625 0.0875
0 0.309375 0.1921875 0.0734375 0.0609375
0 0.6453125 0.440625 0.1453125 0.08828125
0 0.23359375 0.33828125 0.0359375 0.028125
0 0.6765625 0.40078125 0.0546875 0.0421875
0 0.5546875 0.44375 0.0921875 0.07109375
0 0.1890625 0.41484375 0.0171875 0.01328125
0 0.5078125 0.36328125 0.00859375 0.00625
0 0.509375 0.36015625 0.0078125 0.00546875
0 0.50859375 0.35078125 0.0125 0.0109375
0 0.5109375 0.3703125 0.04375 0.028125
0 0.49609375 0.3578125 0.05390625 0.04609375
0 0.4640625 0.440625 0.01640625 0.0125
0 0.43125 0.50625 0.0140625 0.0109375
0 0.4515625 0.409375 0.1265625 0.053125
0 0.3109375 0.415625 0.1296875 0.05234375
0 0.334375 0.35078125 0.1421875 0.078125
0 0.246875 0.38515625 0.0140625 0.01015625
0 0.15703125 0.41875 0.0171875 0.01328125
0 0.0921875 0.403125 0.01484375 0.01015625
0 0.15390625 0.2765625 0.01484375 0.01015625
0 0.06015625 0.23125 0.0140625 0.0109375
0 0.6828125 0.3828125 0.03984375 0.02421875
0 0.70078125 0.3921875 0.0296875 0.03125
0 0.7234375 0.40078125 0.01484375 0.01484375
0 0.7671875 0.4375 0.02265625 0.02265625
0 0.8390625 0.3859375 0.01640625 0.0109375
0 0.8921875 0.64140625 0.0109375 0.015625
0 0.7671875 0.675 0.01875 0.009375
0 0.7578125 0.68359375 0.0328125 0.01328125
0 0.66796875 0.78359375 0.02109375 0.01953125
0 0.58125 0.7171875 0.0109375 0.01484375
0 0.578125 0.621875 0.0109375 0.0140625
0 0.4171875 0.709375 0.02109375 0.0140625
0 0.3453125 0.52890625 0.0171875 0.0109375
0 0.3375 0.51796875 0.01484375 0.009375
0 0.3296875 0.534375 0.01484375 0.00625
0 0.18359375 0.5078125 0.01484375 0.009375
0 0.1671875 0.51640625 0.025 0.01484375
0 0.515625 0.87421875 0.05390625 0.01015625