0 0.3234375 0.61171875 0.10390625 0.078125
0 0.475 0.7921875 0.08515625 0.07109375
0 0.40703125 0.69765625 0.1078125 0.0890625
0 0.5625 0.8359375 0.0734375 0.0609375
0 0.33828125 0.52421875 0.14609375 0.08984375
0 0.6921875 0.71328125 0.0359375 0.02890625
0 0.2921875 0.55625 0.05625 0.04296875
0 0.4265625 0.5421875 0.09375 0.071875
0 0.7640625 0.64921875 0.0171875 0.01328125
0 0.4390625 0.628125 0.00859375 0.00625
0 0.43671875 0.63203125 0.0078125 0.00546875
0 0.43359375 0.64140625 0.0140625 0.0109375
0 0.4390625 0.621875 0.0453125 0.02890625
0 0.4484375 0.63671875 0.05390625 0.04609375
0 0.5109375 0.56484375 0.0171875 0.0125
0 0.56796875 0.50859375 0.01484375 0.0109375
0 0.5109375 0.59765625 0.12734375 0.0546875
0 0.64765625 0.621875 0.13125 0.0546875
0 0.6 0.6796875 0.14375 0.0796875
0 0.69765625 0.665625 0.0140625 0.01015625
0 0.796875 0.653125 0.0171875 0.01328125
0 0.85234375 0.68203125 0.01484375 0.0109375
0 0.74375 0.78984375 0.01484375 0.0109375
0 0.815625 0.853125 0.01484375 0.0109375
0 0.2796875 0.571875 0.03984375 0.02421875
0 0.26640625 0.559375 0.03125 0.03203125
0 0.2484375 0.54609375 0.01484375 0.01484375
0 0.2203125 0.50078125 0.02265625 0.02265625
0 0.13125 0.534375 0.01640625 0.0109375
0 0.1796875 0.27890625 0.0109375 0.015625
0 0.31328125 0.27421875 0.01875 0.009375
0 0.32421875 0.26796875 0.0328125 0.0140625
0 0.45 0.19140625 0.02265625 0.01953125
0 0.5078125 0.27421875 0.0109375 0.01484375
0 0.47265625 0.36640625 0.0109375 0.0140625
0 0.6609375 0.31796875 0.02109375 0.0140625
0 0.65859375 0.50625 0.0171875 0.0109375
0 0.6625 0.51875 0.01484375 0.01015625
0 0.6765625 0.50390625 0.01484375 0.0078125
0 0.8046875 0.5625 0.01484375 0.01015625
0 0.825 0.5578125 0.025 0.015625
0 0.63046875 0.13828125 0.05390625 0.0109375