0 0.5265625 0.7734375 0.0859375 0.05234375
0 0.8078125 0.7703125 0.05234375 0.0421875
0 0.40703125 0.83125 0.1296875 0.05625
0 0.6734375 0.76171875 0.05390625 0.04609375
0 0.0390625 0.621875 0.04375 0.02890625
0 0.63203125 0.79921875 0.05234375 0.04609375
0 0.61953125 0.56953125 0.05 0.0328125
0 0.1359375 0.63515625 0.04375 0.028125
0 0.1375 0.87734375 0.04375 0.02890625
0 0.24765625 0.69609375 0.04140625 0.0265625
0 0.30234375 0.78828125 0.04375 0.028125
0 0.21640625 0.82265625 0.04375 0.02890625
0 0.2765625 0.65078125 0.02109375 0.0125
0 0.1015625 0.48671875 0.02109375 0.01328125
0 0.21796875 0.53515625 0.0171875 0.01328125
0 0.2671875 0.5 0.01875 0.0140625
0 0.1578125 0.596875 0.01640625 0.01484375
0 0.03359375 0.57265625 0.025 0.01796875
0 0.48515625 0.84140625 0.02265625 0.021875
0 0.72734375 0.684375 0.02265625 0.021875
0 0.76796875 0.746875 0.0171875 0.0140625
0 0.36484375 0.66875 0.02109375 0.0140625
0 0.4796875 0.69921875 0.025 0.01796875
0 0.53671875 0.55078125 0.02109375 0.0203125
0 0.584375 0.584375 0.0234375 0.01875
0 0.37109375 0.478125 0.02265625 0.01875
0 0.57109375 0.39375 0.02109375 0.0125
0 0.33203125 0.51015625 0.0203125 0.0125
0 0.53125 0.44609375 0.0203125 0.01328125
0 0.39296875 0.50546875 0.0171875 0.0125
0 0.54296875 0.590625 0.01875 0.0140625
0 0.49296875 0.446875 0.01015625 0.00859375
0 0.603125 0.24453125 0.01875 0.015625
0 0.4359375 0.13671875 0.0375 0.02265625
0 0.4546875 0.18046875 0.01640625 0.0109375
0 0.4765625 0.2453125 0.0171875 0.0125
0 0.3296875 0.271875 0.0171875 0.01015625
0 0.32265625 0.328125 0.01640625 0.0109375
0 0.3140625 0.28046875 0.01015625 0.00546875
0 0.8265625 0.603125 0.01875 0.01953125
0 0.840625 0.6953125 0.01875 0.015625
0 0.85859375 0.5109375 0.01875 0.01796875
0 0.89296875 0.5078125 0.0140625 0.01484375
0 0.7171875 0.21875 0.0125 0.009375
0 0.0984375 0.32265625 0.00859375 0.00625
0 0.0203125 0.578125 0.0125 0.0125
0 0.246875 0.83828125 0.0109375 0.01328125
0 0.15078125 0.5078125 0.00625 0.00546875
0 0.4484375 0.15390625 0.03359375 0.02265625
0 0.4375 0.14375 0.01640625 0.00546875