0 0.46953125 0.7734375 0.07734375 0.04375
0 0.7484375 0.803125 0.0453125 0.0375
0 0.3390625 0.81640625 0.12265625 0.0421875
0 0.61640625 0.77890625 0.04609375 0.04140625
0 0.01953125 0.56640625 0.0390625 0.02421875
0 0.56796875 0.8109375 0.0453125 0.04140625
0 0.603125 0.5828125 0.0453125 0.028125
0 0.1125 0.590625 0.0390625 0.0234375
0 0.0640625 0.8296875 0.0390625 0.02421875
0 0.21015625 0.6640625 0.0375 0.02265625
0 0.2453125 0.76171875 0.0390625 0.0234375
0 0.15234375 0.78515625 0.0390625 0.02421875
0 0.24765625 0.62265625 0.01875 0.01015625
0 0.109375 0.440625 0.01875 0.0109375
0 0.2140625 0.5015625 0.01484375 0.0109375
0 0.2703125 0.47265625 0.01640625 0.0125
0 0.14140625 0.55546875 0.0140625 0.01328125
0 0.02421875 0.5171875 0.02265625 0.01484375
0 0.4140625 0.8359375 0.01875 0.01953125
0 0.6859375 0.70859375 0.01875 0.01953125
0 0.71328125 0.77578125 0.01484375 0.0125
0 0.33125 0.65078125 0.01875 0.0125
0 0.43828125 0.69453125 0.02265625 0.01484375
0 0.52578125 0.5546875 0.0171875 0.01875
0 0.565625 0.59296875 0.0203125 0.0171875
0 0.37734375 0.46328125 0.01875 0.0171875
0 0.5921875 0.40390625 0.01875 0.01015625
0 0.33203125 0.48984375 0.0171875 0.01015625
0 0.5421875 0.45 0.0171875 0.0109375
0 0.39296875 0.49296875 0.01484375 0.01015625
0 0.5234375 0.59453125 0.01640625 0.0125
0 0.5046875 0.446875 0.00859375 0.0078125
0 0.6546875 0.26015625 0.01640625 0.0140625
0 0.5125 0.134375 0.03359375 0.01875
0 0.521875 0.17890625 0.01484375 0.009375
0 0.5296875 0.24609375 0.01484375 0.01015625
0 0.37890625 0.2546875 0.01640625 0.00859375
0 0.3609375 0.309375 0.01484375 0.009375
0 0.3625 0.2609375 0.00859375 0.0046875
0 0.80078125 0.640625 0.01484375 0.01796875
0 0.7953125 0.7328125 0.01640625 0.0140625
0 0.8515625 0.55234375 0.01484375 0.015625
0 0.88671875 0.55390625 0.0109375 0.0140625
0 0.77265625 0.24765625 0.0109375 0.00859375
0 0.140625 0.278125 0.0078125 0.00546875
0 0.00390625 0.26328125 0.0078125 0.00390625
0 0.009375 0.52109375 0.01015625 0.0109375
0 0.1796875 0.80390625 0.00859375 0.0125
0 0.153125 0.46640625 0.0046875 0.0046875
0 0.5203125 0.1515625 0.0296875 0.01953125
0 0.5125 0.14140625 0.01640625 0.00390625