0 0.2328125 0.365625 0.08359375 0.065625
0 0.8234375 0.5078125 0.0734375 0.046875
1 0.5953125 0.33046875 0.15 0.184375
0 0.8703125 0.60390625 0.04609375 0.03359375
0 0.06171875 0.2796875 0.02890625 0.02265625
0 0.2671875 0.41328125 0.0703125 0.0515625
0 0.8265625 0.703125 0.04609375 0.0328125
0 0.79375 0.63203125 0.0453125 0.02734375
0 0.7921875 0.40078125 0.22890625 0.1640625
0 0.65703125 0.7234375 0.0390625 0.0265625
0 0.6578125 0.475 0.0296875 0.0328125
0 0.884375 0.46796875 0.05234375 0.02734375
0 0.2578125 0.55234375 0.01484375 0.01328125
0 0.9203125 0.2671875 0.0578125 0.03828125
0 0.5734375 0.23671875 0.04140625 0.04140625
0 0.6765625 0.79296875 0.0625 0.04140625
0 0.71328125 0.5328125 0.0390625 0.03828125
0 0.2484375 0.14453125 0.08125 0.03203125
0 0.42578125 0.7703125 0.0171875 0.01484375
0 0.5078125 0.8640625 0.1140625 0.025
0 0.86484375 0.65625 0.0390625 0.028125
0 0.7078125 0.76328125 0.08359375 0.0546875
0 0.784375 0.87578125 0.0375 0.0140625
0 0.73046875 0.8375 0.03984375 0.0265625
0 0.725 0.66875 0.04765625 0.065625
0 0.73046875 0.60234375 0.14140625 0.1359375
0 0.62109375 0.66328125 0.01015625 0.009375
0 0.63203125 0.53359375 0.0140625 0.01484375
0 0.5484375 0.66328125 0.0921875 0.11640625
0 0.51953125 0.69765625 0.05625 0.0765625
0 0.4578125 0.675 0.0734375 0.09921875
0 0.38671875 0.6 0.07734375 0.11328125
0 0.4875 0.59609375 0.0609375 0.090625
0 0.4 0.43046875 0.025 0.0453125
0 0.48828125 0.41015625 0.0296875 0.0140625
0 0.50078125 0.3703125 0.0359375 0.040625
0 0.31484375 0.40546875 0.01875 0.0125
0 0.3109375 0.5390625 0.0109375 0.0109375
0 0.24296875 0.465625 0.0171875 0.0109375
0 0.23359375 0.625 0.05859375 0.0359375
0 0.28359375 0.7359375 0.0484375 0.08125
0 0.13828125 0.7171875 0.01640625 0.0125
0 0.03671875 0.5890625 0.0171875 0.0109375
0 0.103125 0.5484375 0.01875 0.0109375
0 0.0921875 0.43046875 0.01640625 0.0109375
0 0.47265625 0.15625 0.02734375 0.05
0 0.659375 0.1765625 0.0484375 0.028125
0 0.53984375 0.29765625 0.0390625 0.025
1 0.5015625 0.4453125 0.21015625 0.16328125
1 0.3296875 0.234375 0.2578125 0.1671875