0 0.7671875 0.26015625 0.07890625 0.075
0 0.90859375 0.25703125 0.0875 0.0859375
0 0.8375 0.55234375 0.08125 0.06171875
0 0.82578125 0.4265625 0.12265625 0.09453125
0 0.35625 0.30703125 0.02890625 0.02265625
0 0.315625 0.2125 0.02734375 0.021875
0 0.86796875 0.3890625 0.0671875 0.07109375
0 0.8421875 0.709375 0.0171875 0.0140625
0 0.17109375 0.2046875 0.02734375 0.02265625
0 0.734375 0.2015625 0.0296875 0.05
1 0.52734375 0.4546875 0.11875 0.07890625
0 0.140625 0.1828125 0.0203125 0.01484375
1 0.21328125 0.33984375 0.1125 0.07890625
0 0.803125 0.3 0.0296875 0.05078125
1 0.53984375 0.34140625 0.10625 0.07578125
0 0.68515625 0.3703125 0.0734375 0.1
0 0.68515625 0.49453125 0.04140625 0.040625
0 0.9140625 0.4125 0.0734375 0.0734375
0 0.2234375 0.415625 0.0390625 0.02734375
0 0.6234375 0.78984375 0.0578125 0.0234375
0 0.12890625 0.64296875 0.0359375 0.02890625
0 0.6515625 0.515625 0.0296875 0.02421875
0 0.63359375 0.3953125 0.03359375 0.02734375
1 0.58359375 0.415625 0.10234375 0.07109375
0 0.08984375 0.5078125 0.02734375 0.0125
0 0.8265625 0.35078125 0.01640625 0.0140625
0 0.51171875 0.63984375 0.04140625 0.0421875
0 0.484375 0.6796875 0.03359375 0.02890625
1 0.26875 0.3625 0.11015625 0.07578125
0 0.06171875 0.84296875 0.0359375 0.03125
0 0.19765625 0.85859375 0.02890625 0.0109375
0 0.11953125 0.76484375 0.03515625 0.03125
0 0.3203125 0.7671875 0.0203125 0.0140625
0 0.28046875 0.6921875 0.02734375 0.009375
0 0.2640625 0.6890625 0.01484375 0.00625
0 0.2640625 0.68125 0.01484375 0.009375
0 0.19765625 0.609375 0.0390625 0.0203125
0 0.1578125 0.58046875 0.0234375 0.0203125
0 0.06015625 0.49375 0.0171875 0.0140625
0 0.08671875 0.50078125 0.01875 0.0109375
1 0.32265625 0.38203125 0.0203125 0.0171875
1 0.2140625 0.33046875 0.01484375 0.0125
0 0.12421875 0.21953125 0.01875 0.01328125
0 0.5359375 0.3453125 0.01640625 0.0171875
0 0.58125 0.253125 0.12265625 0.1015625
0 0.53359375 0.28046875 0.10859375 0.15390625
0 0.39296875 0.5078125 0.02734375 0.0109375
0 0.3703125 0.5 0.0296875 0.01796875
0 0.35625 0.53046875 0.01015625 0.01015625
0 0.95 0.42265625 0.04609375 0.0171875
1 0.7015625 0.49375 0.10390625 0.07109375
0 0.51796875 0.6125 0.0265625 0.0125
0 0.50390625 0.6046875 0.01484375 0.009375
0 0.57734375 0.76796875 0.0578125 0.0203125
0 0.8078125 0.790625 0.0171875 0.009375
0 0.934375 0.61875 0.01484375 0.01953125
0 0.8453125 0.5484375 0.0140625 0.0125
0 0.5953125 0.72734375 0.01015625 0.00546875
0 0.59921875 0.73046875 0.0078125 0.00546875
1 0.0375 0.6203125 0.0515625 0.04296875