0 0.7515625 0.74921875 0.1015625 0.06015625
0 0.7234375 0.853125 0.11640625 0.06640625
0 0.35625 0.73515625 0.08359375 0.06171875
0 0.52265625 0.7546875 0.12734375 0.09375
0 0.7828125 0.43828125 0.0296875 0.02265625
0 0.91484375 0.43046875 0.02890625 0.0203125
0 0.5609375 0.79453125 0.0953125 0.0515625
0 0.1515625 0.703125 0.01875 0.0140625
0 0.95859375 0.3265625 0.0296875 0.021875
0 0.83515625 0.73828125 0.06640625 0.0234375
1 0.55234375 0.53046875 0.10625 0.08984375
0 0.99140625 0.30859375 0.0171875 0.015625
1 0.77265625 0.32578125 0.1078125 0.0859375
0 0.69140625 0.76640625 0.0671875 0.0234375
1 0.696875 0.56484375 0.10234375 0.08046875
0 0.6265625 0.6640625 0.13515625 0.05625
0 0.46484375 0.63671875 0.05390625 0.03203125
0 0.52109375 0.821875 0.0984375 0.05703125
0 0.671875 0.31640625 0.0359375 0.02890625
0 0.09609375 0.525 0.0328125 0.04296875
0 0.3984375 0.19609375 0.0390625 0.02734375
0 0.4453125 0.60703125 0.03359375 0.0234375
0 0.60625 0.62109375 0.0375 0.025
1 0.590625 0.58046875 0.09765625 0.078125
0 0.58203125 0.1984375 0.01640625 0.0203125
0 0.6203125 0.771875 0.01875 0.01328125
0 0.31640625 0.47734375 0.05625 0.03203125
0 0.2703125 0.44765625 0.03984375 0.025
1 0.73046875 0.3625 0.10234375 0.08359375
0 0.15234375 0.10234375 0.04140625 0.02734375
0 0.10234375 0.1984375 0.01640625 0.021875
0 0.24140625 0.1625 0.0421875 0.02734375
0 0.19296875 0.30859375 0.0203125 0.015625
0 0.3 0.296875 0.0125 0.0203125
0 0.3078125 0.28515625 0.00859375 0.0109375
0 0.3171875 0.28671875 0.0125 0.0109375
0 0.42578125 0.2546875 0.02734375 0.02890625
0 0.471875 0.23125 0.02734375 0.01796875
0 0.6078125 0.1796875 0.01875 0.0140625
0 0.5921875 0.1984375 0.01640625 0.0140625
1 0.69296875 0.396875 0.0234375 0.01484375
1 0.784375 0.32890625 0.01640625 0.0109375
0 0.9484375 0.28828125 0.01875 0.0140625
0 0.69296875 0.5609375 0.02265625 0.0125
0 0.803125 0.61484375 0.1359375 0.09296875
0 0.778125 0.57421875 0.2046875 0.084375
0 0.5140625 0.4203125 0.01484375 0.0203125
0 0.5296875 0.40546875 0.025 0.02265625
0 0.4921875 0.38828125 0.0140625 0.0078125
0 0.49921875 0.84609375 0.02265625 0.034375
1 0.46328125 0.64921875 0.09609375 0.07890625
0 0.34921875 0.4875 0.01640625 0.01953125
0 0.36328125 0.4796875 0.0125 0.0109375
0 0.134375 0.496875 0.02734375 0.04296875
0 0.05234375 0.65859375 0.0140625 0.01328125
0 0.24765625 0.790625 0.0265625 0.0109375
0 0.36015625 0.740625 0.01640625 0.01015625
0 0.1828125 0.51875 0.0078125 0.00859375
0 0.17890625 0.52109375 0.0078125 0.00625
1 0.44765625 0.13515625 0.0578125 0.0390625