0 0.04140625 0.43125 0.07890625 0.0703125
1 0.72890625 0.63046875 0.17265625 0.17421875
0 0.4546875 0.8578125 0.0640625 0.059375
0 0.25234375 0.22421875 0.02890625 0.03359375
0 0.4046875 0.42890625 0.02265625 0.015625
0 0.3640625 0.834375 0.0796875 0.0640625
0 0.5296875 0.53203125 0.08515625 0.065625
0 0.5265625 0.6515625 0.01484375 0.0109375
0 0.31875 0.41484375 0.0421875 0.034375
0 0.51484375 0.60234375 0.01484375 0.00859375
0 0.31796875 0.46875 0.04765625 0.04375
0 0.2203125 0.62578125 0.01875 0.01953125
0 0.47421875 0.553125 0.01484375 0.01015625
0 0.27734375 0.78515625 0.0125 0.00859375
0 0.21484375 0.5484375 0.01875 0.01953125
0 0.8234375 0.29296875 0.0203125 0.01484375
0 0.4296875 0.4046875 0.0171875 0.0140625
0 0.22578125 0.73046875 0.0328125 0.02265625
0 0.746875 0.1984375 0.0234375 0.01484375
0 0.31953125 0.35390625 0.01640625 0.0140625
0 0.95390625 0.6375 0.0546875 0.06171875
0 0.675 0.93984375 0.0359375 0.01875
0 0.6703125 0.9546875 0.04375 0.0234375
0 0.559375 0.9234375 0.01640625 0.01328125
0 0.51953125 0.653125 0.01484375 0.0125
0 0.4875 0.62578125 0.0140625 0.0125
0 0.4828125 0.62421875 0.0109375 0.0125
0 0.50703125 0.596875 0.01640625 0.01015625
0 0.44765625 0.5765625 0.0140625 0.00859375
0 0.4046875 0.5515625 0.025 0.02265625
0 0.41328125 0.534375 0.02890625 0.02265625
0 0.4203125 0.5203125 0.02734375 0.02421875
0 0.4328125 0.5078125 0.02734375 0.02734375
0 0.45078125 0.50078125 0.02109375 0.021875
0 0.46875 0.50078125 0.02109375 0.0171875
0 0.38671875 0.49609375 0.01484375 0.01015625
0 0.584375 0.5296875 0.0140625 0.00859375
0 0.5921875 0.5203125 0.0140625 0.009375
0 0.765625 0.61328125 0.01484375 0.0140625
0 0.7 0.46328125 0.02265625 0.0140625
0 0.721875 0.38359375 0.01640625 0.01015625
0 0.5984375 0.30390625 0.0140625 0.01015625
0 0.6078125 0.2984375 0.01015625 0.00859375
0 0.57265625 0.2421875 0.0171875 0.01015625
0 0.459375 0.23828125 0.01484375 0.00859375
0 0.0890625 0.6578125 0.0328125 0.01953125
0 0.05234375 0.70703125 0.0328125 0.01875
0 0.3015625 0.83515625 0.01640625 0.0125
0 0.04609375 0.40078125 0.05859375 0.04765625
0 0.2265625 0.4375 0.01015625 0.00625
0 0.2265625 0.40234375 0.0140625 0.0109375
1 0.0671875 0.22109375 0.03984375 0.0921875
0 0.08984375 0.22734375 0.02265625 0.0140625
0 0.3421875 0.22421875 0.01640625 0.0109375
0 0.403125 0.3296875 0.01640625 0.01015625
0 0.37421875 0.303125 0.01640625 0.0109375
0 0.84296875 0.21484375 0.02265625 0.0140625
1 0.62734375 0.4875 0.16640625 0.18359375
1 0.26796875 0.4265625 0.11875 0.10859375
1 0.27421875 0.3203125 0.1390625 0.1203125
0 0.015625 0.77890625 0.01640625 0.0140625