0 0.8859375 0.5625 0.07109375 0.059375
0 0.8546875 0.740625 0.02734375 0.0203125
0 0.08203125 0.25859375 0.02265625 0.0171875
0 0.51953125 0.58125 0.0265625 0.021875
0 0.7171875 0.11328125 0.0265625 0.0171875
0 0.48359375 0.6453125 0.02734375 0.03828125
0 0.33671875 0.678125 0.02890625 0.04296875
0 0.46015625 0.515625 0.03125 0.021875
0 0.8796875 0.41640625 0.0328125 0.0234375
0 0.55859375 0.6609375 0.01640625 0.02265625
0 0.784375 0.38828125 0.08359375 0.05
0 0.26953125 0.66953125 0.03515625 0.01953125
0 0.39296875 0.50390625 0.0203125 0.0109375
0 0.446875 0.7234375 0.01484375 0.0125
0 0.075 0.32578125 0.02109375 0.01484375
0 0.70546875 0.75390625 0.02109375 0.03359375
0 0.85859375 0.21953125 0.0265625 0.015625
0 0.746875 0.2421875 0.02109375 0.0171875
0 0.28359375 0.27421875 0.0265625 0.01484375
0 0.63828125 0.7859375 0.04765625 0.021875
0 0.45546875 0.33515625 0.02109375 0.01328125
0 0.80703125 0.721875 0.03515625 0.01796875
0 0.93984375 0.3984375 0.02265625 0.01875
0 0.21015625 0.36171875 0.02109375 0.015625
0 0.6890625 0.78359375 0.0328125 0.01875
0 0.8515625 0.503125 0.02265625 0.0140625
0 0.86171875 0.31953125 0.03359375 0.0234375
0 0.8234375 0.11328125 0.02265625 0.0171875
0 0.2328125 0.46328125 0.0359375 0.02421875
0 0.26171875 0.5578125 0.0734375 0.0625
0 0.521875 0.10859375 0.02265625 0.01484375
0 0.39453125 0.3203125 0.02890625 0.02421875
0 0.584375 0.5109375 0.02109375 0.0109375
0 0.71796875 0.6078125 0.0421875 0.03125
0 0.81875 0.34140625 0.06640625 0.040625
0 0.9109375 0.66171875 0.0078125 0.0078125
0 0.91796875 0.65859375 0.01015625 0.0109375
0 0.90625 0.78046875 0.0171875 0.01015625
0 0.9390625 0.7890625 0.0171875 0.0078125
0 0.9390625 0.7953125 0.01640625 0.00625
0 0.4703125 0.70546875 0.02109375 0.03203125
0 0.4859375 0.70390625 0.0234375 0.034375
0 0.43828125 0.725 0.0078125 0.01015625
0 0.32890625 0.67890625 0.0234375 0.04375
0 0.1484375 0.76015625 0.01875 0.0140625
0 0.10859375 0.7625 0.01875 0.0109375
0 0.103125 0.61953125 0.01640625 0.01328125
0 0.05546875 0.51015625 0.1109375 0.05546875
0 0.05078125 0.50078125 0.1015625 0.05234375
0 0.04375 0.48984375 0.0875 0.05
0 0.07890625 0.44609375 0.05859375 0.01875
0 0.0421875 0.4359375 0.06015625 0.01875
0 0.2515625 0.440625 0.01875 0.0109375
0 0.38359375 0.17109375 0.0203125 0.0125
0 0.4234375 0.11328125 0.0484375 0.053125
0 0.5703125 0.190625 0.04609375 0.05078125
0 0.63359375 0.18828125 0.0203125 0.01328125
0 0.52265625 0.31328125 0.0265625 0.01953125
0 0.3921875 0.325 0.03359375 0.02734375
0 0.384375 0.33828125 0.0203125 0.0125
0 0.70078125 0.3046875 0.01875 0.0265625
0 0.69140625 0.3078125 0.03125 0.040625
0 0.79296875 0.321875 0.0609375 0.03828125
0 0.74609375 0.36640625 0.02734375 0.0125
0 0.6828125 0.3828125 0.03359375 0.0125
0 0.68671875 0.39921875 0.0203125 0.02421875
0 0.715625 0.3953125 0.04609375 0.03671875
0 0.725 0.4234375 0.0203125 0.0140625
0 0.7421875 0.45 0.0875 0.06875
0 0.59921875 0.496875 0.0203125 0.0109375
0 0.77109375 0.49140625 0.02890625 0.0203125
0 0.49140625 0.42109375 0.0171875 0.0109375
0 0.4765625 0.4328125 0.025 0.0203125
0 0.4796875 0.44296875 0.0421875 0.03203125
0 0.465625 0.465625 0.01875 0.01015625
0 0.49765625 0.46171875 0.05 0.021875
0 0.37109375 0.5578125 0.0140625 0.01015625
0 0.72890625 0.62109375 0.04765625 0.01953125
0 0.7515625 0.6296875 0.0484375 0.01796875
0 0.690625 0.75078125 0.02109375 0.04140625
0 0.44921875 0.825 0.02734375 0.009375
0 0.95625 0.40078125 0.0125 0.00859375
0 0.9171875 0.39609375 0.0203125 0.009375
0 0.92890625 0.3859375 0.01875 0.01015625
0 0.496875 0.64296875 0.025 0.0328125
0 0.56953125 0.66015625 0.0125 0.0203125
0 0.5234375 0.5828125 0.0203125 0.015625
0 0.4640625 0.51953125 0.0265625 0.0203125
0 0.228125 0.46640625 0.0328125 0.0234375
0 0.9234375 0.55703125 0.0421875 0.05234375
0 0.22109375 0.528125 0.0484375 0.12578125
0 0.21171875 0.5296875 0.0515625 0.12578125
0 0.1984375 0.5296875 0.0390625 0.10390625