0 0.8984375 0.55078125 0.06640625 0.05703125
0 0.10703125 0.3703125 0.0640625 0.05078125
0 0.5703125 0.1953125 0.06484375 0.04296875
0 0.13359375 0.4265625 0.0546875 0.0421875
0 0.4296875 0.71640625 0.0734375 0.08359375
0 0.88359375 0.65234375 0.04375 0.04296875
0 0.8421875 0.68203125 0.0484375 0.0359375
0 0.7921875 0.8625 0.0453125 0.0328125
0 0.3703125 0.4 0.04765625 0.0390625
0 0.2484375 0.3421875 0.04375 0.0328125
0 0.9734375 0.596875 0.0484375 0.05625
0 0.9296875 0.6875 0.0515625 0.0359375
0 0.1671875 0.28984375 0.04375 0.05546875
0 0.94609375 0.8921875 0.04140625 0.0359375
0 0.8671875 0.25546875 0.0671875 0.0359375
0 0.4203125 0.6703125 0.0578125 0.0625
0 0.2765625 0.32109375 0.0359375 0.04375
0 0.80703125 0.48359375 0.05390625 0.0375
0 0.984375 0.65625 0.03125 0.0484375
0 0.08671875 0.17421875 0.0234375 0.01015625
0 0.334375 0.25234375 0.01484375 0.01328125
0 0.65 0.22109375 0.03515625 0.01875
0 0.29765625 0.4984375 0.0171875 0.0171875
0 0.103125 0.53828125 0.02734375 0.01484375
0 0.7671875 0.353125 0.0375 0.01875
0 0.0234375 0.81953125 0.02265625 0.01484375
0 0.8734375 0.7765625 0.0328125 0.02421875
0 0.86875 0.8625 0.0171875 0.01328125
0 0.95 0.80625 0.01875 0.01484375
0 0.7609375 0.25 0.03359375 0.01796875
0 0.9484375 0.2328125 0.03359375 0.0109375
0 0.91328125 0.33203125 0.02890625 0.01796875
0 0.8015625 0.4421875 0.0671875 0.04140625
0 0.725 0.4984375 0.08515625 0.028125
0 0.36796875 0.51171875 0.0265625 0.0078125
0 0.3921875 0.48203125 0.0328125 0.059375
1 0.5703125 0.48984375 0.325 0.04140625
1 0.340625 0.5265625 0.3359375 0.04296875
1 0.0875 0.54609375 0.1734375 0.03359375
0 0.27734375 0.46953125 0.04140625 0.05078125
0 0.27890625 0.44609375 0.03515625 0.0484375
0 0.3078125 0.49296875 0.0359375 0.05078125
0 0.32265625 0.75 0.0578125 0.07890625
0 0.52578125 0.8453125 0.05390625 0.05625
0 0.17421875 0.28515625 0.03359375 0.034375
0 0.759375 0.65625 0.0203125 0.01796875