0 0.5328125 0.19765625 0.08125 0.0546875
0 0.36171875 0.8046875 0.07265625 0.0515625
0 0.0890625 0.47421875 0.0625 0.0515625
0 0.434375 0.7796875 0.06015625 0.04375
0 0.79375 0.53359375 0.11640625 0.06171875
0 0.66953125 0.2 0.06015625 0.03671875
0 0.71171875 0.22890625 0.0515625 0.0390625
0 0.95078125 0.25078125 0.0390625 0.0359375
0 0.37734375 0.60546875 0.05625 0.03828125
0 0.3125 0.7015625 0.04609375 0.034375
0 0.5875 0.1375 0.07890625 0.04140625
0 0.71171875 0.16328125 0.0515625 0.04140625
0 0.24921875 0.7671875 0.0765625 0.0375
0 0.1421875 0.246875 0.05234375 0.053125
0 0.7328125 0.54453125 0.0875 0.0484375
0 0.28203125 0.68203125 0.0625 0.03125
0 0.4515625 0.271875 0.05390625 0.04296875
0 0.66484375 0.12265625 0.06875 0.0296875
0 0.10390625 0.83671875 0.01640625 0.01875
0 0.15625 0.9015625 0.01484375 0.00546875
0 0.1859375 0.6453125 0.01875 0.0125
0 0.11640625 0.4125 0.02890625 0.028125
0 0.515625 0.6515625 0.0234375 0.01484375
0 0.5859375 0.79296875 0.02265625 0.02265625
0 0.28203125 0.31328125 0.02734375 0.0296875
0 0.96640625 0.828125 0.02265625 0.01875
0 0.83515625 0.19609375 0.0359375 0.02734375
0 0.94921875 0.19296875 0.01875 0.0140625
0 0.8671875 0.13671875 0.02109375 0.015625
0 0.1453125 0.3265625 0.02734375 0.02734375
0 0.10546875 0.18828125 0.01875 0.0265625
0 0.240625 0.20625 0.0265625 0.0234375
0 0.39609375 0.2796875 0.06015625 0.053125
0 0.47734375 0.33203125 0.0453125 0.06640625
0 0.5265625 0.59765625 0.0125 0.0203125
0 0.4859375 0.58203125 0.08125 0.02890625
1 0.48046875 0.44921875 0.0828125 0.2453125
1 0.54921875 0.61640625 0.0859375 0.25390625
1 0.596875 0.80390625 0.06015625 0.13203125
0 0.47890625 0.66953125 0.0703125 0.034375
0 0.44765625 0.6703125 0.06875 0.0296875
0 0.5078125 0.64375 0.07109375 0.03125
0 0.84765625 0.6109375 0.10859375 0.05
0 0.95703125 0.45078125 0.07890625 0.0453125
0 0.24296875 0.76171875 0.05 0.028125
0 0.6859375 0.2921875 0.0265625 0.0171875