0 0.62421875 0.5265625 0.08515625 0.084375
0 0.7109375 0.95546875 0.05234375 0.0484375
0 0.40625 0.3234375 0.07109375 0.0578125
0 0.65859375 0.7359375 0.04609375 0.040625
0 0.578125 0.12109375 0.06640625 0.05703125
0 0.69140625 0.49921875 0.02109375 0.01875
0 0.7203125 0.609375 0.01640625 0.0265625
0 0.66875 0.87734375 0.0203125 0.01484375
0 0.0234375 0.74140625 0.04375 0.03671875
0 0.48671875 0.23671875 0.04140625 0.046875
0 0.5765625 0.29609375 0.01015625 0.0171875
0 0.05 0.43671875 0.1 0.0734375
0 0.2359375 0.034375 0.06640625 0.06015625
0 0.684375 0.69453125 0.0203125 0.0125
0 0.03828125 0.415625 0.04140625 0.0265625
0 0.05 0.3890625 0.1 0.10390625
0 0.04921875 0.35390625 0.0296875 0.0625
0 0.0203125 0.3296875 0.03984375 0.05
0 0.34609375 0.228125 0.03984375 0.040625
0 0.35078125 0.0546875 0.0375 0.040625
0 0.43203125 0.1109375 0.0171875 0.01328125
0 0.5171875 0.2734375 0.01484375 0.01484375
0 0.68984375 0.26015625 0.0140625 0.01796875
0 0.634375 0.16015625 0.04140625 0.03828125
0 0.490625 0.28359375 0.01640625 0.0125
0 0.5203125 0.2984375 0.04375 0.025
0 0.54453125 0.3265625 0.02109375 0.0296875
0 0.51015625 0.34921875 0.02265625 0.0140625
0 0.4796875 0.3484375 0.04140625 0.021875
0 0.4859375 0.3078125 0.10625 0.06171875
0 0.3671875 0.41796875 0.0203125 0.0109375
0 0.52890625 0.51875 0.0203125 0.0375
0 0.725 0.6 0.0140625 0.021875
0 0.728125 0.703125 0.00859375 0.021875
0 0.340625 0.940625 0.02109375 0.01796875
0 0.315625 0.97109375 0.0359375 0.028125
0 0.29296875 0.5546875 0.0328125 0.02734375
0 0.31484375 0.58671875 0.02890625 0.071875
0 0.334375 0.596875 0.0234375 0.0296875
0 0.27265625 0.6140625 0.0265625 0.05703125
0 0.290625 0.615625 0.0234375 0.053125
0 0.33125 0.625 0.0328125 0.0140625
1 0.4890625 0.61015625 0.0890625 0.16484375
1 0.40390625 0.5359375 0.21640625 0.17890625
1 0.4453125 0.48671875 0.20625 0.125
1 0.5828125 0.44375 0.13515625 0.23515625
1 0.4546875 0.40078125 0.19609375 0.12265625
0 0.5875 0.29296875 0.0125 0.01484375
0 0.01875 0.77421875 0.0375 0.0828125
0 0.0234375 0.86953125 0.04609375 0.0875
0 0.02890625 0.83671875 0.0390625 0.0359375