0 0.8515625 0.440625 0.1 0.07578125
0 0.896875 0.36796875 0.10390625 0.06640625
0 0.9640625 0.475 0.0578125 0.053125
0 0.475 0.49296875 0.0546875 0.09765625
0 0.9375 0.26796875 0.075 0.04140625
0 0.91171875 0.4640625 0.0328125 0.03671875
0 0.80234375 0.52734375 0.0578125 0.03359375
0 0.65078125 0.63203125 0.05390625 0.02890625
0 0.6109375 0.68359375 0.0578125 0.0171875
1 0.171875 0.6578125 0.12109375 0.21171875
0 0.084375 0.45390625 0.0390625 0.0359375
0 0.3890625 0.56796875 0.0640625 0.103125
1 0.4140625 0.58984375 0.09140625 0.14921875
0 0.0890625 0.584375 0.0328125 0.03828125
0 0.1046875 0.471875 0.03359375 0.03828125
0 0.8359375 0.5421875 0.04375 0.0265625
0 0.59921875 0.5703125 0.03359375 0.06875
0 0.70234375 0.57578125 0.05 0.02421875
0 0.0796875 0.36796875 0.04609375 0.028125
0 0.7109375 0.52421875 0.03359375 0.06015625
0 0.634375 0.38125 0.025 0.0890625
0 0.69375 0.59921875 0.05234375 0.0265625
0 0.56015625 0.41640625 0.02890625 0.0375
1 0.18671875 0.42890625 0.0359375 0.1671875
0 0.29140625 0.24921875 0.1 0.046875
0 0.1203125 0.66328125 0.0234375 0.0296875
0 0.20234375 0.2859375 0.02734375 0.01875
0 0.171875 0.52734375 0.01875 0.01953125
0 0.04140625 0.39140625 0.0171875 0.01953125
0 0.0703125 0.6625 0.025 0.02890625
0 0.5671875 0.625 0.03359375 0.02265625
0 0.59921875 0.65546875 0.02890625 0.0203125
0 0.6171875 0.53359375 0.0171875 0.01015625
0 0.7390625 0.4984375 0.0265625 0.01484375
0 0.8421875 0.50625 0.0375 0.01484375
0 0.74765625 0.58515625 0.02734375 0.0265625
0 0.93359375 0.58984375 0.03125 0.01484375
0 0.00625 0.6734375 0.0125 0.0140625
0 0.03671875 0.771875 0.01875 0.0109375
0 0.025 0.75 0.0203125 0.0125
0 0.00390625 0.74453125 0.0078125 0.01796875
0 0.8453125 0.66953125 0.00859375 0.00546875
0 0.98828125 0.528125 0.0234375 0.021875
0 0.98515625 0.50390625 0.0296875 0.0265625
0 0.7546875 0.534375 0.0125 0.0078125
0 0.7203125 0.434375 0.03359375 0.0328125
0 0.71171875 0.41328125 0.0265625 0.03203125
0 0.70546875 0.39375 0.03359375 0.03359375
0 0.62109375 0.4328125 0.0125 0.0109375
0 0.58984375 0.3625 0.0109375 0.0125
0 0.5140625 0.41953125 0.0109375 0.0140625
0 0.8390625 0.33671875 0.02890625 0.021875
0 0.81484375 0.2453125 0.0296875 0.01953125
0 0.76875 0.2484375 0.02734375 0.096875
0 0.73984375 0.26953125 0.0171875 0.0296875
0 0.68984375 0.24765625 0.0328125 0.02734375
1 0.65703125 0.27890625 0.05625 0.14140625
1 0.5875 0.33359375 0.0671875 0.1875
1 0.51015625 0.3796875 0.10625 0.2015625
0 0.1375 0.3390625 0.02265625 0.0171875
0 0.0453125 0.35625 0.0203125 0.015625
0 0.0296875 0.325 0.0203125 0.01484375
0 0.00703125 0.315625 0.0140625 0.015625
0 0.21171875 0.35546875 0.0140625 0.01796875
0 0.21328125 0.375 0.0140625 0.01796875
0 0.0515625 0.53203125 0.01875 0.01875
0 0.05078125 0.5109375 0.01640625 0.021875
0 0.003125 0.540625 0.00625 0.00859375
0 0.01484375 0.52421875 0.0078125 0.00625
0 0.07421875 0.60546875 0.0328125 0.0234375
0 0.07890625 0.6796875 0.0140625 0.01328125
0 0.09453125 0.6625 0.0171875 0.034375
0 0.11171875 0.7859375 0.0328125 0.02265625
0 0.14921875 0.72890625 0.01015625 0.009375
0 0.36953125 0.703125 0.02265625 0.0109375
0 0.5796875 0.609375 0.0109375 0.00625
0 0.5015625 0.64375 0.0109375 0.00625