0 0.85390625 0.45 0.10390625 0.07890625
0 0.90234375 0.378125 0.10625 0.06953125
0 0.9640625 0.48671875 0.06015625 0.05546875
0 0.47578125 0.4921875 0.06015625 0.0984375
0 0.9484375 0.2796875 0.0765625 0.04296875
0 0.91328125 0.475 0.03359375 0.0375
0 0.8015625 0.5359375 0.05859375 0.0359375
0 0.64453125 0.6359375 0.0546875 0.0296875
0 0.60234375 0.6859375 0.05859375 0.01875
1 0.16484375 0.64921875 0.13125 0.21484375
0 0.08671875 0.44296875 0.03984375 0.03671875
0 0.3859375 0.56484375 0.06875 0.1046875
1 0.41015625 0.5875 0.0984375 0.15078125
0 0.08515625 0.5734375 0.03359375 0.0390625
0 0.10546875 0.46171875 0.03515625 0.0390625
0 0.834375 0.55078125 0.0453125 0.02734375
0 0.59609375 0.57265625 0.0375 0.06953125
0 0.6984375 0.58046875 0.0515625 0.025
0 0.0859375 0.3578125 0.04765625 0.02890625
0 0.709375 0.5296875 0.0359375 0.0609375
0 0.63984375 0.384375 0.02890625 0.08984375
0 0.6890625 0.60390625 0.05390625 0.02734375
0 0.5640625 0.4171875 0.0296875 0.03828125
1 0.190625 0.42109375 0.04375 0.16796875
0 0.303125 0.24453125 0.10234375 0.05
0 0.1125 0.653125 0.025 0.03125
0 0.2125 0.278125 0.02890625 0.01953125
0 0.1703125 0.51875 0.0203125 0.0203125
0 0.046875 0.3796875 0.01875 0.01953125
0 0.0625 0.65078125 0.0265625 0.0296875
0 0.5609375 0.62734375 0.03515625 0.0234375
0 0.5921875 0.6578125 0.0296875 0.021875
0 0.615625 0.53671875 0.0171875 0.01015625
0 0.7390625 0.5046875 0.02734375 0.015625
0 0.8421875 0.51484375 0.0390625 0.015625
0 0.74296875 0.59140625 0.02890625 0.02734375
0 0.9296875 0.60078125 0.0328125 0.015625
0 0.00234375 0.66015625 0.0046875 0.0140625
0 0.02421875 0.76015625 0.01875 0.0125
0 0.0140625 0.7375 0.0203125 0.01328125
0 0.83671875 0.67890625 0.00859375 0.00546875
0 0.9859375 0.540625 0.025 0.02265625
0 0.98515625 0.5171875 0.0296875 0.02734375
0 0.75234375 0.540625 0.0125 0.0078125
0 0.7234375 0.43984375 0.03515625 0.03359375
0 0.715625 0.41875 0.02734375 0.0328125
0 0.7109375 0.39921875 0.03515625 0.034375
0 0.62421875 0.4359375 0.0125 0.0109375
0 0.59609375 0.36484375 0.0109375 0.0109375
0 0.5171875 0.4203125 0.0125 0.0140625
0 0.846875 0.34609375 0.0296875 0.02265625
0 0.8265625 0.253125 0.03125 0.0203125
0 0.7796875 0.25546875 0.0328125 0.09765625
0 0.75078125 0.27578125 0.01875 0.0296875
0 0.7015625 0.253125 0.03359375 0.028125
1 0.6671875 0.2828125 0.0625 0.1421875
1 0.5953125 0.3359375 0.0765625 0.1890625
1 0.515625 0.38046875 0.11484375 0.2046875
0 0.1453125 0.3296875 0.0234375 0.01796875
0 0.0515625 0.34453125 0.02109375 0.0171875
0 0.03828125 0.3125 0.02109375 0.015625
0 0.015625 0.30234375 0.01484375 0.015625
0 0.21796875 0.3484375 0.01484375 0.01796875
0 0.21953125 0.36796875 0.0140625 0.01796875
0 0.05078125 0.5203125 0.0203125 0.01953125
0 0.05078125 0.49921875 0.0171875 0.021875
0 0.0015625 0.5265625 0.003125 0.009375
0 0.0140625 0.5109375 0.0078125 0.00625
0 0.0703125 0.59453125 0.03359375 0.02421875
0 0.0703125 0.66796875 0.0140625 0.01328125
0 0.08671875 0.6515625 0.01875 0.034375
0 0.0984375 0.77578125 0.03359375 0.0234375
0 0.1390625 0.71875 0.01015625 0.009375
0 0.36015625 0.7 0.02265625 0.0125
0 0.57421875 0.61171875 0.0109375 0.00625
0 0.49453125 0.64375 0.0109375 0.00625