0 0.85859375 0.478125 0.1125 0.08515625
0 0.9171875 0.41015625 0.11484375 0.0765625
0 0.9640625 0.5234375 0.06640625 0.059375
0 0.4765625 0.490625 0.07265625 0.10234375
0 0.9671875 0.315625 0.06484375 0.0484375
0 0.9140625 0.5078125 0.0390625 0.0390625
0 0.79453125 0.559375 0.0640625 0.0390625
0 0.62421875 0.646875 0.05859375 0.034375
0 0.5765625 0.69296875 0.06015625 0.02265625
1 0.1453125 0.62265625 0.16015625 0.221875
0 0.096875 0.41015625 0.0453125 0.0390625
0 0.378125 0.55546875 0.0828125 0.10859375
1 0.3984375 0.58046875 0.1171875 0.1578125
0 0.0765625 0.540625 0.0390625 0.04140625
0 0.1140625 0.43046875 0.03984375 0.04140625
0 0.825 0.5765625 0.0484375 0.03125
0 0.5859375 0.58046875 0.04609375 0.07109375
0 0.6859375 0.59609375 0.05390625 0.02890625
0 0.1078125 0.32578125 0.0515625 0.0328125
0 0.70390625 0.54609375 0.0453125 0.0625
0 0.6546875 0.39609375 0.04140625 0.090625
0 0.6734375 0.61796875 0.05625 0.03203125
0 0.575 0.4234375 0.03515625 0.040625
1 0.203125 0.396875 0.06640625 0.16875
0 0.33984375 0.23046875 0.1078125 0.05703125
0 0.09296875 0.621875 0.02890625 0.03203125
0 0.2453125 0.25703125 0.03125 0.021875
0 0.1703125 0.4921875 0.02265625 0.021875
0 0.065625 0.34453125 0.02109375 0.021875
0 0.04453125 0.615625 0.0296875 0.03125
0 0.54296875 0.63046875 0.0375 0.0265625
0 0.56953125 0.6640625 0.0328125 0.0234375
0 0.61015625 0.5453125 0.01875 0.0125
0 0.7375 0.5234375 0.02890625 0.01796875
0 0.83828125 0.54140625 0.03984375 0.01875
0 0.7296875 0.609375 0.0328125 0.02890625
0 0.91328125 0.634375 0.03359375 0.01796875
0 0.81015625 0.70390625 0.01015625 0.00625
0 0.978125 0.57890625 0.02734375 0.0234375
0 0.9796875 0.55546875 0.03359375 0.02890625
0 0.7453125 0.56015625 0.0140625 0.00859375
0 0.7296875 0.4578125 0.03984375 0.0359375
0 0.72578125 0.4359375 0.0328125 0.034375
0 0.7234375 0.41640625 0.03984375 0.03671875
0 0.6328125 0.44609375 0.01484375 0.0125
0 0.61484375 0.37265625 0.0140625 0.0125
0 0.52890625 0.421875 0.0140625 0.01484375
0 0.86640625 0.37421875 0.0328125 0.02421875
0 0.859375 0.28046875 0.03359375 0.02265625
0 0.81328125 0.27890625 0.0453125 0.0984375
0 0.78046875 0.296875 0.02265625 0.03203125
0 0.73515625 0.2703125 0.0375 0.0296875
1 0.69609375 0.29765625 0.0828125 0.14609375
1 0.6171875 0.34453125 0.1015625 0.19296875
1 0.53203125 0.38203125 0.1421875 0.2109375
0 0.1703125 0.303125 0.025 0.01875
0 0.0765625 0.31015625 0.02265625 0.01796875
0 0.06640625 0.27734375 0.02265625 0.0171875
0 0.04609375 0.265625 0.01640625 0.0171875
0 0.240625 0.32734375 0.0171875 0.01875
0 0.2390625 0.346875 0.01640625 0.01875
0 0.05 0.48515625 0.02265625 0.0203125
0 0.053125 0.4640625 0.0203125 0.0234375
0 0.0015625 0.4875 0.003125 0.009375
0 0.01484375 0.4734375 0.00859375 0.0078125
0 0.05859375 0.56015625 0.0359375 0.0265625
0 0.04921875 0.63359375 0.01640625 0.0140625
0 0.06796875 0.61796875 0.0234375 0.03671875
0 0.0625 0.74296875 0.0359375 0.025
0 0.1109375 0.6890625 0.0109375 0.01015625
0 0.3328125 0.68828125 0.0234375 0.01328125
0 0.5578125 0.61640625 0.0125 0.0078125
0 0.47421875 0.6421875 0.0125 0.0078125