0 0.60390625 0.6015625 0.09765625 0.065625
0 0.0734375 0.28515625 0.11875 0.1140625
0 0.9234375 0.3375 0.14140625 0.1078125
0 0.2953125 0.80390625 0.0765625 0.05078125
0 0.1953125 0.1765625 0.05 0.03359375
0 0.5453125 0.628125 0.0625 0.05703125
0 0.3078125 0.5578125 0.04609375 0.03359375
0 0.8796875 0.8625 0.04375 0.03203125
0 0.0921875 0.35390625 0.05 0.03203125
1 0.55234375 0.40234375 0.1375 0.14609375
0 0.3328125 0.746875 0.0703125 0.05234375
0 0.25078125 0.734375 0.06640625 0.05078125
0 0.575 0.41171875 0.05 0.0546875
0 0.13125 0.221875 0.22265625 0.11875
0 0.0171875 0.69765625 0.03359375 0.0265625
0 0.2234375 0.5015625 0.02265625 0.01875
0 0.05859375 0.38984375 0.0296875 0.028125
0 0.0703125 0.1296875 0.0328125 0.02734375
0 0.53046875 0.3046875 0.025 0.01875
0 0.5859375 0.8234375 0.0296875 0.0234375
0 0.775 0.19375 0.17265625 0.11875
0 0.734375 0.265625 0.3234375 0.14140625
0 0.6359375 0.17421875 0.10234375 0.0890625
0 0.85859375 0.17578125 0.08515625 0.06953125
0 0.94453125 0.259375 0.1109375 0.228125
0 0.5703125 0.6765625 0.04140625 0.0296875
1 0.203125 0.71328125 0.40625 0.19140625
1 0.4484375 0.69140625 0.33515625 0.3765625
1 0.74921875 0.7203125 0.49140625 0.35859375
1 0.7421875 0.71875 0.4296875 0.35234375