0 0.44609375 0.16328125 0.0953125 0.05234375
0 0.3078125 0.22109375 0.0609375 0.0609375
0 0.78203125 0.82421875 0.0578125 0.04375
0 0.62890625 0.69609375 0.08515625 0.053125
0 0.48828125 0.68046875 0.01875 0.0140625
0 0.1984375 0.1609375 0.03984375 0.02734375
0 0.596875 0.2109375 0.0765625 0.025
0 0.11640625 0.26484375 0.0390625 0.025
0 0.6640625 0.75078125 0.0765625 0.0515625
0 0.68828125 0.2828125 0.05625 0.03359375
0 0.2984375 0.515625 0.0203125 0.015625
0 0.13671875 0.51015625 0.01640625 0.01484375
1 0.43515625 0.62578125 0.2875 0.2
0 0.434375 0.590625 0.0171875 0.01796875
0 0.4953125 0.365625 0.0390625 0.02265625
0 0.8328125 0.38828125 0.04375 0.0140625
0 0.6515625 0.71015625 0.05390625 0.0375
0 0.7875 0.778125 0.0421875 0.02734375
0 0.775 0.71875 0.01640625 0.01328125
0 0.94765625 0.76796875 0.05859375 0.01953125
0 0.93125 0.8828125 0.04375 0.02890625
0 0.259375 0.8140625 0.0171875 0.0109375
0 0.3734375 0.74375 0.01875 0.015625
0 0.39609375 0.7265625 0.0453125 0.025
0 0.43515625 0.703125 0.07890625 0.03203125
0 0.5796875 0.553125 0.0125 0.009375
0 0.5625 0.546875 0.0125 0.00546875
0 0.6109375 0.51484375 0.03984375 0.01015625
0 0.68203125 0.55078125 0.0796875 0.0109375
0 0.375 0.45546875 0.0140625 0.01015625
0 0.39765625 0.43046875 0.07265625 0.046875
0 0.41171875 0.25625 0.06640625 0.07421875
0 0.4515625 0.284375 0.05625 0.05703125
0 0.678125 0.1421875 0.01640625 0.0125
0 0.73203125 0.14921875 0.01875 0.01328125
0 0.74765625 0.22109375 0.0359375 0.02890625
0 0.86015625 0.21953125 0.0421875 0.02890625
0 0.9625 0.384375 0.0453125 0.0265625
1 0.84296875 0.45078125 0.1109375 0.1234375
1 0.7640625 0.33671875 0.2359375 0.11875
1 0.67421875 0.44921875 0.15390625 0.1921875
1 0.66171875 0.5109375 0.1640625 0.0828125
1 0.6375 0.4875 0.2140625 0.13671875
1 0.453125 0.45078125 0.2890625 0.2078125
1 0.48359375 0.571875 0.1875 0.0796875