0 0.53984375 0.675 0.0578125 0.03671875
0 0.525 0.5453125 0.0546875 0.040625
0 0.16015625 0.434375 0.0890625 0.0390625
0 0.6390625 0.55 0.06484375 0.0609375
0 0.72265625 0.29609375 0.0734375 0.03125
0 0.3859375 0.5015625 0.04609375 0.03125
0 0.31484375 0.26875 0.04609375 0.028125
0 0.57421875 0.53828125 0.0671875 0.05546875
0 0.9203125 0.60859375 0.04609375 0.059375
0 0.5328125 0.58046875 0.0515625 0.0234375
0 0.5671875 0.6453125 0.06640625 0.05390625
0 0.0359375 0.53671875 0.07109375 0.08203125
0 0.16015625 0.27578125 0.03515625 0.059375
0 0.6125 0.52890625 0.05390625 0.059375
0 0.134375 0.3078125 0.0328125 0.06015625
1 0.0828125 0.459375 0.16484375 0.0640625
0 0.6265625 0.60078125 0.0484375 0.03671875
0 0.91171875 0.2484375 0.03359375 0.034375
0 0.0109375 0.60625 0.021875 0.0375
0 0.1421875 0.2734375 0.0109375 0.0125
0 0.128125 0.271875 0.01484375 0.01328125
0 0.26015625 0.23671875 0.0140625 0.0109375
0 0.246875 0.2421875 0.0171875 0.028125
0 0.4796875 0.31640625 0.025 0.03828125
0 0.4109375 0.278125 0.0265625 0.02265625
0 0.4625 0.31953125 0.01875 0.0140625
0 0.55 0.28671875 0.02109375 0.0109375
0 0.57421875 0.315625 0.0109375 0.0078125
0 0.6953125 0.29453125 0.0125 0.01953125
0 0.8375 0.3203125 0.0234375 0.021875
0 0.7796875 0.296875 0.01875 0.0125
0 0.0984375 0.3578125 0.01484375 0.0109375
0 0.20546875 0.4359375 0.0140625 0.009375
0 0.5140625 0.45703125 0.02890625 0.03671875
0 0.52265625 0.5984375 0.0265625 0.0171875
0 0.45390625 0.57734375 0.02890625 0.01953125
0 0.6203125 0.48203125 0.02265625 0.01796875
0 0.5390625 0.37265625 0.02890625 0.01484375
0 0.62265625 0.44765625 0.0140625 0.01484375
0 0.5265625 0.3796875 0.0296875 0.015625
0 0.64921875 0.4765625 0.03515625 0.0140625
0 0.64140625 0.46640625 0.03359375 0.01484375
0 0.4859375 0.471875 0.0171875 0.0125
0 0.553125 0.33828125 0.0140625 0.0109375
0 0.56796875 0.35859375 0.00859375 0.01484375
0 0.59453125 0.42421875 0.01015625 0.01328125
0 0.771875 0.51484375 0.0390625 0.02734375
0 0.8359375 0.3828125 0.02265625 0.01953125
0 0.79609375 0.39375 0.02109375 0.0171875
0 0.65625 0.65703125 0.0234375 0.0171875
0 0.71953125 0.3703125 0.0125 0.00625
0 0.66875 0.62578125 0.01484375 0.01015625
0 0.703125 0.5 0.01484375 0.0109375
0 0.7421875 0.57109375 0.0125 0.0078125
0 0.709375 0.4359375 0.01015625 0.01328125
0 0.7265625 0.37578125 0.01015625 0.00625
0 0.73828125 0.37890625 0.01015625 0.0125
0 0.740625 0.58515625 0.0140625 0.0078125
0 0.7046875 0.4125 0.0125 0.0078125
0 0.609375 0.6953125 0.01640625 0.0109375
0 0.6546875 0.69296875 0.0234375 0.01796875
0 0.7421875 0.8078125 0.01875 0.0140625
0 0.0140625 0.6796875 0.028125 0.05
0 0.64296875 0.6734375 0.00859375 0.015625
0 0.59296875 0.6265625 0.06015625 0.0484375
0 0.59453125 0.5703125 0.0484375 0.02734375
0 0.56328125 0.3546875 0.00625 0.009375
0 0.22109375 0.23203125 0.01484375 0.00546875
0 0.221875 0.22734375 0.0203125 0.00859375
0 0.2078125 0.234375 0.0109375 0.01015625
0 0.19140625 0.21796875 0.0265625 0.021875
0 0.02578125 0.3296875 0.0046875 0.009375