0 0.56796875 0.66953125 0.05234375 0.03203125
0 0.53203125 0.54296875 0.05 0.0359375
0 0.1515625 0.465625 0.08359375 0.03203125
0 0.64609375 0.53671875 0.05625 0.05625
0 0.6875 0.27734375 0.0703125 0.02421875
0 0.3875 0.5125 0.0421875 0.02734375
0 0.27890625 0.2875 0.0421875 0.02421875
0 0.5796875 0.53125 0.06015625 0.05078125
0 0.93515625 0.56875 0.0375 0.05625
0 0.5453125 0.5765625 0.0484375 0.01875
0 0.590625 0.63828125 0.05859375 0.0484375
0 0.0375 0.5796875 0.075 0.075
0 0.1265625 0.30859375 0.0265625 0.05703125
0 0.61640625 0.51796875 0.0453125 0.05546875
0 0.10546875 0.34296875 0.0234375 0.05859375
1 0.07890625 0.4984375 0.1578125 0.05
0 0.6421875 0.58828125 0.04375 0.0328125
0 0.86796875 0.21328125 0.02890625 0.03203125
0 0.0203125 0.65234375 0.040625 0.0328125
0 0.1078125 0.3078125 0.01015625 0.0109375
0 0.09375 0.3078125 0.0125 0.0125
0 0.21875 0.2609375 0.0125 0.01015625
0 0.20703125 0.2671875 0.0140625 0.02734375
0 0.45078125 0.31953125 0.01875 0.03671875
0 0.3765625 0.28828125 0.02265625 0.0203125
0 0.43359375 0.32421875 0.0171875 0.0125
0 0.51484375 0.28359375 0.0203125 0.009375
0 0.54375 0.31015625 0.01015625 0.00625
0 0.66015625 0.278125 0.01015625 0.01875
0 0.80546875 0.290625 0.02109375 0.01953125
0 0.7453125 0.27265625 0.0171875 0.01015625
0 0.078125 0.39609375 0.0140625 0.01015625
0 0.19765625 0.46328125 0.0125 0.00859375
0 0.50703125 0.45625 0.0234375 0.034375
0 0.53828125 0.5953125 0.0234375 0.01484375
0 0.4671875 0.58046875 0.0265625 0.01796875
0 0.61640625 0.47109375 0.0203125 0.015625
0 0.51796875 0.36953125 0.02734375 0.0125
0 0.61328125 0.43671875 0.0109375 0.0140625
0 0.5078125 0.378125 0.02734375 0.01328125
0 0.64453125 0.46328125 0.03359375 0.0109375
0 0.63515625 0.45390625 0.0328125 0.0125
0 0.48203125 0.4734375 0.01640625 0.0109375
0 0.5265625 0.334375 0.0125 0.01015625
0 0.54453125 0.353125 0.00625 0.01484375
0 0.58125 0.41640625 0.0078125 0.0125
0 0.77265625 0.48984375 0.03515625 0.02421875
0 0.8140625 0.35234375 0.0203125 0.01796875
0 0.7765625 0.3671875 0.01875 0.01484375
0 0.68046875 0.64140625 0.02109375 0.01484375
0 0.696875 0.3515625 0.0109375 0.00546875
0 0.68828125 0.609375 0.0140625 0.009375
0 0.7015625 0.48125 0.0140625 0.01015625
0 0.7515625 0.5484375 0.0109375 0.00625
0 0.69765625 0.4171875 0.0078125 0.0125
0 0.7046875 0.35625 0.00859375 0.00546875
0 0.7171875 0.3578125 0.00859375 0.0109375
0 0.75234375 0.56328125 0.0125 0.00625
0 0.6890625 0.39375 0.0109375 0.00625
0 0.63984375 0.684375 0.01484375 0.01015625
0 0.684375 0.67734375 0.02109375 0.015625
0 0.78984375 0.78359375 0.0171875 0.0125
0 0.0296875 0.725 0.05859375 0.0453125
0 0.6703125 0.65859375 0.00625 0.015625
0 0.61328125 0.6171875 0.05390625 0.04375
0 0.6046875 0.5609375 0.0453125 0.0234375
0 0.5390625 0.35 0.0046875 0.009375
0 0.1796875 0.26015625 0.0140625 0.0046875
0 0.1796875 0.2546875 0.01875 0.00625
0 0.1671875 0.26328125 0.01015625 0.009375
0 0.14765625 0.2484375 0.0234375 0.01953125
0 0.0015625 0.375 0.003125 0.009375