0 0.7203125 0.43671875 0.04609375 0.04140625
0 0.5546875 0.4734375 0.0515625 0.040625
0 0.47890625 0.76328125 0.0484375 0.06484375
0 0.5390625 0.3875 0.07890625 0.04609375
0 0.190625 0.375 0.0375 0.0546875
0 0.5234375 0.58359375 0.0390625 0.03359375
0 0.2328125 0.68046875 0.03515625 0.03359375
0 0.5359375 0.43828125 0.07109375 0.0484375
0 0.5609375 0.16875 0.07734375 0.03203125
0 0.5984375 0.4609375 0.02890625 0.0375
0 0.6765625 0.42265625 0.06875 0.04765625
0 0.6375 0.840625 0.1046875 0.0609375
0 0.27265625 0.79375 0.07734375 0.0234375
0 0.51640625 0.41171875 0.0765625 0.0375
0 0.31875 0.80625 0.07890625 0.021875
1 0.5265625 0.815625 0.07734375 0.12109375
0 0.6078125 0.3875 0.04609375 0.034375
0 0.09296875 0.24375 0.0453125 0.0234375
0 0.7359375 0.8484375 0.04609375 0.0328125
0 0.27265625 0.8078125 0.01640625 0.00859375
0 0.27265625 0.81796875 0.0171875 0.01015625
0 0.2015625 0.72734375 0.01484375 0.01015625
0 0.2109375 0.7359375 0.0375 0.0125
0 0.2640625 0.55 0.05 0.0171875
0 0.22734375 0.6078125 0.02890625 0.01796875
0 0.27109375 0.56171875 0.0171875 0.0140625
0 0.2109375 0.50390625 0.0140625 0.015625
0 0.2453125 0.48046875 0.01015625 0.0078125
0 0.19375 0.39609375 0.0265625 0.00859375
0 0.20078125 0.28515625 0.02734375 0.0171875
0 0.18125 0.33203125 0.01484375 0.0140625
0 0.39140625 0.8234375 0.01484375 0.0109375
0 0.47265625 0.72890625 0.0125 0.01015625
0 0.440625 0.4984375 0.04765625 0.0203125
0 0.6234375 0.46484375 0.02109375 0.01875
0 0.609375 0.51953125 0.025 0.0203125
0 0.453125 0.41484375 0.02265625 0.015625
0 0.32578125 0.4953125 0.01875 0.021875
0 0.40859375 0.41953125 0.0203125 0.009375
0 0.33828125 0.503125 0.0203125 0.021875
0 0.440625 0.39453125 0.0171875 0.0265625
0 0.4296875 0.4015625 0.01875 0.025
0 0.465625 0.515625 0.01640625 0.01328125
0 0.27890625 0.4921875 0.01484375 0.01015625
0 0.3015625 0.47734375 0.0203125 0.00546875
0 0.3828125 0.4453125 0.01640625 0.00625
0 0.46796875 0.296875 0.03515625 0.028125
0 0.2828125 0.275 0.025 0.015625
0 0.3046875 0.3015625 0.02109375 0.01484375
0 0.675 0.3546875 0.02109375 0.0171875
0 0.2890625 0.36328125 0.00859375 0.00859375
0 0.63203125 0.3515625 0.0140625 0.0109375
0 0.4609375 0.35 0.01484375 0.0109375
0 0.54765625 0.3078125 0.01015625 0.00859375
0 0.3765625 0.3578125 0.01640625 0.00625
0 0.29453125 0.35703125 0.0078125 0.00625
0 0.29609375 0.34765625 0.01484375 0.0078125
0 0.565625 0.30625 0.01015625 0.009375
0 0.3453125 0.365625 0.01015625 0.00859375
0 0.734375 0.38203125 0.01484375 0.0125
0 0.7234375 0.34921875 0.02265625 0.0171875
0 0.85625 0.26328125 0.0171875 0.0140625
0 0.83125 0.83671875 0.0640625 0.046875
0 0.6984375 0.36171875 0.02109375 0.00546875
0 0.64765625 0.40703125 0.0625 0.04296875
0 0.5734375 0.4171875 0.03359375 0.0359375
0 0.2984375 0.48046875 0.0125 0.0046875
0 0.20390625 0.75625 0.0078125 0.01015625
0 0.196875 0.75703125 0.01015625 0.0140625
0 0.2078125 0.76640625 0.0140625 0.00859375
0 0.190625 0.78203125 0.02734375 0.01875
0 0.36796875 0.88203125 0.0125 0.00390625