0 0.53359375 0.30390625 0.1140625 0.1015625
0 0.17421875 0.59453125 0.0546875 0.0375
0 0.3828125 0.24296875 0.09765625 0.0671875
1 0.7109375 0.32265625 0.13984375 0.1109375
1 0.42109375 0.309375 0.08515625 0.071875
0 0.4625 0.72890625 0.0484375 0.02890625
0 0.15703125 0.74921875 0.0578125 0.03828125
0 0.1796875 0.7734375 0.04765625 0.0328125
0 0.57734375 0.79921875 0.04140625 0.0421875
1 0.3359375 0.371875 0.1265625 0.10625
0 0.2953125 0.53125 0.04765625 0.0328125
0 0.1328125 0.7234375 0.04375 0.03203125
0 0.2296875 0.796875 0.0546875 0.046875
0 0.33359375 0.640625 0.05390625 0.028125
0 0.66953125 0.6359375 0.04765625 0.03828125
1 0.34140625 0.48203125 0.0515625 0.040625
0 0.0125 0.65078125 0.025 0.03359375
1 0.6203125 0.3953125 0.25859375 0.0984375
0 0.1015625 0.65 0.05 0.0359375
0 0.2609375 0.67890625 0.05 0.03828125
0 0.3765625 0.7046875 0.04140625 0.03671875
0 0.3796875 0.29375 0.1171875 0.1046875
1 0.56484375 0.45703125 0.2625 0.09921875
0 0.78828125 0.353125 0.025 0.02265625
0 0.7890625 0.2921875 0.01875 0.0140625
0 0.7671875 0.43359375 0.0171875 0.01328125
0 0.7546875 0.46640625 0.0234375 0.01484375
0 0.678125 0.35546875 0.0359375 0.0203125
0 0.64609375 0.246875 0.03125 0.021875
0 0.625 0.21953125 0.0234375 0.01796875
0 0.521875 0.25 0.0234375 0.0140625
0 0.51328125 0.23515625 0.0328125 0.01953125
0 0.6625 0.2515625 0.0234375 0.0171875
0 0.71953125 0.3234375 0.0125 0.009375
0 0.45703125 0.346875 0.0171875 0.0125
0 0.6265625 0.5125 0.02890625 0.0203125
0 0.5765625 0.625 0.02109375 0.015625
0 0.4296875 0.50234375 0.02734375 0.0390625
0 0.4078125 0.5640625 0.02265625 0.021875
0 0.7109375 0.48359375 0.0265625 0.02265625
0 0.55390625 0.62109375 0.02109375 0.01796875
0 0.375 0.58125 0.0109375 0.009375
0 0.296875 0.5546875 0.0328125 0.01953125
0 0.46015625 0.4015625 0.01640625 0.0109375
0 0.3515625 0.3890625 0.0140625 0.01015625
0 0.271875 0.54765625 0.03515625 0.0234375
0 0.4171875 0.48203125 0.02734375 0.04765625
0 0.41484375 0.628125 0.03359375 0.025
0 0.490625 0.646875 0.0453125 0.02421875
0 0.54453125 0.65078125 0.02890625 0.02734375
0 0.5796875 0.878125 0.0296875 0.0265625
0 0.4109375 0.70546875 0.03984375 0.0265625
0 0.2671875 0.71015625 0.01875 0.015625
0 0.25078125 0.81796875 0.0203125 0.01484375
0 0.24375 0.64921875 0.01484375 0.0125
0 0.228125 0.5625 0.0375 0.0296875
0 0.0296875 0.540625 0.02109375 0.015625
0 0.11796875 0.56953125 0.01875 0.01328125
0 0.0546875 0.56484375 0.02265625 0.0171875
0 0.0140625 0.55078125 0.01484375 0.01796875
0 0.06328125 0.5859375 0.01484375 0.0171875
0 0.37265625 0.6375 0.04765625 0.0265625
0 0.7546875 0.45390625 0.03125 0.01484375
0 0.45546875 0.290625 0.01015625 0.0125
0 0.42109375 0.29609375 0.0109375 0.0078125
0 0.36875 0.10703125 0.01015625 0.0078125