0 0.46015625 0.30390625 0.10625 0.096875
0 0.221875 0.6578125 0.05234375 0.0359375
0 0.29375 0.27734375 0.0921875 0.0640625
1 0.6375 0.2859375 0.1328125 0.1046875
1 0.35390625 0.3328125 0.0796875 0.06953125
0 0.5484375 0.728125 0.04609375 0.02734375
0 0.26171875 0.809375 0.0546875 0.0359375
0 0.2921875 0.8296875 0.0453125 0.03125
0 0.684375 0.77109375 0.0375 0.040625
1 0.29453125 0.41015625 0.11875 0.1015625
0 0.3140625 0.571875 0.0453125 0.03125
0 0.2296875 0.790625 0.04140625 0.0296875
0 0.34921875 0.84140625 0.0515625 0.0453125
0 0.3921875 0.66953125 0.0515625 0.0265625
0 0.7125 0.59609375 0.0453125 0.03671875
1 0.340625 0.515625 0.0484375 0.0375
0 0.07578125 0.74765625 0.04609375 0.03203125
1 0.5765625 0.375 0.2546875 0.0859375
0 0.17265625 0.7265625 0.04765625 0.0328125
0 0.3359375 0.72109375 0.04765625 0.03671875
0 0.45625 0.721875 0.0390625 0.0359375
0 0.309375 0.3265625 0.11015625 0.1015625
1 0.546875 0.4453125 0.25859375 0.0875
0 0.7234375 0.29921875 0.0234375 0.021875
0 0.7015625 0.240625 0.0171875 0.01328125
0 0.7328125 0.38125 0.01640625 0.0125
0 0.73203125 0.41484375 0.02265625 0.0140625
0 0.61796875 0.3234375 0.03515625 0.01953125
0 0.54765625 0.2265625 0.0296875 0.01953125
0 0.5171875 0.2046875 0.02265625 0.0171875
0 0.4296875 0.2546875 0.02265625 0.01328125
0 0.41484375 0.2421875 0.03125 0.01796875
0 0.56484375 0.228125 0.02265625 0.015625
0 0.6453125 0.28515625 0.0125 0.009375
0 0.4015625 0.3625 0.01640625 0.0109375
0 0.6265625 0.4859375 0.02734375 0.01953125
0 0.61875 0.60390625 0.0203125 0.01484375
0 0.4328125 0.51640625 0.0234375 0.03828125
0 0.434375 0.58125 0.02109375 0.0203125
0 0.696875 0.440625 0.025 0.021875
0 0.5953125 0.6046875 0.0203125 0.0171875
0 0.409375 0.60390625 0.0109375 0.009375
0 0.325 0.59453125 0.03125 0.01796875
0 0.425 0.4140625 0.01484375 0.01015625
0 0.315625 0.42421875 0.0125 0.01015625
0 0.2984375 0.59296875 0.03359375 0.021875
0 0.4140625 0.49921875 0.0234375 0.046875
0 0.465625 0.640625 0.03125 0.0234375
0 0.5453125 0.64296875 0.04375 0.02265625
0 0.5984375 0.63515625 0.02734375 0.0265625
0 0.71484375 0.846875 0.02890625 0.025
0 0.4890625 0.715625 0.0375 0.025
0 0.3546875 0.75 0.0171875 0.01484375
0 0.37734375 0.8578125 0.01875 0.0140625
0 0.30859375 0.69609375 0.0140625 0.0109375
0 0.26171875 0.615625 0.0359375 0.02890625
0 0.0625 0.6359375 0.0203125 0.01484375
0 0.1578125 0.64609375 0.0171875 0.0125
0 0.09609375 0.6546875 0.02109375 0.015625
0 0.0515625 0.64921875 0.0140625 0.01796875
0 0.11171875 0.6734375 0.0140625 0.0171875
0 0.428125 0.65859375 0.04609375 0.02421875
0 0.728125 0.403125 0.0296875 0.01328125
0 0.38046875 0.30859375 0.00859375 0.0125
0 0.34921875 0.3203125 0.0109375 0.0078125
0 0.22890625 0.14921875 0.01015625 0.0078125