0 0.2359375 0.509375 0.1203125 0.0703125
0 0.6796875 0.72421875 0.0421875 0.03671875
0 0.1828125 0.63046875 0.0765625 0.0640625
1 0.23046875 0.375 0.12890625 0.08984375
1 0.26328125 0.59140625 0.08515625 0.053125
0 0.80703125 0.4875 0.03125 0.0328125
0 0.8859375 0.71015625 0.0421875 0.03828125
0 0.91484375 0.6890625 0.0375 0.03125
0 0.8796875 0.390625 0.0515625 0.02421875
1 0.36015625 0.64375 0.125 0.0796875
0 0.5765625 0.64609375 0.0375 0.03125
0 0.85703125 0.73203125 0.0359375 0.028125
0 0.9375 0.6484375 0.0546875 0.034375
0 0.7140625 0.5984375 0.0296875 0.03671875
0 0.64921875 0.3515625 0.0453125 0.0296875
1 0.50390625 0.6203125 0.04609375 0.0328125
0 0.784375 0.8421875 0.0390625 0.03203125
1 0.3421875 0.4296875 0.08984375 0.1859375
0 0.76640625 0.76796875 0.03984375 0.0328125
0 0.7765625 0.64609375 0.0453125 0.03203125
0 0.78984375 0.55546875 0.04375 0.025
0 0.25 0.62421875 0.125 0.0734375
1 0.4328125 0.459375 0.08984375 0.18828125
0 0.25703125 0.3125 0.0265625 0.015625
0 0.1765625 0.32265625 0.01640625 0.0125
0 0.36640625 0.3140625 0.01484375 0.0109375
0 0.4109375 0.31796875 0.01640625 0.015625
0 0.27890625 0.39375 0.02265625 0.02421875
0 0.1421875 0.4359375 0.0234375 0.0203125
0 0.11015625 0.45625 0.0203125 0.01484375
0 0.1671875 0.52734375 0.01484375 0.015625
0 0.14921875 0.53671875 0.02109375 0.021875
0 0.1453125 0.4234375 0.01875 0.015625
0 0.23046875 0.36875 0.0109375 0.00859375
0 0.30703125 0.55859375 0.0140625 0.0109375
0 0.49453125 0.40390625 0.0234375 0.01875
0 0.65078125 0.421875 0.01875 0.0140625
0 0.51484375 0.5515625 0.05 0.0140625
0 0.60078125 0.55703125 0.0265625 0.0140625
0 0.4421875 0.346875 0.0265625 0.0171875
0 0.64921875 0.43984375 0.02109375 0.01328125
0 0.628125 0.578125 0.0109375 0.0078125
0 0.60703125 0.640625 0.02109375 0.021875
0 0.37734375 0.546875 0.0125 0.01015625
0 0.3796875 0.6296875 0.0125 0.00859375
0 0.6015625 0.66015625 0.0265625 0.0234375
0 0.490625 0.5640625 0.0609375 0.01328125
0 0.6828125 0.540625 0.02890625 0.021875
0 0.69453125 0.48125 0.0265625 0.03125
0 0.68984375 0.440625 0.0328125 0.01796875
0 0.9828125 0.37578125 0.03125 0.01875
0 0.78515625 0.53046875 0.0296875 0.0265625
0 0.8171875 0.63515625 0.01875 0.0125
0 0.9609375 0.62890625 0.0171875 0.01328125
0 0.740625 0.66328125 0.0140625 0.009375
0 0.62890625 0.68984375 0.03515625 0.02421875
0 0.634375 0.83984375 0.01875 0.0140625
0 0.6578125 0.76953125 0.01484375 0.0125
0 0.66328125 0.8171875 0.01875 0.01484375
0 0.6515625 0.84921875 0.02265625 0.00859375
0 0.6890625 0.80703125 0.02109375 0.00859375
0 0.70234375 0.5703125 0.02734375 0.0328125
0 0.3953125 0.31953125 0.01484375 0.021875
0 0.23359375 0.56875 0.01484375 0.00546875
0 0.24609375 0.59375 0.00859375 0.0078125
0 0.00625 0.665625 0.00859375 0.00625