0 0.8671875 0.8 0.11640625 0.0328125
0 0.04296875 0.4859375 0.02734375 0.01796875
0 0.51328125 0.8328125 0.04765625 0.05546875
0 0.0671875 0.20078125 0.0265625 0.01796875
0 0.1328125 0.8578125 0.0234375 0.015625
0 0.9859375 0.40703125 0.0125 0.01328125
0 0.47734375 0.8125 0.05 0.05078125
0 0.13046875 0.653125 0.0265625 0.01875
0 0.29765625 0.5859375 0.03515625 0.02421875
0 0.44140625 0.6 0.0328125 0.02421875
0 0.63671875 0.65703125 0.0203125 0.01484375
0 0.7515625 0.72890625 0.01875 0.0140625
0 0.3828125 0.19921875 0.1390625 0.06875
0 0.27890625 0.8625 0.0265625 0.01875
0 0.31953125 0.5578125 0.03359375 0.03828125
0 0.56015625 0.5609375 0.0421875 0.03671875
0 0.9875 0.39609375 0.00625 0.00859375
0 0.98515625 0.52890625 0.0296875 0.0265625
0 0.934375 0.62578125 0.0171875 0.01015625
0 0.9484375 0.64765625 0.01484375 0.009375
0 0.93515625 0.6609375 0.01640625 0.0125
0 0.9421875 0.67265625 0.01640625 0.0125
0 0.9859375 0.7375 0.02734375 0.0328125
0 0.8625 0.5578125 0.025 0.01875
0 0.85859375 0.5484375 0.0296875 0.015625
0 0.58828125 0.571875 0.02109375 0.0203125
0 0.53359375 0.58984375 0.01640625 0.01328125
0 0.4828125 0.6140625 0.0390625 0.03203125
0 0.49921875 0.5578125 0.01484375 0.0125
0 0.43203125 0.44921875 0.02109375 0.01875
0 0.48125 0.421875 0.0171875 0.01484375
0 0.48671875 0.40703125 0.0140625 0.01484375
0 0.4703125 0.55703125 0.05390625 0.0796875
1 0.48671875 0.50703125 0.22734375 0.23515625
0 0.31484375 0.7171875 0.02109375 0.0140625
1 0.28125 0.64375 0.15234375 0.22109375
0 0.14375 0.2375 0.025 0.01796875
0 0.29765625 0.2671875 0.02265625 0.0203125
0 0.25078125 0.1703125 0.025 0.0125
0 0.4109375 0.20546875 0.025 0.0234375
0 0.42421875 0.25 0.01875 0.0171875
0 0.4375 0.24140625 0.0328125 0.021875
0 0.3046875 0.15625 0.19609375 0.05234375
0 0.615625 0.309375 0.02265625 0.01484375
0 0.6796875 0.2078125 0.0234375 0.0125
0 0.67421875 0.19296875 0.0171875 0.0109375
0 0.6703125 0.20078125 0.0109375 0.00546875
0 0.85390625 0.415625 0.01640625 0.01015625
0 0.8359375 0.41484375 0.0203125 0.009375
0 0.8359375 0.4078125 0.01875 0.009375