0 0.93125 0.2515625 0.03359375 0.08515625
0 0.44140625 0.83984375 0.02109375 0.01953125
0 0.94296875 0.51953125 0.0703125 0.03125
0 0.0640625 0.796875 0.02109375 0.01875
0 0.94296875 0.8046875 0.01875 0.0171875
0 0.41875 0.125 0.01640625 0.0171875
0 0.33984375 0.0578125 0.0359375 0.03828125
0 0.1296875 0.05078125 0.03984375 0.01953125
0 0.91328125 0.54375 0.0640625 0.03359375
0 0.67109375 0.7890625 0.02265625 0.01875
0 0.596875 0.65859375 0.0296875 0.02421875
0 0.628125 0.55234375 0.0296875 0.02265625
0 0.7203125 0.41171875 0.01875 0.0140625
0 0.82578125 0.33203125 0.0171875 0.01328125
0 0.08984375 0.5609375 0.0796875 0.09921875
0 0.96171875 0.696875 0.02265625 0.01875
0 0.5609375 0.63984375 0.0484375 0.02265625
0 0.5859375 0.4609375 0.0453125 0.02890625
0 0.40546875 0.12265625 0.0109375 0.0109375
0 0.5828125 0.13046875 0.03359375 0.03671875
0 0.70546875 0.18671875 0.0125 0.0125
0 0.73515625 0.178125 0.0109375 0.01015625
0 0.7515625 0.1890625 0.01484375 0.0109375
0 0.7671875 0.18515625 0.01484375 0.0109375
0 0.85859375 0.1484375 0.03984375 0.0359375
0 0.60859375 0.234375 0.02265625 0.01796875
0 0.59609375 0.2359375 0.01875 0.021875
0 0.60390625 0.440625 0.0265625 0.0140625
0 0.62265625 0.4828125 0.01640625 0.0109375
0 0.65 0.52265625 0.03984375 0.0265625
0 0.5765625 0.50546875 0.01484375 0.01015625
0 0.4265625 0.54609375 0.0234375 0.0140625
0 0.3953125 0.50703125 0.01875 0.0125
0 0.37578125 0.5015625 0.01875 0.009375
0 0.57265625 0.5265625 0.10234375 0.03359375
1 0.5078125 0.51015625 0.29765625 0.1515625
0 0.771875 0.65703125 0.0171875 0.01484375
1 0.671875 0.67578125 0.28515625 0.096875
0 0.25546875 0.88359375 0.01875 0.0125
0 0.1203125 0.74296875 0.02109375 0.01796875
0 0.1734375 0.63046875 0.0265625 0.01484375
0 0.040625 0.6578125 0.0140625 0.01796875
0 0.1015625 0.540625 0.0296875 0.0171875
0 0.1609375 0.534375 0.02109375 0.01328125
0 0.15078125 0.52421875 0.0265625 0.02265625
0 0.0265625 0.615625 0.053125 0.14375
0 0.2578125 0.396875 0.01875 0.015625
0 0.1265625 0.33984375 0.0140625 0.0171875
0 0.1078125 0.34296875 0.0140625 0.0125
0 0.1171875 0.346875 0.00625 0.00859375
0 0.41875 0.228125 0.0125 0.0109375
0 0.4171875 0.24140625 0.0109375 0.0140625
0 0.40703125 0.240625 0.0109375 0.01328125