0 0.93671875 0.25703125 0.0359375 0.08515625
0 0.4328125 0.8390625 0.02109375 0.01953125
0 0.9421875 0.525 0.07109375 0.03203125
0 0.0578125 0.79140625 0.02109375 0.01875
0 0.9359375 0.8109375 0.01875 0.0171875
0 0.42734375 0.12421875 0.01640625 0.0171875
0 0.35 0.05625 0.0375 0.03828125
0 0.140625 0.04609375 0.03984375 0.0203125
0 0.91171875 0.55 0.06484375 0.034375
0 0.6640625 0.79140625 0.02265625 0.01875
0 0.59296875 0.66015625 0.0296875 0.02421875
0 0.6265625 0.5546875 0.0296875 0.02265625
0 0.72265625 0.4140625 0.01875 0.0140625
0 0.8296875 0.33671875 0.0171875 0.01328125
0 0.0890625 0.55546875 0.0828125 0.1
0 0.9578125 0.703125 0.02265625 0.01875
0 0.5578125 0.64140625 0.0484375 0.0234375
0 0.58671875 0.46171875 0.04609375 0.0296875
0 0.4140625 0.12109375 0.0109375 0.0109375
0 0.59140625 0.13203125 0.03515625 0.03671875
0 0.71328125 0.1890625 0.0125 0.0125
0 0.7421875 0.18125 0.0109375 0.01015625
0 0.759375 0.19296875 0.01484375 0.0109375
0 0.775 0.1890625 0.01484375 0.0109375
0 0.8671875 0.153125 0.04140625 0.03671875
0 0.61484375 0.2359375 0.02265625 0.01796875
0 0.60234375 0.2375 0.01875 0.021875
0 0.6046875 0.4421875 0.0265625 0.0140625
0 0.6234375 0.484375 0.01640625 0.0109375
0 0.64921875 0.52421875 0.03984375 0.02734375
0 0.5765625 0.50625 0.01484375 0.01015625
0 0.425 0.5453125 0.0234375 0.0140625
0 0.3953125 0.50546875 0.01875 0.0125
0 0.37578125 0.50078125 0.01875 0.009375
0 0.571875 0.52734375 0.10390625 0.034375
1 0.5078125 0.51015625 0.3015625 0.15546875
0 0.76796875 0.6609375 0.0171875 0.01484375
1 0.6671875 0.678125 0.2875 0.1
0 0.246875 0.88046875 0.01875 0.0125
0 0.1140625 0.73828125 0.02109375 0.01796875
0 0.1703125 0.6265625 0.0265625 0.01484375
0 0.03671875 0.6515625 0.0140625 0.01796875
0 0.10078125 0.5359375 0.0296875 0.0171875
0 0.1609375 0.53046875 0.02109375 0.01328125
0 0.15 0.51953125 0.0265625 0.02265625
0 0.0265625 0.609375 0.05234375 0.1453125
0 0.26015625 0.39375 0.01875 0.015625
0 0.13046875 0.33515625 0.0140625 0.0171875
0 0.1109375 0.3375 0.0140625 0.0125
0 0.1203125 0.34140625 0.00625 0.00859375
0 0.425 0.22734375 0.0125 0.0109375
0 0.4234375 0.240625 0.0109375 0.0140625
0 0.41328125 0.23984375 0.0109375 0.01328125