0 0.71640625 0.41875 0.0921875 0.090625
0 0.71015625 0.246875 0.0578125 0.02890625
0 0.61953125 0.5859375 0.1125 0.084375
1 0.3578125 0.42890625 0.31015625 0.14453125
0 0.9265625 0.37265625 0.04375 0.03828125
0 0.5921875 0.525 0.04375 0.028125
0 0.82578125 0.38046875 0.0390625 0.0328125
0 0.56640625 0.7328125 0.0484375 0.028125
0 0.9140625 0.7640625 0.04140625 0.025
0 0.03515625 0.6203125 0.04140625 0.02265625
0 0.90625 0.62734375 0.0484375 0.03359375
0 0.9203125 0.259375 0.0359375 0.02421875
0 0.7640625 0.62578125 0.02734375 0.01796875
0 0.73359375 0.46796875 0.0515625 0.03203125
0 0.9578125 0.5828125 0.08359375 0.04296875
0 0.80390625 0.5875 0.0921875 0.03671875
1 0.54921875 0.62734375 0.1984375 0.13984375
0 0.98046875 0.32109375 0.0390625 0.03828125
0 0.96875 0.390625 0.0625 0.0875
0 0.96953125 0.45078125 0.0609375 0.0734375
0 0.99453125 0.534375 0.0109375 0.02265625
0 0.8296875 0.553125 0.06015625 0.02734375
0 0.8640625 0.5765625 0.1796875 0.06640625
0 0.92421875 0.61328125 0.0140625 0.01015625
0 0.9140625 0.63125 0.0171875 0.0109375
0 0.92890625 0.63203125 0.03984375 0.03203125
0 0.91015625 0.64921875 0.0125 0.00859375
0 0.81171875 0.5828125 0.0265625 0.01328125
0 0.84140625 0.61171875 0.03125 0.0125
0 0.59296875 0.61015625 0.01875 0.009375
0 0.0109375 0.78203125 0.02109375 0.01796875
0 0.46640625 0.68515625 0.00859375 0.0125
1 0.26484375 0.44765625 0.49140625 0.16875
1 0.2171875 0.47421875 0.4 0.1625
1 0.3796875 0.58671875 0.21015625 0.146875