0 0.56875 0.67421875 0.13515625 0.084375
0 0.79609375 0.69921875 0.0484375 0.04765625
0 0.36640625 0.5734375 0.1296875 0.09765625
1 0.6171875 0.40703125 0.24375 0.25390625
0 0.59296875 0.8375 0.0578125 0.0390625
0 0.4515625 0.5640625 0.0453125 0.0375
0 0.60078125 0.7609375 0.05 0.034375
0 0.1828125 0.50859375 0.0453125 0.04140625
0 0.08125 0.759375 0.03984375 0.034375
0 0.42265625 0.1359375 0.0359375 0.034375
0 0.2625 0.778125 0.05234375 0.0421875
0 0.74296875 0.85234375 0.0390625 0.03125
0 0.2890625 0.6734375 0.02890625 0.0234375
0 0.5015625 0.678125 0.0515625 0.04296875
0 0.3109375 0.8234375 0.07109375 0.06953125
0 0.3328125 0.709375 0.0640625 0.075
1 0.3234375 0.51484375 0.2171875 0.1703125
0 0.6515625 0.8859375 0.0578125 0.0359375
0 0.5625 0.86484375 0.125 0.0609375
0 0.48203125 0.85546875 0.1078125 0.05703125
0 0.36875 0.85859375 0.03125 0.0125
0 0.3734375 0.73359375 0.04609375 0.0484375
0 0.3359375 0.75546875 0.11875 0.14453125
0 0.278125 0.79375 0.01640625 0.0125
0 0.25546875 0.7828125 0.0171875 0.01484375
0 0.2515625 0.79375 0.0484375 0.034375
0 0.2328125 0.7765625 0.0140625 0.01015625
0 0.3375 0.71640625 0.02109375 0.021875
0 0.29375 0.7328125 0.02109375 0.025
0 0.3390625 0.55 0.01484375 0.015625
0 0.2140625 0.08984375 0.02734375 0.01875
0 0.2625 0.44296875 0.0171875 0.00859375
1 0.609375 0.33515625 0.3078125 0.39140625
1 0.5828125 0.2953125 0.2828125 0.3234375
1 0.40703125 0.39609375 0.2296875 0.18125