0 0.3046875 0.53828125 0.1265625 0.09140625
0 0.5390625 0.74375 0.13125 0.08515625
0 0.5421875 0.32734375 0.1546875 0.10703125
0 0.74296875 0.53984375 0.1125 0.07421875
0 0.6890625 0.4375 0.14140625 0.09140625
0 0.86328125 0.46171875 0.1546875 0.15
0 0.7015625 0.17109375 0.09375 0.0703125
0 0.59140625 0.484375 0.09140625 0.078125
0 0.19296875 0.4921875 0.0765625 0.059375
0 0.2015625 0.7296875 0.07890625 0.0609375
0 0.9671875 0.359375 0.03125 0.06953125
0 0.5140625 0.43046875 0.08515625 0.0609375
0 0.38203125 0.65234375 0.05859375 0.04375
0 0.36796875 0.5984375 0.07734375 0.0515625
0 0.61796875 0.5609375 0.07734375 0.07109375
0 0.1390625 0.76640625 0.0796875 0.06015625
0 0.3984375 0.32109375 0.07734375 0.06796875
0 0.23828125 0.8109375 0.0546875 0.04609375
0 0.91796875 0.8078125 0.0609375 0.0453125
0 0.7546875 0.659375 0.0640625 0.07890625
0 0.99140625 0.7265625 0.0171875 0.034375
0 0.67421875 0.74765625 0.05234375 0.0390625
0 0.08671875 0.47578125 0.04140625 0.0328125
0 0.4578125 0.81328125 0.03984375 0.0328125
0 0.32421875 0.41484375 0.04140625 0.0296875
0 0.825 0.76796875 0.0390625 0.03203125
0 0.0421875 0.34765625 0.0609375 0.0421875
0 0.4890625 0.80625 0.04765625 0.046875
0 0.5265625 0.20859375 0.07890625 0.08203125
0 0.3453125 0.796875 0.0578125 0.04375
0 0.4234375 0.225 0.0421875 0.03359375
0 0.5640625 0.215625 0.0921875 0.09375
0 0.1140625 0.34609375 0.0609375 0.04375
0 0.85078125 0.83359375 0.0265625 0.01015625
0 0.2390625 0.29375 0.0328125 0.03203125
0 0.7515625 0.7609375 0.03125 0.02421875
0 0.71640625 0.78046875 0.0203125 0.01484375
0 0.1609375 0.79765625 0.02109375 0.015625
0 0.484375 0.20078125 0.0375 0.028125
0 0.7578125 0.1359375 0.0578125 0.021875
0 0.85 0.828125 0.02265625 0.00859375
0 0.43046875 0.884375 0.05625 0.0140625
0 0.29921875 0.27109375 0.0359375 0.03359375