0 0.2984375 0.496875 0.1234375 0.08828125
0 0.44765625 0.74296875 0.12890625 0.0828125
0 0.60390625 0.34296875 0.1515625 0.10390625
0 0.71953125 0.5890625 0.1109375 0.07109375
0 0.7046875 0.4796875 0.1375 0.08828125
0 0.86328125 0.53828125 0.1484375 0.14765625
0 0.8140625 0.22578125 0.09140625 0.06875
0 0.59296875 0.50390625 0.0890625 0.07578125
0 0.2078125 0.42890625 0.0734375 0.05703125
0 0.12890625 0.659375 0.07734375 0.059375
0 0.99296875 0.46171875 0.0140625 0.06953125
0 0.5390625 0.4359375 0.0828125 0.059375
0 0.33046875 0.621875 0.0578125 0.04296875
0 0.3375 0.56640625 0.075 0.05
0 0.59140625 0.5828125 0.075 0.0703125
0 0.05546875 0.68203125 0.07734375 0.05859375
0 0.46796875 0.30703125 0.075 0.065625
0 0.134375 0.74453125 0.05390625 0.0453125
0 0.7890625 0.8828125 0.06015625 0.04375
0 0.68671875 0.70625 0.06015625 0.078125
0 0.903125 0.82265625 0.04609375 0.03359375
0 0.5765625 0.7734375 0.0515625 0.03828125
0 0.11171875 0.39140625 0.04140625 0.03203125
0 0.34375 0.7921875 0.0390625 0.03203125
0 0.3625 0.38125 0.03984375 0.02890625
0 0.7140625 0.82421875 0.0375 0.03125
0 0.11640625 0.25859375 0.05859375 0.04140625
0 0.37734375 0.7921875 0.0453125 0.04609375
0 0.6328125 0.22578125 0.075 0.08046875
0 0.2421875 0.75390625 0.05625 0.04296875
0 0.52734375 0.21953125 0.04140625 0.0328125
0 0.66484375 0.23984375 0.0890625 0.09296875
0 0.18515625 0.27265625 0.06015625 0.04296875
0 0.7140625 0.89375 0.0265625 0.009375
0 0.325 0.24765625 0.03125 0.03125
0 0.64609375 0.80234375 0.03125 0.02421875
0 0.6046875 0.8140625 0.0203125 0.01484375
0 0.06484375 0.715625 0.02109375 0.015625
0 0.5953125 0.209375 0.0359375 0.02734375
0 0.88125 0.20390625 0.0578125 0.01953125
0 0.71640625 0.8875 0.02265625 0.0078125
0 0.2921875 0.85546875 0.05625 0.0125
0 0.39140625 0.23828125 0.03515625 0.03359375