0 0.5203125 0.6515625 0.1046875 0.08359375
0 0.8265625 0.509375 0.09609375 0.08828125
0 0.2796875 0.44140625 0.12265625 0.103125
0 0.590625 0.32578125 0.08359375 0.07578125
0 0.44765625 0.35 0.10234375 0.09453125
0 0.50625 0.22421875 0.1828125 0.09609375
0 0.09921875 0.29921875 0.0828125 0.0609375
0 0.49375 0.4296875 0.0921875 0.05859375
0 0.4421875 0.7265625 0.06875 0.05
0 0.75546875 0.75703125 0.07109375 0.0515625
0 0.3890625 0.10546875 0.09140625 0.0640625
0 0.4109375 0.47890625 0.0703125 0.05625
0 0.68125 0.6109375 0.0515625 0.03828125
0 0.6078125 0.61328125 0.05859375 0.0515625
0 0.5984375 0.421875 0.0859375 0.0484375
0 0.79453125 0.809375 0.0703125 0.05234375
0 0.8015625 0.90703125 0.0515625 0.03671875
0 0.2484375 0.54765625 0.0796875 0.05
0 0.8671875 0.74296875 0.0546875 0.0359375
0 0.9703125 0.23828125 0.05234375 0.040625
0 0.74921875 0.3359375 0.0984375 0.03671875
0 0.87734375 0.16015625 0.03984375 0.03125
0 0.85234375 0.409375 0.04609375 0.034375
0 0.40390625 0.803125 0.0390625 0.02734375
0 0.90546875 0.58046875 0.0390625 0.025
0 0.36015625 0.6171875 0.03515625 0.02734375
0 0.90234375 0.30078125 0.0375 0.025
0 0.228125 0.815625 0.0484375 0.040625
0 0.9015625 0.55625 0.0578125 0.02890625
0 0.12109375 0.434375 0.1 0.04765625
0 0.0546875 0.0796875 0.0703125 0.02421875
0 0.8671875 0.6609375 0.0515625 0.0375
0 0.1265625 0.51328125 0.03984375 0.02734375
0 0.1359375 0.40859375 0.11484375 0.05625
0 0.2375 0.7625 0.0515625 0.040625
0 0.99375 0.2921875 0.01015625 0.01875
0 0.18828125 0.6609375 0.0390625 0.01953125
0 0.88203125 0.35390625 0.02890625 0.0203125
0 0.90234375 0.38359375 0.0171875 0.01328125
0 0.371875 0.88046875 0.0359375 0.015625
0 0.83828125 0.7984375 0.01875 0.0140625
0 0.1046875 0.46484375 0.0328125 0.02421875
0 0.06171875 0.2515625 0.0203125 0.04140625
0 0.9859375 0.29140625 0.0078125 0.015625
0 0.99453125 0.6109375 0.0109375 0.040625
0 0.1671875 0.61328125 0.04140625 0.02265625