0 0.18359375 0.2796875 0.1109375 0.0546875
0 0.3328125 0.39453125 0.08125 0.059375
0 0.41328125 0.04140625 0.10625 0.065625
0 0.646875 0.25390625 0.10234375 0.109375
0 0.92890625 0.08984375 0.09140625 0.05703125
0 0.1828125 0.49375 0.0859375 0.03203125
0 0.3109375 0.58125 0.07265625 0.0453125
0 0.12890625 0.38515625 0.07890625 0.040625
0 0.2234375 0.4625 0.0703125 0.03203125
0 0.09296875 0.61171875 0.07265625 0.078125
0 0.46015625 0.31328125 0.0390625 0.06875
0 0.37578125 0.36953125 0.0234375 0.02265625
0 0.5 0.39140625 0.03515625 0.0640625
0 0.6359375 0.71640625 0.0203125 0.0109375
0 0.11796875 0.66171875 0.08984375 0.028125
0 0.51640625 0.1203125 0.02265625 0.0171875
0 0.23515625 0.17734375 0.04609375 0.02734375
0 0.234375 0.075 0.04375 0.028125
0 0.475 0.07265625 0.025 0.01796875
0 0.7578125 0.4125 0.01640625 0.0125
1 0.16640625 0.88359375 0.21015625 0.06875
0 0.32578125 0.2140625 0.08125 0.0375
0 0.46875 0.4375 0.0140625 0.01328125
0 0.7109375 0.5671875 0.08359375 0.028125
0 0.73203125 0.55703125 0.02734375 0.01015625
0 0.7515625 0.5921875 0.08515625 0.03359375
0 0.9546875 0.5796875 0.0890625 0.02421875
0 0.7890625 0.4875 0.02109375 0.04609375
0 0.77109375 0.4890625 0.0125 0.03671875
0 0.98671875 0.2828125 0.02265625 0.05
0 0.7546875 0.28828125 0.0109375 0.01015625
0 0.60234375 0.29140625 0.02109375 0.021875
0 0.6546875 0.0828125 0.02265625 0.0578125
0 0.45703125 0.6390625 0.01484375 0.01015625
0 0.51484375 0.653125 0.0203125 0.0171875
0 0.3484375 0.7421875 0.0171875 0.01328125
0 0.48359375 0.79921875 0.01484375 0.01796875
1 0.32578125 0.7109375 0.31875 0.09296875
1 0.4828125 0.61328125 0.31484375 0.0921875
1 0.66875 0.38671875 0.1953125 0.2078125
1 0.884375 0.3609375 0.23125 0.15390625
1 0.81484375 0.4 0.1203125 0.2390625
0 0.840625 0.7984375 0.02265625 0.0109375