0 0.7953125 0.7359375 0.11640625 0.06015625
0 0.65703125 0.6140625 0.0859375 0.0625
0 0.54375 0.96171875 0.1125 0.07109375
0 0.33046875 0.7375 0.1125 0.1140625
0 0.04140625 0.88671875 0.0828125 0.06171875
0 0.815625 0.52265625 0.0890625 0.03671875
0 0.69609375 0.42890625 0.0765625 0.0484375
0 0.859375 0.634375 0.0828125 0.04375
0 0.771875 0.55234375 0.07265625 0.0359375
0 0.91640625 0.41015625 0.0796875 0.08125
0 0.52265625 0.68828125 0.0453125 0.0703125
0 0.61171875 0.63671875 0.0265625 0.0234375
0 0.48984375 0.6078125 0.04140625 0.065625
0 0.384375 0.27734375 0.02109375 0.0125
0 0.89609375 0.35859375 0.0921875 0.0328125
0 0.4484375 0.87734375 0.0234375 0.01796875
0 0.734375 0.8359375 0.0484375 0.0296875
0 0.72578125 0.9375 0.04609375 0.0296875
0 0.48515625 0.928125 0.0265625 0.01875
0 0.23515625 0.5734375 0.0171875 0.01328125
1 0.86875 0.134375 0.21640625 0.0796875
0 0.64765625 0.79453125 0.08515625 0.04140625
0 0.52578125 0.5640625 0.01484375 0.0140625
0 0.2953125 0.421875 0.0859375 0.0328125
0 0.2734375 0.43046875 0.02890625 0.0125
0 0.2578125 0.3953125 0.0875 0.03828125
0 0.05390625 0.396875 0.09140625 0.02890625
0 0.2109375 0.496875 0.025 0.046875
0 0.228125 0.496875 0.01640625 0.0375
0 0.00390625 0.69140625 0.0078125 0.05078125
0 0.2265625 0.6984375 0.0125 0.0109375
0 0.378125 0.70234375 0.0234375 0.02265625
0 0.3078125 0.9078125 0.02734375 0.059375
0 0.55625 0.36328125 0.01640625 0.0109375
0 0.49921875 0.346875 0.02109375 0.01796875
0 0.6734375 0.26640625 0.01875 0.0140625
0 0.54375 0.20234375 0.01640625 0.01875
1 0.69375 0.29921875 0.3265625 0.109375
1 0.52734375 0.3875 0.32265625 0.1078125
1 0.32109375 0.6046875 0.2140625 0.2171875
1 0.11328125 0.61796875 0.2265625 0.165625
1 0.1765625 0.5828125 0.1421875 0.24453125
0 0.18828125 0.184375 0.0234375 0.0125