0 0.4828125 0.8265625 0.0953125 0.05703125
0 0.3296875 0.3328125 0.1296875 0.10390625
0 0.3328125 0.5125 0.08515625 0.05703125
0 0.38125 0.615625 0.08125 0.05625
0 0.77578125 0.7796875 0.06484375 0.0359375
0 0.26015625 0.8390625 0.0265625 0.01796875
0 0.36640625 0.48359375 0.02890625 0.0234375
0 0.64609375 0.7078125 0.06015625 0.03828125
0 0.26875 0.54375 0.03359375 0.02421875
0 0.4578125 0.23046875 0.0140625 0.01484375
0 0.6078125 0.790625 0.06015625 0.03671875
0 0.3875 0.3875 0.0203125 0.015625
0 0.73828125 0.3015625 0.03359375 0.0234375
0 0.16171875 0.46875 0.02734375 0.01875
0 0.35625 0.7875 0.025 0.01953125
0 0.3328125 0.590625 0.03359375 0.025
0 0.65859375 0.26484375 0.04609375 0.015625
0 0.58515625 0.240625 0.03984375 0.02265625
0 0.76015625 0.14453125 0.02265625 0.01875
0 0.3015625 0.85703125 0.02890625 0.021875
0 0.6296875 0.3484375 0.0328125 0.02265625
0 0.534375 0.3875 0.04609375 0.0171875
0 0.68671875 0.1140625 0.02109375 0.01328125
0 0.75078125 0.21953125 0.03359375 0.021875
0 0.68671875 0.18125 0.02265625 0.0078125
0 0.61484375 0.2453125 0.01875 0.0109375
0 0.58984375 0.2640625 0.01640625 0.01015625
0 0.60078125 0.25390625 0.06875 0.021875
0 0.46875 0.2265625 0.0140625 0.009375
0 0.4640625 0.2203125 0.0125 0.009375
0 0.496875 0.16015625 0.0109375 0.0125
0 0.31953125 0.2859375 0.0203125 0.0109375
0 0.33125 0.30546875 0.01484375 0.01875
0 0.3203125 0.30703125 0.01015625 0.00625
0 0.3296875 0.365625 0.0109375 0.0078125
0 0.38125 0.4453125 0.0109375 0.009375
0 0.44453125 0.45625 0.02734375 0.0265625
0 0.421875 0.45 0.04765625 0.025
0 0.4796875 0.80234375 0.0453125 0.0328125
0 0.7140625 0.7265625 0.03359375 0.0234375
0 0.6203125 0.62578125 0.0203125 0.0109375
0 0.67109375 0.57890625 0.0140625 0.015625
0 0.65859375 0.515625 0.0296875 0.03203125
0 0.63359375 0.51796875 0.02734375 0.03203125
0 0.55546875 0.5171875 0.02734375 0.009375
0 0.546875 0.4984375 0.0296875 0.03203125
0 0.646875 0.38671875 0.01875 0.01015625
0 0.81328125 0.37734375 0.0328125 0.01953125
0 0.7984375 0.6609375 0.0109375 0.01328125
0 0.80625 0.66015625 0.01015625 0.01484375
1 0.53359375 0.71171875 0.08984375 0.10625
1 0.46796875 0.60546875 0.11484375 0.18828125
1 0.41171875 0.6734375 0.12265625 0.1140625
1 0.6359375 0.4578125 0.16484375 0.109375
1 0.57421875 0.44765625 0.2265625 0.084375
1 0.43671875 0.3828125 0.1625 0.1296875
1 0.5453125 0.440625 0.3 0.1421875
1 0.4375 0.4140625 0.18984375 0.196875
1 0.21953125 0.41328125 0.13359375 0.0578125
1 0.2078125 0.3921875 0.1796875 0.10390625
1 0.2203125 0.43515625 0.1734375 0.1265625
0 0.60625 0.1421875 0.02265625 0.02421875