0 0.3921875 0.81640625 0.0921875 0.05546875
0 0.3796875 0.31015625 0.1265625 0.1015625
0 0.3328125 0.4859375 0.0828125 0.05546875
0 0.3515625 0.59453125 0.07890625 0.0546875
0 0.6921875 0.81640625 0.0640625 0.03359375
0 0.17109375 0.79453125 0.025 0.01796875
0 0.3734375 0.46328125 0.02734375 0.0234375
0 0.58515625 0.7265625 0.05859375 0.0375
0 0.2609375 0.50703125 0.0328125 0.0234375
0 0.53359375 0.22890625 0.0125 0.01484375
0 0.52421875 0.8015625 0.05859375 0.0359375
0 0.42109375 0.37265625 0.01875 0.01484375
0 0.78828125 0.34296875 0.03359375 0.02265625
0 0.17734375 0.4171875 0.0265625 0.01875
0 0.2796875 0.75859375 0.025 0.01875
0 0.3109375 0.5625 0.0328125 0.02421875
0 0.7203125 0.29453125 0.04609375 0.01484375
0 0.6546875 0.259375 0.03984375 0.02265625
0 0.85234375 0.19296875 0.02265625 0.01796875
0 0.20703125 0.81875 0.02890625 0.021875
0 0.66875 0.371875 0.0328125 0.021875
0 0.56484375 0.3953125 0.04609375 0.015625
0 0.7890625 0.15234375 0.02109375 0.0125
0 0.8234375 0.26484375 0.03359375 0.0203125
0 0.77109375 0.21796875 0.02109375 0.00625
0 0.6828125 0.26875 0.01875 0.01015625
0 0.653125 0.2828125 0.01640625 0.01015625
0 0.6671875 0.275 0.0671875 0.0203125
0 0.5453125 0.228125 0.0140625 0.009375
0 0.5421875 0.22109375 0.0125 0.009375
0 0.59140625 0.1671875 0.0109375 0.0125
0 0.3828125 0.2625 0.0203125 0.01015625
0 0.3890625 0.28359375 0.01484375 0.01875
0 0.378125 0.28359375 0.00859375 0.00625
0 0.37109375 0.3421875 0.0109375 0.0078125
0 0.39921875 0.428125 0.0109375 0.009375
0 0.4578125 0.44921875 0.0265625 0.0265625
0 0.4375 0.4390625 0.04609375 0.02421875
0 0.396875 0.7921875 0.04375 0.03203125
0 0.64765625 0.7546875 0.03359375 0.02265625
0 0.5828125 0.6421875 0.0203125 0.01015625
0 0.6453125 0.60390625 0.0125 0.015625
0 0.65078125 0.540625 0.02890625 0.03203125
0 0.6265625 0.5390625 0.0265625 0.03125
0 0.55 0.525 0.02734375 0.009375
0 0.54609375 0.50625 0.02890625 0.03203125
0 0.675 0.4125 0.01875 0.009375
0 0.83984375 0.42890625 0.03125 0.01875
0 0.7484375 0.70390625 0.01015625 0.01328125
0 0.75546875 0.7046875 0.00859375 0.0140625
1 0.47421875 0.71171875 0.0859375 0.10390625
1 0.4390625 0.59765625 0.1078125 0.18671875
1 0.365625 0.65625 0.1171875 0.11171875
1 0.64453125 0.4796875 0.1609375 0.10625
1 0.5875 0.46015625 0.2234375 0.07890625
1 0.4703125 0.37578125 0.1578125 0.1265625
1 0.5609375 0.44921875 0.2953125 0.13515625
1 0.4625 0.40625 0.1828125 0.19296875
1 0.24921875 0.371875 0.1328125 0.05546875
1 0.24375 0.34921875 0.1765625 0.1
1 0.24453125 0.39375 0.16875 0.12265625
0 0.703125 0.16640625 0.02109375 0.0234375