1 0.6046875 0.35546875 0.14609375 0.1359375
1 0.6875 0.21171875 0.15 0.1375
1 0.6546875 0.51171875 0.1484375 0.1359375
0 0.2984375 0.8453125 0.0703125 0.04375
0 0.6671875 0.76640625 0.0671875 0.05546875
0 0.78046875 0.20546875 0.0359375 0.03125
0 0.74140625 0.15859375 0.04140625 0.04140625
0 0.49375 0.478125 0.0578125 0.02734375
0 0.3921875 0.73984375 0.0546875 0.021875
0 0.20390625 0.409375 0.0234375 0.01796875
0 0.2140625 0.45625 0.00859375 0.01015625
0 0.2328125 0.34609375 0.02265625 0.0234375
0 0.25703125 0.30859375 0.02109375 0.01953125
0 0.6734375 0.56953125 0.02890625 0.015625
0 0.40703125 0.18828125 0.03984375 0.01953125
0 0.55234375 0.28203125 0.0421875 0.01953125
0 0.4515625 0.1796875 0.03359375 0.01953125
0 0.9171875 0.7953125 0.0171875 0.0171875
0 0.84609375 0.734375 0.0203125 0.01875
0 0.934375 0.80625 0.01484375 0.0171875
0 0.80546875 0.83125 0.01484375 0.01484375
0 0.81484375 0.45625 0.0359375 0.025
0 0.9390625 0.559375 0.02734375 0.01953125
0 0.978125 0.2984375 0.0265625 0.0234375
0 0.89765625 0.22109375 0.02734375 0.0203125
0 0.75390625 0.1296875 0.0390625 0.0234375
0 0.9734375 0.25546875 0.0125 0.00625
0 0.4984375 0.52734375 0.0375 0.04375
0 0.51328125 0.50546875 0.0375 0.04296875
0 0.578125 0.62578125 0.0359375 0.20625
0 0.46640625 0.753125 0.0546875 0.04375
0 0.27421875 0.8609375 0.05390625 0.040625
0 0.21796875 0.84296875 0.0375 0.04375
0 0.2234375 0.6859375 0.0046875 0.0046875
0 0.22578125 0.46171875 0.00625 0.00625
0 0.2859375 0.221875 0.02265625 0.02421875
0 0.484375 0.16796875 0.0390625 0.0234375
0 0.6875 0.3 0.0296875 0.0359375
0 0.9375 0.1984375 0.0078125 0.0078125