0 0.62890625 0.86328125 0.11875 0.11796875
0 0.66953125 0.55078125 0.1265625 0.1234375
0 0.61875 0.68203125 0.11875 0.13203125
0 0.3359375 0.39453125 0.128125 0.13984375
0 0.3859375 0.67890625 0.12578125 0.146875
0 0.32890625 0.5390625 0.1375 0.11484375
0 0.37890625 0.1140625 0.1375 0.121875
0 0.65390625 0.4125 0.13046875 0.1296875
0 0.4703125 0.90078125 0.1203125 0.1203125
0 0.503125 0.73515625 0.11328125 0.13046875
0 0.5625 0.28203125 0.11875 0.13828125
0 0.80859375 0.34453125 0.11640625 0.13515625
0 0.709375 0.1859375 0.1265625 0.1203125
0 0.30078125 0.84453125 0.128125 0.13671875
0 0.56171875 0.08828125 0.11484375 0.1265625
0 0.42734375 0.28828125 0.1078125 0.13984375
0 0.2203125 0.2609375 0.11640625 0.13359375
0 0.8375 0.5375 0.1109375 0.13984375
0 0.7875 0.74921875 0.1078125 0.13046875
0 0.16640625 0.46796875 0.1171875 0.13984375
0 0.1984375 0.68203125 0.10546875 0.13359375