0 0.5046875 0.3296875 0.13828125 0.13984375
0 0.85 0.38046875 0.13203125 0.1484375
0 0.32734375 0.83125 0.13203125 0.1375
0 0.19296875 0.72421875 0.13203125 0.1484375
0 0.8484375 0.5484375 0.15078125 0.13046875
0 0.42421875 0.13046875 0.134375 0.13984375
0 0.609375 0.1328125 0.14375 0.13046875
0 0.77421875 0.21875 0.1359375 0.1546875
0 0.13046875 0.54609375 0.134375 0.1625
0 0.14453125 0.35390625 0.11484375 0.1359375
0 0.64375 0.3328125 0.1265625 0.134375
0 0.35625 0.36796875 0.12421875 0.1484375
0 0.63828125 0.6390625 0.14296875 0.1390625
0 0.2875 0.50390625 0.11875 0.125
0 0.25234375 0.2078125 0.1265625 0.1234375
0 0.3578125 0.6578125 0.1296875 0.134375
0 0.69765625 0.82109375 0.1265625 0.1203125
0 0.5078125 0.70703125 0.13359375 0.1359375
0 0.82578125 0.6921875 0.12109375 0.11640625
0 0.696875 0.48671875 0.1203125 0.14140625
0 0.51875 0.86640625 0.14765625 0.125