0 0.64609375 0.1265625 0.1078125 0.1078125
0 0.85703125 0.39453125 0.11328125 0.1015625
0 0.85078125 0.6359375 0.1078125 0.1109375
0 0.5953125 0.875 0.11328125 0.1125
0 0.1671875 0.3609375 0.1109375 0.096875
0 0.2109375 0.25859375 0.1109375 0.11484375
0 0.38125 0.64296875 0.10546875 0.1109375
0 0.2703125 0.809375 0.1109375 0.1125
0 0.67578125 0.45703125 0.10234375 0.121875
0 0.79375 0.75234375 0.115625 0.11796875
0 0.409375 0.30234375 0.09609375 0.109375
0 0.6671875 0.5765625 0.11484375 0.11484375
0 0.1609375 0.478125 0.1 0.1109375
0 0.165625 0.60234375 0.1078125 0.11953125
0 0.340625 0.5328125 0.109375 0.1265625
0 0.73984375 0.19453125 0.109375 0.1203125
0 0.81171875 0.28671875 0.12265625 0.11640625
0 0.61484375 0.34296875 0.10546875 0.1125
0 0.6078125 0.65546875 0.0890625 0.08984375
0 0.521875 0.28671875 0.07890625 0.10390625
0 0.39609375 0.11640625 0.1015625 0.1125
0 0.87109375 0.51875 0.09765625 0.11484375
0 0.35546875 0.86484375 0.08671875 0.0875
0 0.49609375 0.68203125 0.09296875 0.11484375
0 0.70859375 0.83203125 0.0921875 0.09296875
0 0.52265625 0.0953125 0.1 0.1109375
0 0.4625 0.8921875 0.1109375 0.09296875
0 0.19765625 0.725 0.0984375 0.1078125
0 0.284375 0.17265625 0.08671875 0.1
0 0.33828125 0.38984375 0.0921875 0.11484375