0 0.1546875 0.31640625 0.09609375 0.10390625
0 0.4296875 0.12109375 0.08828125 0.1109375
0 0.6609375 0.1484375 0.0984375 0.10390625
0 0.8671875 0.434375 0.0984375 0.109375
0 0.33828125 0.8328125 0.084375 0.1078125
0 0.24375 0.77890625 0.10234375 0.10703125
0 0.6265625 0.63515625 0.0984375 0.1015625
0 0.77578125 0.76484375 0.1 0.10703125
0 0.47421875 0.3140625 0.109375 0.096875
0 0.7671875 0.2171875 0.10390625 0.1125
0 0.30234375 0.57734375 0.0984375 0.09140625
0 0.5875 0.33359375 0.1015625 0.1109375
0 0.45 0.84921875 0.0984375 0.0953125
0 0.56953125 0.85546875 0.10703125 0.10234375
0 0.5171875 0.66796875 0.11328125 0.10390625
0 0.22890625 0.225 0.1078125 0.10390625
0 0.3234375 0.15859375 0.10234375 0.11953125
0 0.359375 0.3671875 0.1 0.1015625
0 0.6578125 0.4015625 0.0796875 0.0859375
0 0.29765625 0.45859375 0.09453125 0.0734375
0 0.12421875 0.57421875 0.1 0.096875
0 0.55 0.11640625 0.10234375 0.09296875
0 0.83671875 0.68203125 0.07734375 0.08359375
0 0.67421875 0.5203125 0.10390625 0.0875
0 0.8359375 0.3125 0.0828125 0.0890625
0 0.11484375 0.44140625 0.0984375 0.0953125
0 0.871875 0.57265625 0.0796875 0.1078125
0 0.68828125 0.83203125 0.09609375 0.09453125
0 0.16796875 0.69453125 0.0890625 0.08203125
0 0.3796875 0.6578125 0.10390625 0.0859375