0 0.71953125 0.64609375 0.01328125 0.0140625
1 0.7265625 0.63828125 0.0703125 0.06484375
1 0.75078125 0.7828125 0.27890625 0.1703125
0 0.73828125 0.81015625 0.0234375 0.01796875
1 0.91953125 0.5546875 0.16015625 0.16328125
1 0.93125 0.515625 0.13671875 0.1359375
1 0.721875 0.46328125 0.146875 0.12890625
1 0.88125 0.271875 0.17421875 0.23671875
1 0.7421875 0.23125 0.1515625 0.13828125
1 0.5640625 0.19375 0.14296875 0.1453125
1 0.665625 0.37109375 0.10703125 0.13359375
1 0.66640625 0.36953125 0.18125 0.21875
0 0.63359375 0.41640625 0.0140625 0.0234375
0 0.0984375 0.2484375 0.00703125 0.009375
0 0.05859375 0.33359375 0.00703125 0.009375
0 0.00625 0.36875 0.00546875 0.015625
0 0.13125 0.4015625 0.01171875 0.01015625
0 0.1015625 0.53828125 0.0109375 0.01171875
0 0.1375 0.64375 0.00859375 0.02421875
0 0.3015625 0.809375 0.01953125 0.02421875
1 0.409375 0.859375 0.09453125 0.06484375
1 0.278125 0.8 0.171875 0.259375
1 0.3984375 0.64921875 0.1203125 0.21015625
1 0.36328125 0.565625 0.0890625 0.1546875
1 0.11796875 0.65390625 0.11328125 0.20703125
1 0.10390625 0.55234375 0.134375 0.20625
1 0.1515625 0.43125 0.24921875 0.175
1 0.021875 0.371875 0.04375 0.1015625
1 0.109375 0.26328125 0.0734375 0.071875
1 0.09140625 0.3609375 0.1828125 0.29375
1 0.03203125 0.240625 0.0640625 0.075