0 0.3578125 0.721875 0.01484375 0.01328125
1 0.365625 0.72890625 0.065625 0.07109375
1 0.221875 0.75546875 0.17421875 0.28046875
0 0.19375 0.74375 0.01796875 0.0234375
1 0.45234375 0.91953125 0.165625 0.16015625
1 0.49140625 0.93046875 0.1390625 0.1390625
1 0.540625 0.72109375 0.13046875 0.14921875
1 0.734375 0.8765625 0.2390625 0.178125
1 0.77265625 0.7375 0.13984375 0.15390625
1 0.80703125 0.55859375 0.146875 0.14453125
1 0.63203125 0.66328125 0.13515625 0.11015625
1 0.63359375 0.6640625 0.22109375 0.18515625
0 0.5859375 0.63203125 0.0234375 0.0140625
0 0.74453125 0.09375 0.009375 0.00703125
0 0.659375 0.05546875 0.009375 0.00703125
0 0.621875 0.00390625 0.015625 0.00546875
0 0.5921875 0.1296875 0.0109375 0.01171875
0 0.45546875 0.1015625 0.01171875 0.01171875
0 0.35 0.140625 0.02421875 0.00859375
0 0.18671875 0.30703125 0.02421875 0.01953125
1 0.1390625 0.415625 0.06640625 0.0953125
1 0.19609375 0.28359375 0.2609375 0.17578125
1 0.34921875 0.40078125 0.2109375 0.1234375
1 0.43203125 0.3640625 0.15546875 0.090625
1 0.33984375 0.12109375 0.20859375 0.11640625
1 0.440625 0.10546875 0.20859375 0.13671875
1 0.56171875 0.15078125 0.17890625 0.2515625
1 0.61875 0.02109375 0.103125 0.04140625
1 0.7296875 0.10625 0.0734375 0.07421875
1 0.63046875 0.09140625 0.2953125 0.1828125
1 0.75 0.03046875 0.07578125 0.06015625