0 0.70234375 0.43984375 0.0703125 0.084375
0 0.52265625 0.5375 0.0875 0.05546875
0 0.42734375 0.5265625 0.0859375 0.065625
0 0.290625 0.434375 0.0625 0.08046875
0 0.35 0.184375 0.07421875 0.08203125
0 0.140625 0.66171875 0.0640625 0.06953125
0 0.65234375 0.40234375 0.06171875 0.0609375
0 0.23203125 0.60625 0.06796875 0.0640625
0 0.615625 0.4984375 0.08671875 0.0625
0 0.13125 0.93671875 0.0640625 0.06953125
0 0.4734375 0.47734375 0.0640625 0.05546875
0 0.75703125 0.5296875 0.053125 0.05546875
0 0.4859375 0.7984375 0.0640625 0.06953125
0 0.578125 0.74375 0.06796875 0.0640625
0 0.221875 0.88125 0.06796875 0.0640625
0 0.7 0.20234375 0.0640625 0.07265625
0 0.72109375 0.8796875 0.0609375 0.0625
0 0.8140625 0.6828125 0.05703125 0.059375
0 0.37421875 0.3609375 0.0640625 0.065625
0 0.596875 0.309375 0.05078125 0.06171875
0 0.9125 0.5109375 0.06171875 0.06484375
0 0.4046875 0.7375 0.0703125 0.06484375
0 0.7765625 0.2796875 0.05234375 0.09140625
0 0.715625 0.11015625 0.08046875 0.084375
0 0.50234375 0.1015625 0.06640625 0.06015625
0 0.26875 0.1890625 0.059375 0.075
0 0.3515625 0.109375 0.07578125 0.0734375
0 0.5234375 0.04765625 0.0796875 0.05390625
0 0.0484375 0.8765625 0.07109375 0.06484375
0 0.0578125 0.6015625 0.07109375 0.06484375
0 0.80078125 0.4859375 0.05625 0.06015625
0 0.35390625 0.49375 0.05703125 0.07109375
0 0.61875 0.0578125 0.08046875 0.0578125
0 0.45625 0.41953125 0.0578125 0.053125
0 0.4046875 0.4609375 0.06015625 0.046875
0 0.60703125 0.4453125 0.0515625 0.04921875
0 0.446875 0.646875 0.0671875 0.0703125
0 0.09140625 0.78515625 0.0671875 0.06953125
0 0.58203125 0.1 0.075 0.0515625
0 0.5484375 0.475 0.0640625 0.04765625
0 0.740625 0.59375 0.06015625 0.06328125
0 0.8765625 0.67890625 0.0546875 0.0515625
0 0.89375 0.796875 0.06171875 0.065625
0 0.78125 0.771875 0.0546875 0.059375
0 0.58125 0.246875 0.065625 0.05390625
0 0.903125 0.9203125 0.05078125 0.0578125
0 0.7953125 0.96875 0.05625 0.06015625
0 0.10078125 0.51015625 0.0671875 0.06953125
0 0.753125 0.1875 0.05625 0.059375
0 0.65390625 0.13125 0.06796875 0.0625
0 0.53828125 0.653125 0.059375 0.06640625
0 0.425 0.125 0.06171875 0.05859375
0 0.7109375 0.2703125 0.04921875 0.06015625
0 0.9390625 0.571875 0.046875 0.05078125
0 0.85859375 0.965625 0.05625 0.0515625
0 0.1921875 0.51640625 0.059375 0.06640625
0 0.75703125 0.36171875 0.0484375 0.059375
0 0.23984375 0.2703125 0.04921875 0.08046875
0 0.1828125 0.790625 0.059375 0.06640625
0 0.6234375 0.2 0.06484375 0.05390625
0 0.7375 0.8171875 0.05390625 0.05546875
0 0.30625 0.3453125 0.05546875 0.075
0 0.3109375 0.2625 0.046875 0.06484375
0 0.60625 0.1578125 0.06328125 0.05546875
0 0.91953125 0.8578125 0.04765625 0.05
0 0.7015625 0.34296875 0.05 0.0765625
0 0.4296875 0.0671875 0.06484375 0.0578125
0 0.5734375 0.396875 0.05859375 0.04921875
0 0.921875 0.634375 0.05234375 0.05859375
0 0.646875 0.253125 0.053125 0.05390625
0 0.4625 0.25234375 0.046875 0.0546875
0 0.8421875 0.76015625 0.05 0.0546875
0 0.61328125 0.35546875 0.0453125 0.04375
0 0.2515625 0.3625 0.05078125 0.0734375
0 0.515625 0.37109375 0.053125 0.0578125
0 0.5171875 0.42109375 0.059375 0.04609375
0 0.5484375 0.15390625 0.0484375 0.05
0 0.45859375 0.36328125 0.06484375 0.0515625
0 0.41875 0.33125 0.0625 0.05390625
0 0.4890625 0.196875 0.0578125 0.0546875
0 0.42890625 0.22578125 0.0453125 0.053125
0 0.86171875 0.4734375 0.0515625 0.05546875
0 0.40703125 0.4078125 0.0625 0.0546875
0 0.65546875 0.3078125 0.0375 0.053125
0 0.51328125 0.325 0.059375 0.03515625
0 0.4078125 0.27734375 0.0421875 0.05703125
0 0.45546875 0.309375 0.04140625 0.04609375
0 0.43671875 0.17109375 0.05625 0.05390625
0 0.35 0.41875 0.04609375 0.05234375
0 0.55625 0.2890625 0.03671875 0.0546875
0 0.546875 0.2 0.065625 0.0421875
0 0.7421875 0.946875 0.04453125 0.04453125
0 0.35859375 0.28359375 0.04140625 0.06953125
0 0.76015625 0.659375 0.04375 0.04453125
0 0.3859375 0.21875 0.05 0.05390625
0 0.565625 0.35546875 0.0375 0.0515625
0 0.49453125 0.1515625 0.0484375 0.04296875
0 0.51953125 0.24453125 0.05625 0.0453125