0 0.7078125 0.46484375 0.07890625 0.09140625
0 0.51796875 0.5390625 0.09296875 0.06484375
0 0.425 0.5171875 0.0921875 0.075
0 0.3 0.409375 0.071875 0.08671875
0 0.3890625 0.16796875 0.0828125 0.08984375
0 0.1234375 0.6171875 0.07109375 0.07578125
0 0.6625 0.421875 0.06796875 0.0671875
0 0.22109375 0.5734375 0.07421875 0.07109375
0 0.615625 0.5125 0.09296875 0.071875
0 0.08046875 0.88828125 0.07109375 0.07578125
0 0.4765625 0.47421875 0.0703125 0.0625
0 0.7515625 0.5609375 0.059375 0.0609375
0 0.45 0.79453125 0.07109375 0.07578125
0 0.5484375 0.7515625 0.07421875 0.07109375
0 0.178125 0.8453125 0.07421875 0.07109375
0 0.73515625 0.2296875 0.071875 0.07890625
0 0.6734375 0.90390625 0.0671875 0.06875
0 0.7890625 0.71953125 0.06328125 0.065625
0 0.3921875 0.34609375 0.07109375 0.071875
0 0.6203125 0.321875 0.05703125 0.0671875
0 0.9078125 0.5609375 0.06875 0.07109375
0 0.37578125 0.72421875 0.0765625 0.07265625
0 0.8015625 0.315625 0.0625 0.09609375
0 0.7609375 0.1390625 0.0890625 0.09296875
0 0.55078125 0.1046875 0.07265625 0.0671875
0 0.30859375 0.16328125 0.06796875 0.08125
0 0.4 0.09375 0.08359375 0.08203125
0 0.578125 0.05390625 0.08515625 0.06328125
0 0.021875 0.81796875 0.04375 0.0734375
0 0.04921875 0.546875 0.07734375 0.07265625
0 0.8 0.5234375 0.0625 0.06640625
0 0.35625 0.4765625 0.06484375 0.07734375
0 0.671875 0.075 0.08671875 0.0671875
0 0.465625 0.41484375 0.06328125 0.059375
0 0.41015625 0.44921875 0.06484375 0.053125
0 0.6125 0.45859375 0.05703125 0.0546875
0 0.4296875 0.6390625 0.075 0.07734375
0 0.059375 0.7328125 0.07421875 0.0765625
0 0.6296875 0.1125 0.08046875 0.06015625
0 0.5515625 0.48125 0.06875 0.0546875
0 0.7265625 0.62265625 0.06640625 0.06953125
0 0.85234375 0.7234375 0.06015625 0.0578125
0 0.8546875 0.8421875 0.06875 0.071875
0 0.746875 0.8046875 0.0609375 0.065625
0 0.6109375 0.2578125 0.07109375 0.0609375
0 0.8484375 0.965625 0.05703125 0.06328125
0 0.734375 0.98359375 0.0625 0.0328125
0 0.103125 0.46171875 0.07421875 0.0765625
0 0.78984375 0.2203125 0.0625 0.065625
0 0.69765625 0.153125 0.07421875 0.06953125
0 0.51953125 0.65625 0.06640625 0.07265625
0 0.471875 0.11875 0.06796875 0.06484375
0 0.7375 0.2984375 0.05546875 0.06484375
0 0.9265625 0.625 0.05234375 0.05546875
0 0.7984375 0.98828125 0.06171875 0.0234375
0 0.19296875 0.478125 0.06640625 0.07265625
0 0.771875 0.39375 0.0546875 0.0640625
0 0.2703125 0.240625 0.05859375 0.08515625
0 0.15 0.75 0.06640625 0.07265625
0 0.65859375 0.2171875 0.0703125 0.0609375
0 0.696875 0.84375 0.06015625 0.06171875
0 0.32578125 0.3234375 0.0640625 0.08046875
0 0.340625 0.240625 0.05390625 0.06953125
0 0.646875 0.1734375 0.06953125 0.0625
0 0.87265625 0.90625 0.053125 0.0546875
0 0.71875 0.36875 0.05859375 0.08125
0 0.4828125 0.0625 0.07109375 0.06484375
0 0.5859375 0.40703125 0.06328125 0.05546875
0 0.903125 0.684375 0.05859375 0.0640625
0 0.6765625 0.271875 0.059375 0.059375
0 0.4921875 0.25 0.053125 0.059375
0 0.80859375 0.8 0.05625 0.06015625
0 0.6296875 0.3703125 0.05 0.0484375
0 0.2703125 0.33359375 0.059375 0.07890625
0 0.53125 0.37421875 0.059375 0.06328125
0 0.5265625 0.4234375 0.0640625 0.05234375
0 0.590625 0.1625 0.05390625 0.05546875
0 0.47578125 0.359375 0.0703125 0.05859375
0 0.43984375 0.321875 0.06796875 0.06015625
0 0.52578125 0.1984375 0.0640625 0.0609375
0 0.4625 0.21875 0.0515625 0.0578125
0 0.8625 0.51875 0.0578125 0.0609375
0 0.41875 0.396875 0.06875 0.0609375
0 0.678125 0.328125 0.04375 0.05625
0 0.534375 0.328125 0.06328125 0.04140625
0 0.43515625 0.26796875 0.0484375 0.0609375
0 0.47890625 0.30546875 0.04609375 0.05
0 0.47734375 0.165625 0.0625 0.06015625
0 0.3609375 0.4015625 0.0515625 0.05703125
0 0.58125 0.29765625 0.04296875 0.0578125
0 0.5828125 0.2078125 0.06953125 0.04921875
0 0.6859375 0.97265625 0.04921875 0.04921875
0 0.3859375 0.26796875 0.04921875 0.0734375
0 0.7390625 0.690625 0.0484375 0.04921875
0 0.42109375 0.20703125 0.05625 0.059375
0 0.5828125 0.3640625 0.04296875 0.0546875
0 0.5375 0.15390625 0.053125 0.0484375
0 0.55 0.2484375 0.0609375 0.0515625