0 0.540625 0.5578125 0.0484375 0.07578125
0 0.7796875 0.9078125 0.0671875 0.065625
0 0.15625 0.3578125 0.08046875 0.06796875
0 0.51875 0.903125 0.0671875 0.06640625
0 0.61796875 0.76953125 0.06640625 0.06953125
0 0.46875 0.696875 0.065625 0.06484375
0 0.784375 0.55859375 0.0671875 0.065625
0 0.1015625 0.3140625 0.07265625 0.07109375
0 0.5453125 0.4703125 0.0515625 0.065625
0 0.884375 0.425 0.0671875 0.06953125
0 0.878125 0.7734375 0.06640625 0.06953125
0 0.0515625 0.47578125 0.05390625 0.0734375
0 0.35546875 0.22265625 0.08671875 0.06328125
0 0.2921875 0.7203125 0.08125 0.053125
0 0.6078125 0.93515625 0.06796875 0.06953125
0 0.5328125 0.38671875 0.05859375 0.0765625
0 0.4828125 0.53671875 0.05078125 0.06171875
0 0.0625 0.3921875 0.0515625 0.0703125
0 0.1796875 0.73515625 0.08359375 0.065625
0 0.9265625 0.8546875 0.07265625 0.065625
0 0.9328125 0.50546875 0.07265625 0.06640625
0 0.05703125 0.57421875 0.04765625 0.084375
0 0.86796875 0.93984375 0.06875 0.06953125
0 0.10078125 0.66640625 0.06328125 0.078125
0 0.484375 0.4625 0.05078125 0.06328125
0 0.1078125 0.440625 0.04921875 0.07890625
0 0.259375 0.40625 0.05859375 0.05859375
0 0.665625 0.85 0.07265625 0.065625
0 0.521875 0.80625 0.06796875 0.0609375
0 0.87421875 0.590625 0.06875 0.06875
0 0.51796875 0.63125 0.046875 0.05546875
0 0.29375 0.340625 0.05234375 0.05546875
0 0.2328125 0.29375 0.075 0.0453125
0 0.3125 0.6453125 0.0703125 0.0484375
0 0.6171875 0.2515625 0.05703125 0.0546875
0 0.42421875 0.4359375 0.046875 0.05859375
0 0.696875 0.178125 0.05546875 0.0515625
0 0.3625 0.6984375 0.0703125 0.05078125
0 0.371875 0.55625 0.04375 0.06796875
0 0.7875 0.1046875 0.059375 0.05625
0 0.484375 0.3234375 0.05625 0.05078125
0 0.684375 0.1203125 0.04765625 0.05
0 0.9484375 0.125 0.04609375 0.05
0 0.428125 0.575 0.04296875 0.059375
0 0.96171875 0.1828125 0.05546875 0.0515625
0 0.52265625 0.1 0.06015625 0.05625
0 0.1765625 0.59375 0.05078125 0.0546875
0 0.25390625 0.465625 0.0515625 0.04765625
0 0.78125 0.20703125 0.0546875 0.05078125
0 0.7828125 0.8109375 0.06796875 0.0609375
0 0.428125 0.271875 0.065625 0.053125
0 0.1796875 0.2546875 0.065625 0.05546875
0 0.8828125 0.25625 0.05703125 0.05546875
0 0.5171875 0.203125 0.0546875 0.05078125
0 0.2421875 0.77265625 0.0671875 0.04921875
0 0.4703125 0.390625 0.04765625 0.05
0 0.23359375 0.365625 0.0546875 0.06015625
0 0.7890625 0.4625 0.06796875 0.0609375
0 0.37734375 0.4953125 0.05859375 0.05625
0 0.46796875 0.60625 0.04296875 0.05859375
0 0.3921875 0.7421875 0.071875 0.06484375
0 0.1515625 0.4546875 0.05078125 0.05859375
0 0.3671875 0.440625 0.04921875 0.0390625
0 0.32578125 0.4 0.0625 0.0515625
0 0.33125 0.58359375 0.0515625 0.0609375
0 0.2359375 0.63125 0.0640625 0.053125
0 0.428125 0.65703125 0.04453125 0.05
0 0.4015625 0.321875 0.05390625 0.05625
0 0.559375 0.24296875 0.05234375 0.05078125
0 0.140625 0.6296875 0.0578125 0.0578125
0 0.578125 0.0703125 0.04609375 0.0421875
0 0.32265625 0.28125 0.04609375 0.04609375
0 0.8234375 0.24765625 0.05234375 0.0515625
0 0.434375 0.50234375 0.04296875 0.0484375
0 0.10859375 0.5375 0.05546875 0.06328125
0 0.20625 0.4484375 0.04453125 0.0671875
0 0.2078125 0.68359375 0.05 0.04765625
0 0.3125 0.44609375 0.0515625 0.03984375
0 0.2453125 0.53125 0.04609375 0.0546875
0 0.90390625 0.0828125 0.05625 0.04921875
0 0.221875 0.56953125 0.05390625 0.05
0 0.39375 0.38515625 0.03515625 0.0515625
0 0.7578125 0.1578125 0.05078125 0.04609375
0 0.3015625 0.5546875 0.04921875 0.03671875
0 0.184375 0.39765625 0.05 0.05078125
0 0.49375 0.15390625 0.05 0.04609375
0 0.63984375 0.078125 0.05625 0.04921875
0 0.8421875 0.07578125 0.04609375 0.0421875
0 0.3796875 0.62265625 0.05 0.06171875
0 0.675 0.23046875 0.03984375 0.040625
0 0.15546875 0.52578125 0.04609375 0.06484375
0 0.259375 0.21875 0.0890625 0.05234375
0 0.9390625 0.234375 0.0390625 0.03984375
0 0.1953125 0.50859375 0.046875 0.0640625
0 0.334375 0.5046875 0.0328125 0.059375
0 0.3171875 0.775 0.0703125 0.0484375
0 0.2796875 0.596875 0.04921875 0.0359375
0 0.34375 0.353125 0.05390625 0.0359375