0 0.4421875 0.540625 0.07578125 0.0484375
0 0.0921875 0.7796875 0.065625 0.0671875
0 0.6421875 0.15625 0.06796875 0.08046875
0 0.096875 0.51875 0.06640625 0.0671875
0 0.23046875 0.61796875 0.06953125 0.06640625
0 0.303125 0.46875 0.06484375 0.065625
0 0.44140625 0.784375 0.065625 0.0671875
0 0.6859375 0.1015625 0.07109375 0.07265625
0 0.5296875 0.5453125 0.065625 0.0515625
0 0.575 0.884375 0.06953125 0.0671875
0 0.2265625 0.878125 0.06953125 0.06640625
0 0.52421875 0.0515625 0.0734375 0.05390625
0 0.77734375 0.35546875 0.06328125 0.08671875
0 0.2796875 0.2921875 0.053125 0.08125
0 0.06484375 0.6078125 0.06953125 0.06796875
0 0.61328125 0.5328125 0.0765625 0.05859375
0 0.46328125 0.4828125 0.06171875 0.05078125
0 0.6078125 0.0625 0.0703125 0.0515625
0 0.26484375 0.1796875 0.065625 0.08359375
0 0.1453125 0.9265625 0.065625 0.07265625
0 0.49453125 0.9328125 0.06640625 0.07265625
0 0.42578125 0.05703125 0.084375 0.04765625
0 0.06015625 0.86796875 0.06953125 0.06875
0 0.33359375 0.10078125 0.078125 0.06328125
0 0.5375 0.484375 0.06328125 0.05078125
0 0.559375 0.1078125 0.07890625 0.04921875
0 0.59375 0.259375 0.05859375 0.05859375
0 0.15 0.665625 0.065625 0.07265625
0 0.19375 0.521875 0.0609375 0.06796875
0 0.409375 0.87421875 0.06875 0.06875
0 0.36875 0.51796875 0.05546875 0.046875
0 0.659375 0.29375 0.05546875 0.05234375
0 0.70625 0.2328125 0.0453125 0.075
0 0.3546875 0.3125 0.0484375 0.0703125
0 0.7484375 0.6171875 0.0546875 0.05703125
0 0.5640625 0.42421875 0.05859375 0.046875
0 0.821875 0.696875 0.0515625 0.05546875
0 0.3015625 0.3625 0.05078125 0.0703125
0 0.44375 0.371875 0.06796875 0.04375
0 0.8953125 0.7875 0.05625 0.059375
0 0.6765625 0.484375 0.05078125 0.05625
0 0.8796875 0.684375 0.05 0.04765625
0 0.875 0.9484375 0.05 0.04609375
0 0.425 0.428125 0.059375 0.04296875
0 0.8171875 0.96171875 0.0515625 0.05546875
0 0.9 0.52265625 0.05625 0.06015625
0 0.40625 0.1765625 0.0546875 0.05078125
0 0.534375 0.25390625 0.04765625 0.0515625
0 0.79296875 0.78125 0.05078125 0.0546875
0 0.1890625 0.7828125 0.0609375 0.06796875
0 0.728125 0.428125 0.053125 0.065625
0 0.7453125 0.1796875 0.05546875 0.065625
0 0.74375 0.8828125 0.05546875 0.05703125
0 0.796875 0.5171875 0.05078125 0.0546875
0 0.22734375 0.2421875 0.04921875 0.0671875
0 0.609375 0.4703125 0.05 0.04765625
0 0.634375 0.23359375 0.06015625 0.0546875
0 0.5375 0.7890625 0.0609375 0.06796875
0 0.5046875 0.37734375 0.05625 0.05859375
0 0.39375 0.46796875 0.05859375 0.04296875
0 0.2578125 0.3921875 0.06484375 0.071875
0 0.5453125 0.1515625 0.05859375 0.05078125
0 0.559375 0.3671875 0.0390625 0.04921875
0 0.6 0.32578125 0.0515625 0.0625
0 0.41640625 0.33125 0.0609375 0.0515625
0 0.36875 0.2359375 0.053125 0.0640625
0 0.34296875 0.428125 0.05 0.04453125
0 0.678125 0.4015625 0.05625 0.05390625
0 0.75703125 0.559375 0.05078125 0.05234375
0 0.3703125 0.140625 0.0578125 0.0578125
0 0.9296875 0.578125 0.0421875 0.04609375
0 0.71875 0.32265625 0.04609375 0.04609375
0 0.75234375 0.8234375 0.0515625 0.05234375
0 0.49765625 0.434375 0.0484375 0.04296875
0 0.4625 0.10859375 0.06328125 0.05546875
0 0.5515625 0.20625 0.0671875 0.04453125
0 0.31640625 0.2078125 0.04765625 0.05
0 0.55390625 0.3125 0.03984375 0.0515625
0 0.46875 0.2453125 0.0546875 0.04609375
0 0.9171875 0.90390625 0.04921875 0.05625
0 0.43046875 0.221875 0.05 0.05390625
0 0.61484375 0.39375 0.0515625 0.03515625
0 0.8421875 0.7578125 0.04609375 0.05078125
0 0.4453125 0.3015625 0.03671875 0.04921875
0 0.60234375 0.184375 0.05078125 0.05
0 0.84609375 0.49375 0.04609375 0.05
0 0.921875 0.63984375 0.04921875 0.05625
0 0.92421875 0.8421875 0.0421875 0.04609375
0 0.37734375 0.3796875 0.06171875 0.05
0 0.76953125 0.675 0.040625 0.03984375
0 0.47421875 0.15546875 0.06484375 0.04609375
0 0.78125 0.259375 0.05234375 0.0890625
0 0.765625 0.9390625 0.03984375 0.0390625
0 0.49140625 0.1953125 0.0640625 0.046875
0 0.4953125 0.334375 0.059375 0.0328125
0 0.225 0.3171875 0.0484375 0.0703125
0 0.403125 0.2796875 0.0359375 0.04921875
0 0.646875 0.34375 0.0359375 0.05390625