0 0.25859375 0.8234375 0.16171875 0.1359375
0 0.38359375 0.128125 0.13984375 0.115625
0 0.13515625 0.36328125 0.14375 0.13984375
0 0.690625 0.58203125 0.134375 0.14296875
0 0.89453125 0.5390625 0.09765625 0.13984375
0 0.29921875 0.509375 0.1 0.14296875
0 0.5609375 0.12265625 0.115625 0.125
0 0.1546875 0.68671875 0.1015625 0.15234375
0 0.115625 0.51953125 0.115625 0.14296875
0 0.41484375 0.88359375 0.12265625 0.1109375
0 0.74765625 0.18671875 0.14765625 0.146875
0 0.5453125 0.884375 0.13203125 0.10859375
0 0.35703125 0.653125 0.1109375 0.11796875
0 0.68359375 0.4015625 0.1359375 0.1484375
0 0.375 0.33671875 0.13359375 0.15390625
0 0.87578125 0.359375 0.115625 0.171875
0 0.22578125 0.2109375 0.11875 0.1359375
0 0.53046875 0.29296875 0.14921875 0.115625
0 0.8265625 0.7 0.115625 0.14296875
0 0.709375 0.8265625 0.1203125 0.115625
0 0.525 0.684375 0.1625 0.13203125