0 0.3234375 0.60625 0.15625 0.153125
0 0.83828125 0.63359375 0.12109375 0.13671875
0 0.12734375 0.40546875 0.13046875 0.140625
0 0.4078125 0.29453125 0.15859375 0.15703125
0 0.765625 0.78203125 0.14921875 0.17890625
0 0.69296875 0.175 0.146875 0.13671875
0 0.18359375 0.73671875 0.14140625 0.140625
0 0.81953125 0.3140625 0.12421875 0.13828125
0 0.57109375 0.315625 0.14921875 0.1625
0 0.4625 0.9046875 0.15234375 0.1328125
0 0.20703125 0.24140625 0.14140625 0.175
0 0.3140625 0.85546875 0.15078125 0.1640625
0 0.4671875 0.69921875 0.14375 0.1109375
0 0.1171875 0.57109375 0.12265625 0.1546875
0 0.61171875 0.67421875 0.128125 0.12265625
0 0.6234375 0.87734375 0.15703125 0.13359375
0 0.53515625 0.103125 0.14375 0.109375
0 0.86796875 0.47578125 0.115625 0.14765625
0 0.66015625 0.5015625 0.146875 0.18203125
0 0.30703125 0.44609375 0.1265625 0.1625
0 0.35390625 0.1234375 0.175 0.1390625