0 0.35390625 0.646875 0.16015625 0.15703125
0 0.8609375 0.54609375 0.125 0.140625
0 0.11640625 0.50078125 0.134375 0.14375
0 0.36171875 0.3234375 0.1625 0.1609375
0 0.82421875 0.7078125 0.1546875 0.1828125
0 0.6109375 0.13671875 0.15078125 0.140625
0 0.2484375 0.8078125 0.1453125 0.14453125
0 0.765625 0.240625 0.128125 0.1421875
0 0.525 0.303125 0.153125 0.16640625
0 0.559375 0.9015625 0.1546875 0.13828125
0 0.1546875 0.321875 0.146875 0.17890625
0 0.403125 0.890625 0.1546875 0.16796875
0 0.515625 0.7015625 0.146875 0.11484375
0 0.1453125 0.66328125 0.1265625 0.15703125
0 0.65 0.64140625 0.13046875 0.12578125
0 0.709375 0.8359375 0.16171875 0.13828125
0 0.440625 0.10625 0.146875 0.11328125
0 0.8515625 0.3859375 0.1203125 0.15
0 0.65546875 0.46171875 0.15234375 0.184375
0 0.29921875 0.49609375 0.13203125 0.16640625
0 0.2703125 0.17109375 0.17734375 0.14453125