0 0.28515625 0.7453125 0.0953125 0.0890625
0 0.8453125 0.7109375 0.0921875 0.10703125
0 0.0875 0.33046875 0.090625 0.12109375
0 0.11484375 0.6578125 0.09609375 0.13515625
0 0.715625 0.85234375 0.09296875 0.10078125
0 0.58515625 0.8046875 0.08203125 0.07890625
0 0.5203125 0.903125 0.11328125 0.0796875
0 0.20390625 0.8046875 0.0953125 0.08984375
0 0.22890625 0.2921875 0.08046875 0.07890625
0 0.8125 0.39453125 0.084375 0.109375
0 0.20625 0.18125 0.10078125 0.08515625
0 0.70859375 0.73515625 0.128125 0.11953125
0 0.29296875 0.36328125 0.0953125 0.08125
0 0.434375 0.1984375 0.08046875 0.06171875
0 0.35625 0.12578125 0.071875 0.06015625
0 0.39140625 0.81484375 0.08359375 0.07890625
0 0.51953125 0.08671875 0.1421875 0.0875
0 0.715625 0.61015625 0.1421875 0.08125
0 0.61171875 0.6921875 0.0625 0.0640625
0 0.590625 0.2078125 0.1046875 0.07109375
0 0.4984375 0.29453125 0.0765625 0.06796875
0 0.91875 0.5234375 0.07890625 0.10078125
0 0.35625 0.6859375 0.0671875 0.0640625
0 0.8234375 0.2171875 0.0953125 0.0984375
0 0.35 0.90859375 0.06953125 0.0609375
0 0.6890625 0.1390625 0.0640625 0.06796875
0 0.6625 0.64453125 0.06484375 0.0515625
0 0.7046875 0.46171875 0.059375 0.075
0 0.075 0.49140625 0.05859375 0.071875
0 0.8171875 0.52265625 0.05625 0.07265625
0 0.909375 0.353125 0.05234375 0.07578125
0 0.1875 0.4328125 0.0796875 0.1484375
0 0.2796875 0.65390625 0.1046875 0.0921875
0 0.415625 0.72109375 0.04296875 0.078125
0 0.4046875 0.55078125 0.0296875 0.0328125
0 0.271875 0.453125 0.0484375 0.08046875
0 0.34296875 0.296875 0.09375 0.1578125
0 0.5359375 0.72265625 0.04765625 0.0921875
0 0.2375 0.60703125 0.15 0.09453125
0 0.59375 0.6015625 0.0375 0.0421875
0 0.7015625 0.38515625 0.08984375 0.059375
0 0.584375 0.30859375 0.05703125 0.0953125
0 0.45546875 0.3796875 0.03515625 0.0375
0 0.475 0.58671875 0.0375 0.0375
0 0.37734375 0.61328125 0.0359375 0.03359375
0 0.61015625 0.46015625 0.03203125 0.03828125
0 0.47734375 0.4359375 0.03515625 0.03984375
0 0.33671875 0.47578125 0.0359375 0.03671875
0 0.675 0.30546875 0.1484375 0.17109375
0 0.33125 0.528125 0.0359375 0.03515625
0 0.4125 0.29609375 0.04453125 0.10390625
0 0.56015625 0.6359375 0.0359375 0.0390625
0 0.5875 0.41796875 0.03359375 0.0359375
0 0.35078125 0.58046875 0.040625 0.0359375
0 0.546875 0.3890625 0.03671875 0.03671875
0 0.5 0.375 0.03125 0.0359375
0 0.4078125 0.39609375 0.03125 0.0296875
0 0.71484375 0.53671875 0.128125 0.0375
0 0.39296875 0.51171875 0.0359375 0.0375
0 0.42578125 0.63671875 0.03671875 0.040625
0 0.48125 0.7625 0.06328125 0.16328125
0 0.515625 0.6484375 0.034375 0.034375
0 0.55546875 0.5171875 0.04140625 0.0375
0 0.40546875 0.4703125 0.04140625 0.0359375
0 0.609375 0.55625 0.0390625 0.03671875
0 0.4703125 0.64609375 0.03984375 0.034375
0 0.4359375 0.4390625 0.0296875 0.034375
0 0.5421875 0.47578125 0.03671875 0.03359375
0 0.5171875 0.58515625 0.0375 0.03984375
0 0.615625 0.50625 0.03515625 0.03828125
0 0.21796875 0.540625 0.1453125 0.04921875
0 0.51875 0.44453125 0.0390625 0.0359375
0 0.36484375 0.4265625 0.034375 0.03671875
0 0.4328125 0.57734375 0.03828125 0.03515625
0 0.5515625 0.5578125 0.03515625 0.0390625