0 0.315625 0.7703125 0.1046875 0.10078125
0 0.8671875 0.665625 0.10390625 0.11796875
0 0.0703125 0.38359375 0.10390625 0.13125
0 0.1359375 0.70546875 0.1109375 0.146875
0 0.75625 0.82265625 0.10390625 0.11171875
0 0.6203125 0.79140625 0.090625 0.08828125
0 0.56796875 0.89765625 0.121875 0.09296875
0 0.2421875 0.83984375 0.10546875 0.1015625
0 0.20625 0.328125 0.0890625 0.08828125
0 0.7984375 0.35546875 0.096875 0.11953125
0 0.1703125 0.22109375 0.11015625 0.09765625
0 0.734375 0.70703125 0.14140625 0.134375
0 0.278125 0.390625 0.10390625 0.0921875
0 0.4 0.20859375 0.08671875 0.07109375
0 0.31328125 0.146875 0.078125 0.06875
0 0.4296875 0.82578125 0.0921875 0.08828125
0 0.4703125 0.0875 0.1515625 0.1046875
0 0.7265625 0.58203125 0.15078125 0.0984375
0 0.63359375 0.6765625 0.06953125 0.07109375
0 0.55625 0.1984375 0.1125 0.084375
0 0.4734375 0.29609375 0.084375 0.07734375
0 0.91875 0.4703125 0.08984375 0.109375
0 0.37890625 0.703125 0.07421875 0.071875
0 0.78828125 0.178125 0.10625 0.109375
0 0.3984375 0.92421875 0.07578125 0.06875
0 0.6453125 0.11796875 0.071875 0.07578125
0 0.678125 0.62265625 0.0703125 0.06015625
0 0.6984375 0.43671875 0.06796875 0.08203125
0 0.078125 0.5453125 0.06640625 0.07890625
0 0.8171875 0.48203125 0.0640625 0.0796875
0 0.8890625 0.30234375 0.0609375 0.08125
0 0.1828125 0.4734375 0.096875 0.15703125
0 0.29921875 0.68125 0.11484375 0.1046875
0 0.4421875 0.73046875 0.0515625 0.0828125
0 0.4109375 0.5625 0.03359375 0.0359375
0 0.26796875 0.4828125 0.0578125 0.0859375
0 0.3203125 0.31875 0.11171875 0.16875
0 0.5625 0.7171875 0.0578125 0.0984375
0 0.2515625 0.6390625 0.16015625 0.11328125
0 0.6046875 0.5890625 0.0421875 0.04609375
0 0.6859375 0.36015625 0.09609375 0.06953125
0 0.56171875 0.29921875 0.06796875 0.10234375
0 0.4421875 0.38671875 0.0390625 0.04140625
0 0.484375 0.5890625 0.04140625 0.0421875
0 0.39140625 0.628125 0.03984375 0.0375
0 0.6046875 0.44609375 0.0359375 0.0421875
0 0.4703125 0.4390625 0.03984375 0.04375
0 0.33515625 0.496875 0.03984375 0.040625
0 0.6515625 0.284375 0.1671875 0.1890625
0 0.3359375 0.54921875 0.03984375 0.0390625
0 0.3890625 0.309375 0.05625 0.10859375
0 0.57578125 0.628125 0.040625 0.04296875
0 0.5765625 0.4078125 0.0375 0.03984375
0 0.3609375 0.59921875 0.04453125 0.040625
0 0.53359375 0.38359375 0.040625 0.040625
0 0.484375 0.37578125 0.03515625 0.03984375
0 0.39609375 0.40859375 0.034375 0.034375
0 0.7171875 0.509375 0.13125 0.05390625
0 0.3953125 0.525 0.03984375 0.04140625
0 0.4421875 0.6453125 0.04140625 0.04453125
0 0.5125 0.7625 0.08203125 0.16953125
0 0.5328125 0.6453125 0.03828125 0.03828125
0 0.55703125 0.51015625 0.0453125 0.0421875
0 0.403125 0.4828125 0.0453125 0.040625
0 0.615625 0.54140625 0.04296875 0.04140625
0 0.4875 0.64921875 0.04375 0.0390625
0 0.4296875 0.44765625 0.03359375 0.0375
0 0.5390625 0.4703125 0.040625 0.0375
0 0.5265625 0.58203125 0.0421875 0.04375
0 0.615625 0.4921875 0.0390625 0.0421875
0 0.225 0.57578125 0.15 0.0671875
0 0.5125 0.44296875 0.04296875 0.040625
0 0.3578125 0.44453125 0.03828125 0.040625
0 0.4421875 0.5859375 0.0421875 0.03984375
0 0.5578125 0.55078125 0.03984375 0.04296875