0 0.29375 0.75234375 0.0984375 0.0921875
0 0.8515625 0.6984375 0.09609375 0.11015625
0 0.08203125 0.3453125 0.09453125 0.12421875
0 0.1203125 0.671875 0.10078125 0.1390625
0 0.728125 0.84453125 0.09609375 0.10390625
0 0.5953125 0.8015625 0.084375 0.08203125
0 0.534375 0.90234375 0.115625 0.08359375
0 0.2140625 0.81484375 0.0984375 0.09296875
0 0.221875 0.30234375 0.0828125 0.08203125
0 0.809375 0.38359375 0.08828125 0.1125
0 0.1953125 0.1921875 0.10390625 0.08828125
0 0.71640625 0.72734375 0.13203125 0.12421875
0 0.2890625 0.37109375 0.09765625 0.084375
0 0.425 0.20078125 0.0828125 0.06484375
0 0.34375 0.13125 0.07421875 0.0625
0 0.4015625 0.81796875 0.0859375 0.08203125
0 0.50546875 0.08671875 0.1453125 0.0921875
0 0.71875 0.60234375 0.14453125 0.0859375
0 0.61796875 0.68828125 0.06484375 0.06640625
0 0.58125 0.2046875 0.10703125 0.07578125
0 0.490625 0.29453125 0.07890625 0.0703125
0 0.91875 0.50859375 0.08203125 0.103125
0 0.3625 0.69140625 0.06953125 0.06640625
0 0.8140625 0.20546875 0.0984375 0.1015625
0 0.36328125 0.91328125 0.071875 0.06328125
0 0.6765625 0.1328125 0.06640625 0.0703125
0 0.6671875 0.63828125 0.06640625 0.0546875
0 0.703125 0.4546875 0.06171875 0.07734375
0 0.075 0.50703125 0.0609375 0.075
0 0.8171875 0.5109375 0.05859375 0.075
0 0.9046875 0.33828125 0.0546875 0.07734375
0 0.1859375 0.44453125 0.084375 0.15078125
0 0.284375 0.66171875 0.1078125 0.096875
0 0.42265625 0.72421875 0.0453125 0.0796875
0 0.40625 0.5546875 0.03046875 0.03359375
0 0.2703125 0.46171875 0.05078125 0.08203125
0 0.3359375 0.303125 0.09921875 0.16171875
0 0.54375 0.72109375 0.05078125 0.09375
0 0.24140625 0.615625 0.153125 0.10078125
0 0.596875 0.59765625 0.0390625 0.04375
0 0.696875 0.378125 0.09140625 0.0625
0 0.578125 0.30546875 0.06015625 0.09765625
0 0.4515625 0.38125 0.03671875 0.0390625
0 0.47734375 0.5875 0.0390625 0.0390625
0 0.38125 0.61796875 0.03671875 0.03515625
0 0.60859375 0.45625 0.03359375 0.0390625
0 0.475 0.43671875 0.03671875 0.04140625
0 0.3359375 0.48203125 0.0375 0.03828125
0 0.66875 0.29921875 0.15390625 0.1765625
0 0.3328125 0.534375 0.03671875 0.03671875
0 0.40546875 0.3 0.04765625 0.10546875
0 0.56484375 0.63359375 0.0375 0.040625
0 0.584375 0.41484375 0.03515625 0.03671875
0 0.353125 0.5859375 0.0421875 0.0375
0 0.54296875 0.3875 0.03828125 0.03828125
0 0.4953125 0.375 0.0328125 0.03671875
0 0.4046875 0.39921875 0.03203125 0.03046875
0 0.715625 0.52890625 0.1296875 0.0421875
0 0.39375 0.515625 0.0375 0.0390625
0 0.43046875 0.6390625 0.03828125 0.0421875
0 0.490625 0.7625 0.06875 0.165625
0 0.52109375 0.64765625 0.03515625 0.0359375
0 0.55625 0.515625 0.04296875 0.0390625
0 0.4046875 0.4734375 0.04296875 0.0375
0 0.6109375 0.5515625 0.040625 0.03828125
0 0.475 0.646875 0.040625 0.0359375
0 0.434375 0.44140625 0.03046875 0.03515625
0 0.5421875 0.47421875 0.0375 0.03515625
0 0.51953125 0.584375 0.0390625 0.04140625
0 0.615625 0.50234375 0.03671875 0.03984375
0 0.21953125 0.55078125 0.146875 0.0546875
0 0.5171875 0.44375 0.040625 0.0375
0 0.3625 0.43125 0.0359375 0.03828125
0 0.4359375 0.5796875 0.0390625 0.03671875
0 0.553125 0.55546875 0.03671875 0.040625