0 0.665625 0.75859375 0.1375 0.13203125
0 0.11875 0.26796875 0.1015625 0.1265625
0 0.8203125 0.759375 0.10078125 0.11640625
0 0.3296875 0.7875 0.0875 0.0875
0 0.2484375 0.7078125 0.1 0.0984375
0 0.678125 0.8875 0.10546875 0.10390625
0 0.08828125 0.5859375 0.0921875 0.12578125
0 0.3125 0.6671875 0.06953125 0.075
0 0.4734375 0.18828125 0.08515625 0.06484375
0 0.53359375 0.8203125 0.0890625 0.0875
0 0.37265625 0.71015625 0.059375 0.0796875
0 0.24609375 0.1296875 0.1109375 0.0828125
0 0.27421875 0.4140625 0.06953125 0.07734375
0 0.28671875 0.87890625 0.0765625 0.06484375
0 0.8109375 0.4390625 0.08984375 0.12109375
0 0.1484375 0.759375 0.09609375 0.1015625
0 0.25625 0.25234375 0.0859375 0.08203125
0 0.696875 0.3296875 0.16875 0.16484375
0 0.178125 0.3828125 0.0875 0.15234375
0 0.40625 0.09765625 0.07578125 0.06015625
0 0.475 0.9265625 0.14765625 0.08046875
0 0.728125 0.16484375 0.0796875 0.06328125
0 0.5234375 0.27890625 0.08125 0.075
0 0.8078125 0.55703125 0.0609375 0.078125
0 0.5796875 0.7140625 0.0671875 0.0734375
0 0.30625 0.346875 0.09296875 0.08125
0 0.6984375 0.634375 0.159375 0.1046875
0 0.83671875 0.25546875 0.1015625 0.1046875
0 0.9125 0.58515625 0.0890625 0.1078125
0 0.5046875 0.72734375 0.05546875 0.10234375
0 0.9203125 0.40859375 0.06484375 0.078125
0 0.634375 0.66875 0.06796875 0.06171875
0 0.565625 0.0921875 0.15 0.096875
0 0.7078125 0.496875 0.0671875 0.08125
0 0.22421875 0.55703125 0.16328125 0.08125
0 0.4359375 0.28671875 0.04140625 0.10859375
0 0.53203125 0.64140625 0.03671875 0.0390625
0 0.534375 0.56796875 0.03984375 0.04296875
0 0.60390625 0.31953125 0.065625 0.09921875
0 0.353125 0.59296875 0.0390625 0.0375
0 0.365625 0.4 0.0375 0.0421875
0 0.2375 0.484375 0.1203125 0.04609375
0 0.334375 0.44375 0.0328125 0.03984375
0 0.43984375 0.42421875 0.0375 0.0390625
0 0.5125 0.37109375 0.03828125 0.0421875
0 0.39375 0.62578125 0.0390625 0.03671875
0 0.5546875 0.3921875 0.04140625 0.040625
0 0.5953125 0.56796875 0.03671875 0.03828125
0 0.49375 0.5890625 0.03984375 0.03515625
0 0.525 0.4421875 0.03984375 0.040625
0 0.4140625 0.37421875 0.0390625 0.03828125
0 0.33046875 0.5484375 0.0375 0.0359375
0 0.4390625 0.6453125 0.04375 0.03515625
0 0.59453125 0.428125 0.0390625 0.040625
0 0.575 0.61484375 0.03984375 0.04609375
0 0.4828125 0.421875 0.0421875 0.034375
0 0.4484375 0.58828125 0.0390625 0.03515625
0 0.384375 0.53125 0.03046875 0.046875
0 0.54921875 0.52265625 0.040625 0.04609375
0 0.696875 0.56640625 0.1296875 0.0484375
0 0.621875 0.21171875 0.11171875 0.07890625
0 0.546875 0.47734375 0.03359375 0.03984375
0 0.6078125 0.4765625 0.03046875 0.03828125
0 0.2578125 0.6125 0.1375 0.090625
0 0.43125 0.7609375 0.06875 0.17421875
0 0.48828125 0.65 0.03984375 0.040625
0 0.359375 0.275 0.09375 0.15703125
0 0.40859375 0.571875 0.034375 0.03125
0 0.07890625 0.434375 0.06328125 0.078125
0 0.3828125 0.4828125 0.03046875 0.03671875
0 0.4625 0.365625 0.03828125 0.03984375
0 0.403125 0.44921875 0.0375 0.03984375
0 0.609375 0.52109375 0.0359375 0.04375
0 0.3234375 0.49765625 0.03515625 0.0421875