0 0.678125 0.74921875 0.13125 0.125
0 0.1078125 0.2890625 0.0953125 0.121875
0 0.8328125 0.74140625 0.0953125 0.1109375
0 0.3453125 0.796875 0.08359375 0.08359375
0 0.259375 0.72109375 0.0953125 0.09375
0 0.696875 0.87734375 0.10078125 0.0984375
0 0.09375 0.60859375 0.0859375 0.12109375
0 0.32109375 0.67734375 0.06640625 0.071875
0 0.4578125 0.18984375 0.08203125 0.0609375
0 0.55 0.81796875 0.08515625 0.0828125
0 0.38359375 0.7171875 0.05546875 0.0765625
0 0.228125 0.14375 0.10703125 0.07734375
0 0.2703125 0.4265625 0.065625 0.07421875
0 0.30625 0.88984375 0.0734375 0.0609375
0 0.80703125 0.42265625 0.084375 0.1171875
0 0.1625 0.778125 0.09140625 0.096875
0 0.24375 0.265625 0.08203125 0.078125
0 0.6875 0.31875 0.1609375 0.15625
0 0.1734375 0.4 0.08046875 0.1484375
0 0.3859375 0.103125 0.0734375 0.05625
0 0.496875 0.92734375 0.14453125 0.07265625
0 0.7109375 0.153125 0.0765625 0.059375
0 0.51171875 0.278125 0.078125 0.0703125
0 0.8109375 0.53984375 0.05703125 0.075
0 0.58984375 0.709375 0.0640625 0.06953125
0 0.2984375 0.3578125 0.0890625 0.0765625
0 0.7046875 0.6234375 0.1546875 0.096875
0 0.8234375 0.2375 0.096875 0.1
0 0.915625 0.5625 0.08359375 0.10390625
0 0.51640625 0.7265625 0.05078125 0.1
0 0.915625 0.38515625 0.0609375 0.075
0 0.6421875 0.6609375 0.06484375 0.05859375
0 0.5453125 0.0890625 0.14609375 0.08828125
0 0.7078125 0.48515625 0.06328125 0.078125
0 0.22734375 0.571875 0.16015625 0.07265625
0 0.425 0.290625 0.0359375 0.10703125
0 0.5390625 0.63984375 0.03515625 0.0375
0 0.53828125 0.565625 0.0375 0.04140625
0 0.59453125 0.3140625 0.0609375 0.09609375
0 0.3578125 0.60078125 0.0375 0.0359375
0 0.3609375 0.40703125 0.03515625 0.040625
0 0.2375 0.4984375 0.11875 0.03984375
0 0.33125 0.45234375 0.03125 0.03828125
0 0.4359375 0.42734375 0.0359375 0.0375
0 0.50546875 0.37109375 0.0359375 0.040625
0 0.4 0.63125 0.0375 0.03515625
0 0.5484375 0.38984375 0.03984375 0.03828125
0 0.5984375 0.56328125 0.03515625 0.03671875
0 0.4984375 0.58984375 0.03828125 0.0328125
0 0.521875 0.440625 0.03828125 0.0390625
0 0.4078125 0.37890625 0.0375 0.03671875
0 0.3328125 0.5578125 0.0359375 0.034375
0 0.446875 0.6484375 0.0421875 0.0328125
0 0.590625 0.4234375 0.0375 0.0390625
0 0.58046875 0.61015625 0.0375 0.04453125
0 0.47890625 0.4234375 0.040625 0.03203125
0 0.453125 0.590625 0.0375 0.03359375
0 0.3859375 0.5375 0.028125 0.0453125
0 0.55 0.51953125 0.03828125 0.04453125
0 0.7 0.55546875 0.128125 0.04140625
0 0.6078125 0.20625 0.1078125 0.0734375
0 0.54609375 0.475 0.03203125 0.03828125
0 0.60625 0.47109375 0.02890625 0.03671875
0 0.26328125 0.62578125 0.13359375 0.08359375
0 0.44375 0.7640625 0.06015625 0.1703125
0 0.4953125 0.65 0.03828125 0.03828125
0 0.3484375 0.2828125 0.0859375 0.15234375
0 0.4125 0.5765625 0.0328125 0.02890625
0 0.0765625 0.4578125 0.059375 0.075
0 0.3828125 0.4890625 0.02890625 0.03515625
0 0.45546875 0.36796875 0.03671875 0.03828125
0 0.4015625 0.4546875 0.0359375 0.03828125
0 0.61015625 0.51484375 0.03359375 0.0421875
0 0.3234375 0.5078125 0.0328125 0.040625