0 0.2328125 0.6390625 0.14140625 0.15625
0 0.7671875 0.13515625 0.13203125 0.11875
0 0.2140625 0.79921875 0.121875 0.1171875
0 0.24609375 0.28984375 0.09375 0.1
0 0.33203125 0.21484375 0.1046875 0.1140625
0 0.1078125 0.63671875 0.1109375 0.1203125
0 0.46796875 0.06484375 0.1296875 0.10859375
0 0.3625 0.2859375 0.07890625 0.08046875
0 0.80078125 0.5109375 0.071875 0.09453125
0 0.190625 0.4953125 0.09296875 0.1015625
0 0.31484375 0.34296875 0.08203125 0.06953125
0 0.884375 0.2828125 0.09140625 0.12265625
0 0.609375 0.27734375 0.08125 0.08046875
0 0.1640625 0.23359375 0.0703125 0.0859375
0 0.5203125 0.828125 0.12578125 0.10625
0 0.2953125 0.10625 0.1078125 0.11015625
0 0.76640625 0.27890625 0.08828125 0.09765625
0 0.6390625 0.7234375 0.17578125 0.19140625
0 0.6515625 0.18203125 0.1546875 0.1078125
0 0.8953125 0.45234375 0.065625 0.08515625
0 0.09609375 0.421875 0.09375 0.1609375
0 0.7921875 0.7765625 0.06953125 0.08828125
0 0.7078125 0.55 0.08046875 0.09296875
0 0.4078125 0.8109375 0.08046875 0.071875
0 0.2859375 0.55546875 0.07734375 0.078125
0 0.6703125 0.31875 0.0875 0.1046875
0 0.346875 0.68828125 0.11875 0.17578125
0 0.6921875 0.87734375 0.11171875 0.11640625
0 0.36875 0.91484375 0.11328125 0.10390625
0 0.2828125 0.47734375 0.103125 0.06875
0 0.5359375 0.9453125 0.08125 0.07578125
0 0.3234375 0.61796875 0.06640625 0.0765625
0 0.88125 0.61796875 0.109375 0.16484375
0 0.478125 0.71484375 0.08515625 0.078125
0 0.4796875 0.20859375 0.09609375 0.1765625
0 0.7109375 0.46015625 0.1078125 0.05546875
0 0.3609375 0.515625 0.04140625 0.0421875
0 0.43125 0.52734375 0.04609375 0.0453125
0 0.659375 0.62890625 0.1015625 0.07890625
0 0.4296875 0.3375 0.040625 0.04453125
0 0.6125 0.3734375 0.04453125 0.04296875
0 0.546875 0.23125 0.05859375 0.128125
0 0.57421875 0.3359375 0.04140625 0.0390625
0 0.5796875 0.446875 0.04140625 0.04296875
0 0.621875 0.528125 0.04453125 0.04375
0 0.39296875 0.375 0.03984375 0.04453125
0 0.59609375 0.56875 0.04296875 0.046875
0 0.4234375 0.58984375 0.040625 0.0421875
0 0.415625 0.4828125 0.0375 0.04453125
0 0.55234375 0.5328125 0.04375 0.04609375
0 0.63125 0.42578125 0.04140625 0.04453125
0 0.4734375 0.31953125 0.03828125 0.04296875
0 0.36875 0.41953125 0.03828125 0.0484375
0 0.55625 0.60625 0.04375 0.0453125
0 0.38125 0.56328125 0.0484375 0.04609375
0 0.5765625 0.4921875 0.03671875 0.046875
0 0.421875 0.4359375 0.03828125 0.04375
0 0.484375 0.37578125 0.04765625 0.03671875
0 0.47265625 0.5484375 0.04921875 0.046875
0 0.4125 0.6953125 0.06171875 0.13828125
0 0.759375 0.6609375 0.08828125 0.1234375
0 0.515625 0.5515625 0.04140625 0.03984375
0 0.509375 0.6140625 0.03984375 0.0359375
0 0.421875 0.2359375 0.10234375 0.15078125
0 0.259375 0.396875 0.171875 0.090625
0 0.35859375 0.46953125 0.04296875 0.0453125
0 0.73125 0.3828125 0.159375 0.11484375
0 0.44296875 0.396875 0.03359375 0.0390625
0 0.6140625 0.0734375 0.08125 0.07421875
0 0.53046875 0.38125 0.03828125 0.0359375
0 0.6328125 0.47734375 0.0421875 0.04375
0 0.56015625 0.40625 0.0421875 0.04296875
0 0.4671875 0.61015625 0.04609375 0.04140625
0 0.5234375 0.31796875 0.04453125 0.040625