0 0.7484375 0.2046875 0.13515625 0.13984375
0 0.37265625 0.1171875 0.18046875 0.159375
0 0.328125 0.83515625 0.1015625 0.1203125
0 0.23828125 0.18984375 0.1265625 0.146875
0 0.43515625 0.8453125 0.09921875 0.16484375
0 0.20390625 0.76953125 0.10390625 0.1390625
0 0.1296875 0.515625 0.153125 0.1453125
0 0.790625 0.7265625 0.11484375 0.1296875
0 0.5875 0.65703125 0.11640625 0.12421875
0 0.71171875 0.49609375 0.0984375 0.13359375
0 0.16015625 0.2578125 0.11796875 0.11640625
0 0.64140625 0.13203125 0.09375 0.1
0 0.8546875 0.4328125 0.13359375 0.10234375
0 0.14296875 0.653125 0.15390625 0.12578125
0 0.41875 0.37421875 0.08984375 0.08828125
0 0.85078125 0.57265625 0.1984375 0.14140625
0 0.32890625 0.6484375 0.115625 0.15078125
0 0.37890625 0.26171875 0.11484375 0.1015625
0 0.68828125 0.37734375 0.09140625 0.06640625
0 0.12734375 0.371875 0.13671875 0.09453125
0 0.5390625 0.115625 0.10703125 0.1296875
0 0.6109375 0.27734375 0.14921875 0.09296875
0 0.5453125 0.36875 0.103125 0.096875
0 0.38828125 0.5046875 0.07578125 0.1
0 0.48203125 0.2515625 0.08828125 0.09375
0 0.4890625 0.5671875 0.08984375 0.08828125
0 0.46875 0.68984375 0.0828125 0.090625
0 0.2640625 0.41484375 0.0671875 0.07578125
0 0.30234375 0.34140625 0.10546875 0.11015625
0 0.671875 0.615625 0.07109375 0.0921875
0 0.27734375 0.521875 0.0765625 0.08203125
0 0.70078125 0.8015625 0.084375 0.1125
0 0.6 0.503125 0.07265625 0.10390625
0 0.84296875 0.315625 0.13828125 0.0875
0 0.5796875 0.84921875 0.134375 0.215625