0 0.31015625 0.7640625 0.10546875 0.09296875
0 0.78515625 0.18984375 0.10390625 0.11171875
0 0.73125 0.76015625 0.10078125 0.10078125
0 0.2 0.79140625 0.08125 0.096875
0 0.17265625 0.42734375 0.08046875 0.1046875
0 0.8984375 0.671875 0.07265625 0.09375
0 0.1109375 0.64296875 0.0828125 0.0890625
0 0.55 0.828125 0.0828125 0.05390625
0 0.6421875 0.10390625 0.09375 0.071875
0 0.084375 0.48671875 0.06953125 0.10390625
0 0.709375 0.8921875 0.09453125 0.08125
0 0.4140625 0.7234375 0.090625 0.0828125
0 0.61328125 0.72734375 0.0671875 0.08671875
0 0.93359375 0.50390625 0.06953125 0.11171875
0 0.8109375 0.37109375 0.0734375 0.09609375
0 0.48359375 0.7484375 0.07578125 0.0671875
0 0.47265625 0.1546875 0.09296875 0.0671875
0 0.3125 0.6515625 0.06328125 0.08984375
0 0.25859375 0.5421875 0.06484375 0.0640625
0 0.63671875 0.34921875 0.06328125 0.06328125
0 0.734375 0.625 0.071875 0.08125
0 0.7671875 0.4796875 0.07109375 0.08359375
0 0.12109375 0.33203125 0.078125 0.1015625
0 0.46015625 0.30625 0.08359375 0.075
0 0.43671875 0.55390625 0.05546875 0.0703125
0 0.253125 0.4625 0.07734375 0.0765625
0 0.72421875 0.3453125 0.0828125 0.08515625
0 0.340625 0.4921875 0.07421875 0.06875
0 0.63828125 0.81015625 0.075 0.075
0 0.5390625 0.234375 0.07734375 0.06484375
0 0.31171875 0.87734375 0.07265625 0.065625
0 0.35078125 0.55625 0.07109375 0.05390625
0 0.2890625 0.34765625 0.07578125 0.06953125
0 0.68671875 0.45703125 0.0625 0.046875
0 0.39609375 0.33828125 0.059375 0.06875
0 0.47578125 0.8265625 0.0578125 0.05
0 0.55859375 0.56015625 0.05546875 0.05859375
0 0.6484375 0.209375 0.05703125 0.05078125
0 0.65546875 0.59453125 0.05390625 0.06171875
0 0.24140625 0.69140625 0.0625 0.07265625
0 0.340625 0.4203125 0.06484375 0.04609375
0 0.57265625 0.16953125 0.06484375 0.04765625
0 0.88984375 0.34140625 0.07890625 0.09375
0 0.57265625 0.38203125 0.06953125 0.04375
0 0.5546875 0.6515625 0.06328125 0.10078125
0 0.85 0.46328125 0.05078125 0.07734375
0 0.8390625 0.55546875 0.05078125 0.0828125
0 0.71328125 0.24375 0.04609375 0.04765625
0 0.5875 0.31484375 0.04296875 0.04453125
0 0.434375 0.64453125 0.0484375 0.05703125
0 0.61796875 0.48515625 0.04609375 0.0625
0 0.40546875 0.80703125 0.059375 0.04296875
0 0.359375 0.36953125 0.05625 0.05390625
0 0.4859375 0.6484375 0.04765625 0.078125
0 0.375 0.61171875 0.05 0.065625
0 0.81875 0.79921875 0.0796875 0.09453125
0 0.4625 0.3734375 0.05390625 0.046875
0 0.20390625 0.6234375 0.06328125 0.04765625
0 0.5125 0.36953125 0.04296875 0.04609375
0 0.68125 0.4015625 0.0640625 0.03828125
0 0.5140625 0.515625 0.04609375 0.03828125
0 0.8078125 0.63515625 0.04375 0.05859375
0 0.2734375 0.6 0.0375 0.05
0 0.68359375 0.521875 0.09453125 0.06796875
0 0.221875 0.32265625 0.04609375 0.06015625
0 0.5390625 0.30703125 0.05 0.06015625
0 0.371875 0.26640625 0.04453125 0.05390625
0 0.6125 0.6296875 0.03984375 0.05546875
0 0.16875 0.52109375 0.04296875 0.04921875
0 0.48046875 0.425 0.0421875 0.03984375
0 0.5421875 0.42265625 0.04921875 0.04453125
0 0.5671875 0.48828125 0.03359375 0.04765625
0 0.78515625 0.6921875 0.03671875 0.04921875
0 0.46484375 0.48671875 0.0359375 0.04609375
0 0.55 0.7515625 0.03984375 0.0453125
0 0.765625 0.29765625 0.04609375 0.05
0 0.42578125 0.240625 0.05234375 0.07265625
0 0.4125 0.49375 0.0390625 0.03828125
0 0.47734375 0.06328125 0.16640625 0.08125
0 0.5125 0.9125 0.19296875 0.08125
0 0.6 0.540625 0.034375 0.0421875
0 0.69296875 0.66875 0.0375 0.06953125
0 0.503125 0.575 0.03984375 0.04296875
0 0.665625 0.28828125 0.053125 0.040625
0 0.60625 0.259375 0.0421875 0.05
0 0.375 0.69375 0.04296875 0.04375
0 0.759375 0.54921875 0.05078125 0.0359375
0 0.75078125 0.41015625 0.0375 0.02578125
0 0.40703125 0.44453125 0.03203125 0.0359375
0 0.3859375 0.17734375 0.05234375 0.0359375
0 0.3296875 0.29453125 0.04765625 0.03828125
0 0.46640625 0.23671875 0.03828125 0.03671875
0 0.18515625 0.57734375 0.04140625 0.0390625
0 0.2703125 0.41640625 0.04140625 0.0359375
0 0.33515625 0.2125 0.03828125 0.0359375
0 0.4234375 0.409375 0.04453125 0.05234375
0 0.2578125 0.1765625 0.1890625 0.17421875
0 0.284375 0.2609375 0.04921875 0.05390625
0 0.65703125 0.68828125 0.03203125 0.03671875
0 0.6078125 0.42890625 0.04296875 0.03046875