0 0.2890625 0.7453125 0.11328125 0.10234375
0 0.809375 0.21796875 0.1125 0.12109375
0 0.709375 0.78125 0.10859375 0.11015625
0 0.17734375 0.7625 0.0890625 0.10390625
0 0.18046875 0.396875 0.08828125 0.11171875
0 0.8828125 0.70859375 0.0796875 0.1
0 0.10078125 0.60625 0.08984375 0.09609375
0 0.5234375 0.83125 0.08671875 0.0609375
0 0.67421875 0.11875 0.09921875 0.08046875
0 0.0875 0.44765625 0.078125 0.11015625
0 0.6765625 0.91015625 0.10078125 0.08984375
0 0.39609375 0.7140625 0.096875 0.090625
0 0.59375 0.7375 0.07421875 0.09296875
0 0.93203125 0.54453125 0.078125 0.11796875
0 0.8203125 0.40078125 0.08046875 0.10234375
0 0.46328125 0.74609375 0.08125 0.07421875
0 0.50078125 0.153125 0.0984375 0.075
0 0.30078125 0.63359375 0.0703125 0.0953125
0 0.25625 0.51953125 0.0703125 0.06953125
0 0.6484375 0.3625 0.06796875 0.06875
0 0.7234375 0.64609375 0.078125 0.08671875
0 0.7671875 0.5046875 0.07734375 0.08984375
0 0.13671875 0.29765625 0.0859375 0.1078125
0 0.4765625 0.303125 0.0890625 0.0828125
0 0.43203125 0.54765625 0.0609375 0.075
0 0.25703125 0.43984375 0.08359375 0.0828125
0 0.7359375 0.36640625 0.08984375 0.09296875
0 0.3421875 0.47734375 0.0796875 0.075
0 0.6125 0.821875 0.08046875 0.08125
0 0.5609375 0.2390625 0.0828125 0.071875
0 0.28125 0.85859375 0.078125 0.07265625
0 0.34609375 0.5421875 0.07578125 0.06015625
0 0.30234375 0.32890625 0.08125 0.0765625
0 0.6890625 0.47421875 0.06640625 0.05234375
0 0.41015625 0.3296875 0.06484375 0.0734375
0 0.44921875 0.82265625 0.06171875 0.05546875
0 0.553125 0.565625 0.06015625 0.06328125
0 0.671875 0.22421875 0.0609375 0.05546875
0 0.64765625 0.60859375 0.05859375 0.06640625
0 0.22734375 0.66640625 0.06796875 0.078125
0 0.34765625 0.40625 0.06796875 0.0515625
0 0.59921875 0.17734375 0.06796875 0.053125
0 0.9015625 0.378125 0.08671875 0.10078125
0 0.58203125 0.3890625 0.07265625 0.05
0 0.5421875 0.65625 0.07109375 0.10625
0 0.8515625 0.49609375 0.05703125 0.08125
0 0.8328125 0.58671875 0.05703125 0.0875
0 0.73359375 0.26484375 0.05 0.0515625
0 0.60234375 0.3234375 0.04609375 0.0484375
0 0.42265625 0.6375 0.053125 0.06171875
0 0.61875 0.49609375 0.05078125 0.06640625
0 0.38046875 0.79765625 0.0625 0.0484375
0 0.3703125 0.35703125 0.06015625 0.05859375
0 0.4734375 0.646875 0.05390625 0.08203125
0 0.36640625 0.6 0.05546875 0.06953125
0 0.79296875 0.828125 0.08671875 0.1015625
0 0.47265625 0.3703125 0.05703125 0.0515625
0 0.19453125 0.5953125 0.06640625 0.053125
0 0.52265625 0.37109375 0.04609375 0.05
0 0.68828125 0.41875 0.0671875 0.04375
0 0.51328125 0.5171875 0.04921875 0.0421875
0 0.7953125 0.66328125 0.0484375 0.0625
0 0.26640625 0.578125 0.04140625 0.053125
0 0.68125 0.5390625 0.1 0.0765625
0 0.23671875 0.29765625 0.05078125 0.0640625
0 0.5546875 0.31171875 0.0546875 0.06484375
0 0.39140625 0.25546875 0.0484375 0.0578125
0 0.6015625 0.63984375 0.04453125 0.05859375
0 0.16796875 0.490625 0.046875 0.053125
0 0.48671875 0.4234375 0.0453125 0.04375
0 0.54765625 0.42734375 0.05234375 0.04921875
0 0.56796875 0.4953125 0.03671875 0.05
0 0.76875 0.71796875 0.03984375 0.05234375
0 0.46640625 0.48359375 0.03984375 0.05
0 0.5296875 0.75546875 0.04375 0.0484375
0 0.78125 0.32265625 0.05 0.05390625
0 0.446875 0.234375 0.0578125 0.07734375
0 0.41328125 0.4859375 0.0421875 0.0421875
0 0.51328125 0.0625 0.17265625 0.09609375
0 0.47890625 0.9125 0.1984375 0.0984375
0 0.59609375 0.55 0.0375 0.0453125
0 0.678125 0.6859375 0.04296875 0.0734375
0 0.496875 0.575 0.04296875 0.04609375
0 0.6828125 0.30390625 0.05625 0.04609375
0 0.625 0.2703125 0.04609375 0.05390625
0 0.359375 0.68203125 0.046875 0.04765625
0 0.75390625 0.5734375 0.053125 0.040625
0 0.75703125 0.43359375 0.03984375 0.02890625
0 0.41171875 0.4359375 0.034375 0.03828125
0 0.41328125 0.16796875 0.0546875 0.040625
0 0.346875 0.2796875 0.05078125 0.04296875
0 0.48828125 0.234375 0.04140625 0.03984375
0 0.18046875 0.54765625 0.04453125 0.04296875
0 0.278125 0.3953125 0.04375 0.03984375
0 0.359375 0.19765625 0.04140625 0.0390625
0 0.43125 0.40234375 0.04921875 0.05625
0 0.28515625 0.1546875 0.20234375 0.19140625
0 0.3046875 0.24140625 0.05390625 0.05859375
0 0.64140625 0.70234375 0.03515625 0.03984375
0 0.61328125 0.43984375 0.04453125 0.034375