0 0.1515625 0.7078125 0.1328125 0.1515625
0 0.09375 0.49453125 0.10625 0.14921875
0 0.77578125 0.39375 0.11640625 0.09921875
0 0.84921875 0.75078125 0.11640625 0.13359375
0 0.68984375 0.75 0.10078125 0.12109375
0 0.91015625 0.58515625 0.12734375 0.12890625
0 0.6390625 0.38984375 0.0890625 0.11796875
0 0.8484375 0.25703125 0.1140625 0.1328125
0 0.14765625 0.27890625 0.10859375 0.13671875
0 0.5671875 0.2375 0.075 0.12265625
0 0.58515625 0.090625 0.11875 0.10078125
0 0.7828125 0.5 0.11796875 0.11640625
0 0.68671875 0.1375 0.14453125 0.109375
0 0.90703125 0.459375 0.10234375 0.11328125
0 0.46640625 0.59140625 0.08046875 0.07890625
0 0.3046875 0.70859375 0.10546875 0.1140625
0 0.22265625 0.2203125 0.07265625 0.10078125
0 0.40234375 0.9171875 0.13203125 0.11640625
0 0.44921875 0.36953125 0.0875 0.0984375
0 0.78046875 0.6125 0.10546875 0.0765625
0 0.7515625 0.69921875 0.090625 0.09609375
0 0.58671875 0.68359375 0.0890625 0.08515625
0 0.3484375 0.484375 0.07734375 0.10546875
0 0.3609375 0.11796875 0.128125 0.1140625
0 0.23984375 0.61484375 0.10546875 0.07421875
0 0.5171875 0.4421875 0.0703125 0.0703125
0 0.2390625 0.525 0.10078125 0.0828125
0 0.25234375 0.41875 0.14921875 0.11328125
0 0.53671875 0.35078125 0.06484375 0.0703125
0 0.29140625 0.85859375 0.071875 0.08515625
0 0.56171875 0.59375 0.06953125 0.06953125
0 0.61484375 0.91171875 0.11796875 0.09765625
0 0.64765625 0.62578125 0.08046875 0.0890625
0 0.5890625 0.4953125 0.05859375 0.078125
0 0.64609375 0.25 0.0765625 0.09296875
0 0.21328125 0.7953125 0.0890625 0.078125
0 0.4125 0.65859375 0.11328125 0.078125
0 0.71796875 0.86875 0.06953125 0.103125
0 0.734375 0.30390625 0.0796875 0.10703125
0 0.45859375 0.79140625 0.08515625 0.10703125
0 0.51484375 0.9109375 0.06171875 0.07578125
0 0.50703125 0.6875 0.0703125 0.078125
0 0.303125 0.3078125 0.0859375 0.09921875
0 0.38125 0.7734375 0.07578125 0.08046875
0 0.58671875 0.7984375 0.14140625 0.1359375
0 0.790625 0.83671875 0.08984375 0.06640625
0 0.371875 0.25703125 0.0640625 0.0859375
0 0.38359375 0.39609375 0.05390625 0.071875
0 0.67265625 0.4875 0.06015625 0.06640625
0 0.75703125 0.1890625 0.06953125 0.06796875
0 0.90078125 0.665625 0.06640625 0.06484375
0 0.471875 0.08515625 0.07265625 0.05078125
0 0.43203125 0.48671875 0.05859375 0.08125
0 0.46015625 0.2265625 0.10390625 0.16015625
0 0.67890625 0.57109375 0.05234375 0.06015625
0 0.1265625 0.3796875 0.06484375 0.07578125
0 0.1171875 0.6015625 0.06328125 0.05
0 0.90078125 0.3625 0.053125 0.08125
0 0.27421875 0.17734375 0.046875 0.05859375
0 0.359375 0.5765625 0.06953125 0.05234375