0 0.13359375 0.66640625 0.1453125 0.16484375
0 0.09609375 0.446875 0.11875 0.16015625
0 0.784375 0.4265625 0.12421875 0.11171875
0 0.8234375 0.790625 0.12734375 0.14609375
0 0.66484375 0.7703125 0.1109375 0.13125
0 0.9 0.63203125 0.13828125 0.1421875
0 0.6484375 0.40625 0.09921875 0.1265625
0 0.86953125 0.2984375 0.125 0.14453125
0 0.1703125 0.23984375 0.11953125 0.14765625
0 0.5921875 0.246875 0.08515625 0.12890625
0 0.6234375 0.103125 0.1265625 0.1125
0 0.78125 0.5328125 0.12734375 0.12890625
0 0.71953125 0.1609375 0.15390625 0.125
0 0.90859375 0.50625 0.11171875 0.1234375
0 0.4578125 0.58671875 0.08671875 0.0875
0 0.28671875 0.68515625 0.11484375 0.12421875
0 0.25 0.18984375 0.08046875 0.1078125
0 0.36328125 0.903125 0.14140625 0.1296875
0 0.46171875 0.3640625 0.0953125 0.10703125
0 0.76796875 0.64375 0.11171875 0.0875
0 0.73125 0.72734375 0.0984375 0.10546875
0 0.56875 0.6921875 0.09609375 0.09375
0 0.35078125 0.4671875 0.08671875 0.11328125
0 0.39765625 0.10390625 0.1375 0.12734375
0 0.23046875 0.584375 0.11171875 0.0859375
0 0.52265625 0.44453125 0.07578125 0.07734375
0 0.23828125 0.49453125 0.10703125 0.09375
0 0.26171875 0.390625 0.1578125 0.12890625
0 0.55 0.35625 0.07109375 0.07734375
0 0.25859375 0.83203125 0.07890625 0.09140625
0 0.55234375 0.60078125 0.075 0.07734375
0 0.575 0.92265625 0.12578125 0.109375
0 0.63515625 0.6421875 0.08828125 0.09765625
0 0.5890625 0.50546875 0.06484375 0.084375
0 0.66875 0.26796875 0.084375 0.10078125
0 0.18671875 0.76015625 0.0953125 0.0875
0 0.39765625 0.646875 0.11953125 0.09140625
0 0.68203125 0.8921875 0.07890625 0.11015625
0 0.7515625 0.33203125 0.0890625 0.115625
0 0.43125 0.78515625 0.09453125 0.115625
0 0.47578125 0.9109375 0.06796875 0.0828125
0 0.4890625 0.6875 0.07734375 0.08515625
0 0.321875 0.2859375 0.09453125 0.10859375
0 0.35546875 0.75859375 0.08203125 0.08828125
0 0.5578125 0.80703125 0.15234375 0.15078125
0 0.7578125 0.86875 0.0953125 0.07578125
0 0.3953125 0.24375 0.07109375 0.0921875
0 0.39375 0.38359375 0.06015625 0.07734375
0 0.67265625 0.5078125 0.065625 0.07265625
0 0.78515625 0.2203125 0.07578125 0.07578125
0 0.8828125 0.71171875 0.07109375 0.071875
0 0.5109375 0.084375 0.0765625 0.05859375
0 0.43359375 0.47890625 0.065625 0.0875
0 0.4859375 0.2234375 0.11796875 0.1703125
0 0.67109375 0.59140625 0.05703125 0.065625
0 0.13984375 0.33671875 0.07109375 0.08203125
0 0.109375 0.55703125 0.0671875 0.05625
0 0.91171875 0.409375 0.06015625 0.08671875
0 0.30625 0.153125 0.05234375 0.06328125
0 0.353125 0.56015625 0.0734375 0.06015625