0 0.26171875 0.80625 0.14453125 0.17734375
0 0.7578125 0.73203125 0.1234375 0.14609375
0 0.853125 0.57734375 0.090625 0.14296875
0 0.12421875 0.46875 0.09765625 0.1265625
0 0.29453125 0.65390625 0.10390625 0.12578125
0 0.61796875 0.821875 0.1265625 0.1328125
0 0.4390625 0.8578125 0.12265625 0.13046875
0 0.16640625 0.6359375 0.10234375 0.13125
0 0.3484375 0.55625 0.0765625 0.103125
0 0.77265625 0.36015625 0.075 0.1125
0 0.68046875 0.6125 0.0796875 0.0984375
0 0.75390625 0.48984375 0.08359375 0.11640625
0 0.8703125 0.41171875 0.08515625 0.11875
0 0.8015625 0.246875 0.1015625 0.11796875
0 0.4328125 0.7171875 0.115625 0.10234375
0 0.61640625 0.5203125 0.07421875 0.09453125
0 0.5765625 0.6875 0.08984375 0.10078125
0 0.49140625 0.60859375 0.0921875 0.08984375
0 0.23984375 0.50546875 0.0828125 0.10078125
0 0.19140625 0.278125 0.08984375 0.1171875
0 0.6421875 0.3421875 0.075 0.09765625
0 0.7 0.2578125 0.084375 0.09140625
0 0.315625 0.39765625 0.0796875 0.09140625
0 0.40078125 0.25703125 0.08046875 0.08359375
0 0.4765625 0.4734375 0.04609375 0.05234375
0 0.25625 0.3375 0.06328125 0.09140625
0 0.45 0.3625 0.04375 0.05234375
0 0.55078125 0.3859375 0.03984375 0.0484375
0 0.378125 0.4625 0.0453125 0.053125
0 0.378125 0.38984375 0.03671875 0.05859375
0 0.42578125 0.43515625 0.03984375 0.05
0 0.53203125 0.453125 0.04140625 0.05234375
0 0.515625 0.29375 0.040625 0.04921875
0 0.5734375 0.26171875 0.04140625 0.05078125
0 0.3421875 0.31875 0.040625 0.04765625
0 0.3109375 0.48203125 0.0421875 0.04921875
0 0.4140625 0.52109375 0.04453125 0.0484375
0 0.46484375 0.3015625 0.040625 0.04453125
0 0.50625 0.3484375 0.03828125 0.04375
0 0.4765625 0.22734375 0.0453125 0.046875
0 0.5640625 0.57578125 0.04140625 0.04375
0 0.578125 0.4578125 0.04140625 0.05234375
0 0.41328125 0.33984375 0.04375 0.0484375
0 0.4671875 0.54140625 0.0453125 0.05625
0 0.55859375 0.33125 0.04609375 0.04765625
0 0.53125 0.521875 0.04140625 0.04765625
0 0.6671875 0.44921875 0.03828125 0.05234375
0 0.59765625 0.39296875 0.03671875 0.0546875
0 0.47734375 0.121875 0.425 0.1140625
0 0.41171875 0.6078125 0.04609375 0.046875