0 0.4296875 0.86875 0.10234375 0.1625
0 0.72890625 0.534375 0.10390625 0.1359375
0 0.15546875 0.26015625 0.12734375 0.12421875
0 0.68203125 0.1453125 0.1046875 0.10234375
0 0.11484375 0.3796875 0.140625 0.1078125
0 0.2484375 0.18515625 0.134375 0.146875
0 0.5828125 0.70390625 0.11484375 0.13125
0 0.87578125 0.4859375 0.13828125 0.10625
0 0.7734375 0.75625 0.12421875 0.1171875
0 0.6359375 0.3140625 0.15234375 0.11015625
0 0.3828125 0.2875 0.1234375 0.11328125
0 0.1875 0.7828125 0.10859375 0.1328125
0 0.39296875 0.1140625 0.1953125 0.17890625
0 0.496875 0.6140625 0.09921875 0.084375
0 0.86171875 0.625 0.20390625 0.14140625
0 0.56484375 0.39453125 0.11015625 0.1015625
0 0.62265625 0.546875 0.08515625 0.103125
0 0.2703125 0.53125 0.08359375 0.09140625
0 0.315625 0.84140625 0.10625 0.1171875
0 0.4265625 0.4125 0.09375 0.09140625
0 0.696875 0.83125 0.07890625 0.10859375
0 0.46484375 0.72265625 0.08515625 0.084375
0 0.7765625 0.234375 0.16015625 0.1359375
0 0.8640625 0.35703125 0.14921875 0.0953125
0 0.57109375 0.14375 0.12265625 0.13828125
0 0.32734375 0.6765625 0.12734375 0.14296875
0 0.50234375 0.28203125 0.0921875 0.109375
0 0.14609375 0.66640625 0.171875 0.09375
0 0.68515625 0.65546875 0.07265625 0.09296875
0 0.2625 0.425 0.07734375 0.0734375
0 0.11640625 0.5203125 0.16640625 0.14765625
0 0.38984375 0.53828125 0.08125 0.10078125
0 0.30234375 0.36015625 0.11796875 0.11484375
0 0.57734375 0.86875 0.14140625 0.2015625
0 0.71640625 0.4125 0.09921875 0.06796875