0 0.20546875 0.7765625 0.09921875 0.13515625
0 0.1375 0.31328125 0.10703125 0.12734375
0 0.66328125 0.8765625 0.103125 0.13125
0 0.6578125 0.49453125 0.07265625 0.09921875
0 0.2546875 0.63046875 0.1171875 0.071875
0 0.3609375 0.87890625 0.1359375 0.12265625
0 0.40078125 0.3375 0.0859375 0.07890625
0 0.90625 0.46875 0.1046875 0.13984375
0 0.21953125 0.42109375 0.09921875 0.075
0 0.56796875 0.6296875 0.0828125 0.0953125
0 0.57890625 0.3390625 0.10859375 0.0734375
0 0.384375 0.62734375 0.090625 0.103125
0 0.7078125 0.65703125 0.0921875 0.08984375
0 0.51015625 0.09140625 0.13125 0.10703125
0 0.8171875 0.25 0.13984375 0.1453125
0 0.240625 0.33203125 0.08828125 0.08359375
0 0.53359375 0.40078125 0.078125 0.0734375
0 0.46171875 0.89921875 0.1109375 0.11640625
0 0.46875 0.7671875 0.07109375 0.12578125
0 0.58359375 0.51015625 0.05703125 0.07734375
0 0.521875 0.2203125 0.08203125 0.09921875
0 0.33515625 0.521875 0.0609375 0.0671875
0 0.48359375 0.65234375 0.06171875 0.0609375
0 0.38359375 0.75078125 0.0765625 0.0890625
0 0.671875 0.2703125 0.11484375 0.1015625
0 0.7609375 0.446875 0.0984375 0.0765625
0 0.09453125 0.49296875 0.11953125 0.12109375
0 0.30078125 0.27265625 0.0953125 0.10234375
0 0.10625 0.6140625 0.1046875 0.10859375
0 0.32890625 0.11015625 0.08203125 0.1234375
0 0.190625 0.215625 0.07890625 0.06484375
0 0.49375 0.57734375 0.07109375 0.06171875
0 0.41953125 0.51875 0.06015625 0.0734375
0 0.2890625 0.715625 0.07734375 0.1015625
0 0.3984375 0.08984375 0.06171875 0.06640625
0 0.4375 0.4265625 0.06328125 0.06796875
0 0.884375 0.5890625 0.075 0.06015625
0 0.74140625 0.353125 0.10703125 0.0671875
0 0.1015625 0.4078125 0.06640625 0.05078125
0 0.34921875 0.396875 0.084375 0.07890625
0 0.78125 0.76953125 0.06640625 0.10546875
0 0.59921875 0.215625 0.071875 0.0765625
0 0.56640625 0.90546875 0.0609375 0.06640625
0 0.48125 0.3265625 0.06640625 0.07890625
0 0.6296875 0.12578125 0.0703125 0.078125
0 0.3015625 0.83203125 0.06484375 0.065625
0 0.65546875 0.7203125 0.06171875 0.0828125
0 0.76015625 0.55 0.14921875 0.10859375
0 0.22734375 0.52578125 0.11640625 0.11015625
0 0.63515625 0.58828125 0.05390625 0.06875
0 0.72578125 0.80703125 0.05234375 0.0546875
0 0.32421875 0.4453125 0.05546875 0.05390625
0 0.8671875 0.35390625 0.06015625 0.04453125
0 0.13359375 0.703125 0.05390625 0.0765625
0 0.84453125 0.703125 0.1171875 0.12578125
0 0.71875 0.17421875 0.08828125 0.075
0 0.2453125 0.16875 0.06640625 0.10078125
0 0.57109375 0.75703125 0.10546875 0.15390625
0 0.39921875 0.209375 0.1375 0.12734375
0 0.6421875 0.40625 0.07265625 0.05078125