0 0.29296875 0.14296875 0.1390625 0.1265625
0 0.72734375 0.14296875 0.13359375 0.134375
0 0.1296875 0.61484375 0.1359375 0.13046875
0 0.48046875 0.66953125 0.10234375 0.09296875
0 0.41875 0.21796875 0.084375 0.1359375
0 0.175 0.29296875 0.13359375 0.1640625
0 0.6640625 0.41953125 0.0859375 0.10390625
0 0.4640625 0.93515625 0.14375 0.1296875
0 0.61640625 0.21328125 0.08359375 0.1171875
0 0.3703125 0.55234375 0.1 0.103125
0 0.63515625 0.609375 0.084375 0.12734375
0 0.4015625 0.35703125 0.10859375 0.1125
0 0.3234375 0.69765625 0.096875 0.1125
0 0.87265625 0.575 0.11796875 0.15703125
0 0.6796875 0.87734375 0.1546875 0.17109375
0 0.69453125 0.25 0.090625 0.10703125
0 0.58515625 0.5515625 0.07890625 0.09453125
0 0.140625 0.396875 0.12421875 0.13671875
0 0.26015625 0.425 0.1265625 0.0953125
0 0.47734375 0.5875 0.08046875 0.0734375
0 0.75234375 0.56640625 0.10390625 0.103125
0 0.50546875 0.32109375 0.07109375 0.075
0 0.36328125 0.45859375 0.065625 0.075
0 0.28828125 0.33671875 0.09296875 0.0953125
0 0.6828125 0.71953125 0.11015625 0.1375
0 0.5078125 0.7859375 0.08515625 0.1171875
0 0.56953125 0.07109375 0.12890625 0.1421875
0 0.7390625 0.32265625 0.10859375 0.1171875
0 0.45625 0.06328125 0.115625 0.1265625
0 0.88359375 0.378125 0.12578125 0.10625
0 0.80859375 0.2140625 0.07109375 0.09453125
0 0.4296875 0.48125 0.06796875 0.08515625
0 0.4953125 0.4109375 0.0765625 0.075
0 0.3359375 0.24140625 0.1046875 0.09765625
0 0.89140625 0.45625 0.0703125 0.07578125
0 0.57734375 0.44453125 0.07265625 0.078125
0 0.3578125 0.8953125 0.06640625 0.0890625
0 0.596875 0.78046875 0.078125 0.12421875
0 0.64609375 0.08984375 0.05703125 0.07890625
0 0.61796875 0.35546875 0.08515625 0.10234375
0 0.209375 0.7578125 0.10703125 0.0875
0 0.7453125 0.65 0.08125 0.0890625
0 0.11875 0.5078125 0.0703125 0.075
0 0.66171875 0.50703125 0.08203125 0.0828125
0 0.82265625 0.696875 0.08203125 0.0875
0 0.22734375 0.2359375 0.0703125 0.07890625
0 0.27421875 0.63125 0.08515625 0.07890625
0 0.41328125 0.76953125 0.12265625 0.17578125
0 0.51953125 0.20546875 0.11875 0.14140625
0 0.3984375 0.63046875 0.071875 0.06796875
0 0.18359375 0.6921875 0.0578125 0.0640625
0 0.57734375 0.32109375 0.05859375 0.06796875
0 0.5765625 0.9140625 0.05 0.07109375
0 0.37109375 0.07734375 0.07890625 0.06953125
0 0.26015625 0.83515625 0.13359375 0.14453125
0 0.7640625 0.784375 0.0828125 0.10625
0 0.84296875 0.28046875 0.10234375 0.0859375
0 0.253125 0.5359375 0.15703125 0.1359375
0 0.78125 0.4375 0.13828125 0.16640625
0 0.56328125 0.665625 0.0578125 0.08515625