0 0.75625 0.81796875 0.125 0.10703125
0 0.32734375 0.890625 0.11796875 0.115625
0 0.84921875 0.3234375 0.12109375 0.1109375
0 0.49453125 0.3296875 0.09140625 0.07890625
0 0.62109375 0.76484375 0.06640625 0.1265625
0 0.85078125 0.65 0.11328125 0.146875
0 0.34921875 0.60703125 0.0734375 0.09296875
0 0.47109375 0.0609375 0.1296875 0.11328125
0 0.4265625 0.80234375 0.06953125 0.10703125
0 0.6203125 0.4265625 0.08828125 0.0890625
0 0.35078125 0.41484375 0.06796875 0.1171875
0 0.61796875 0.62421875 0.0953125 0.09765625
0 0.64609375 0.27578125 0.08359375 0.09921875
0 0.12109375 0.4890625 0.09921875 0.14140625
0 0.26796875 0.1578125 0.134375 0.15078125
0 0.34453125 0.7796875 0.07734375 0.0953125
0 0.4078125 0.46328125 0.06796875 0.084375
0 0.8703125 0.54140625 0.1078125 0.11953125
0 0.74765625 0.53359375 0.11640625 0.07734375
0 0.509375 0.41015625 0.071875 0.06171875
0 0.24140625 0.4765625 0.0921875 0.08828125
0 0.5203125 0.67734375 0.0625 0.065625
0 0.64140625 0.51796875 0.05703125 0.06640625
0 0.7328125 0.62578125 0.08203125 0.0828125
0 0.2875 0.3140625 0.09375 0.1234375
0 0.45078125 0.21875 0.07109375 0.10625
0 0.4921875 0.9359375 0.1125 0.128125
0 0.28984375 0.715625 0.09453125 0.103125
0 0.60625 0.925 0.10078125 0.11328125
0 0.1390625 0.68515625 0.1140625 0.08828125
0 0.23671875 0.834375 0.06015625 0.08515625
0 0.571875 0.50703125 0.05703125 0.0765625
0 0.51796875 0.5875 0.06796875 0.06484375
0 0.69921875 0.72734375 0.09375 0.0828125
0 0.1203125 0.609375 0.06171875 0.06640625
0 0.43203125 0.5671875 0.06328125 0.06875
0 0.5828125 0.08515625 0.05546875 0.08125
0 0.3640625 0.2390625 0.06171875 0.11484375
0 0.41484375 0.9296875 0.046875 0.07109375
0 0.40390625 0.6625 0.07265625 0.09140625
0 0.74921875 0.196875 0.09765625 0.07109375
0 0.2359375 0.39296875 0.07109375 0.07734375
0 0.87578125 0.428125 0.06171875 0.065625
0 0.33984375 0.5203125 0.07265625 0.07109375
0 0.153125 0.36015625 0.07265625 0.07578125
0 0.8078125 0.7140625 0.0609375 0.06953125
0 0.70390625 0.33203125 0.0765625 0.06640625
0 0.546875 0.21953125 0.10078125 0.1609375
0 0.5234375 0.79375 0.10234375 0.125
0 0.58125 0.35390625 0.0640625 0.0578125
0 0.784375 0.25625 0.05078125 0.05625
0 0.44921875 0.68984375 0.05 0.06015625
0 0.36484375 0.10390625 0.04140625 0.06484375
0 0.68828125 0.89609375 0.07109375 0.05859375
0 0.68828125 0.128125 0.11640625 0.1265625
0 0.19765625 0.26328125 0.06953125 0.0953125
0 0.19296875 0.775 0.09296875 0.07109375
0 0.73828125 0.42265625 0.14296875 0.11328125
0 0.23125 0.609375 0.11796875 0.1484375
0 0.41328125 0.346875 0.046875 0.078125