0 0.78046875 0.3234375 0.11015625 0.11875
0 0.265625 0.871875 0.12890625 0.11171875
0 0.38828125 0.8234375 0.11328125 0.09921875
0 0.63671875 0.8296875 0.08515625 0.10625
0 0.89609375 0.35703125 0.09765625 0.13046875
0 0.78359375 0.85703125 0.12578125 0.12265625
0 0.28359375 0.44140625 0.08125 0.06171875
0 0.071875 0.4453125 0.09453125 0.13671875
0 0.84765625 0.50390625 0.08515625 0.11328125
0 0.21953125 0.35 0.08984375 0.10625
0 0.471875 0.84296875 0.090625 0.09296875
0 0.4796875 0.734375 0.06015625 0.103125
0 0.72890625 0.48125 0.08046875 0.06328125
0 0.44453125 0.07734375 0.125 0.09921875
0 0.26171875 0.734375 0.08046875 0.1125
0 0.5828125 0.3859375 0.08984375 0.0609375
0 0.3078125 0.615625 0.09765625 0.06015625
0 0.35625 0.32265625 0.07890625 0.084375
0 0.43671875 0.3796875 0.071875 0.06484375
0 0.3046875 0.36953125 0.0734375 0.07109375
0 0.41015625 0.71953125 0.06328125 0.071875
0 0.66015625 0.33359375 0.09453125 0.0828125
0 0.16875 0.790625 0.07890625 0.090625
0 0.178125 0.49609375 0.1 0.0984375
0 0.6796875 0.65234375 0.075 0.071875
0 0.53359375 0.1796875 0.10703125 0.08828125
0 0.4171875 0.615625 0.07734375 0.08203125
0 0.678125 0.1359375 0.07734375 0.06953125
0 0.7171875 0.40390625 0.08671875 0.05546875
0 0.58046875 0.08203125 0.084375 0.07421875
0 0.565625 0.625 0.06953125 0.08046875
0 0.54453125 0.43671875 0.0640625 0.0609375
0 0.378125 0.9203125 0.07578125 0.053125
0 0.93125 0.60234375 0.06796875 0.10859375
0 0.4625 0.940625 0.07109375 0.0578125
0 0.94375 0.48046875 0.06015625 0.10234375
0 0.1265625 0.7046875 0.078125 0.0578125
0 0.66484375 0.93046875 0.0921875 0.08828125
0 0.7671875 0.18359375 0.0625 0.06640625
0 0.540625 0.2875 0.06875 0.08203125
0 0.46484375 0.45234375 0.05390625 0.05703125
0 0.64375 0.5171875 0.06171875 0.0828125
0 0.51015625 0.57265625 0.05703125 0.0453125
0 0.5828125 0.5265625 0.04765625 0.06328125
0 0.5609375 0.93359375 0.10859375 0.05625
0 0.39296875 0.4265625 0.06796875 0.06640625
0 0.26484375 0.271875 0.06484375 0.0546875
0 0.384375 0.1890625 0.06875 0.10078125
0 0.19375 0.225 0.06328125 0.0828125
0 0.8921875 0.703125 0.05234375 0.075
0 0.11875 0.31796875 0.06015625 0.08359375
0 0.184375 0.5984375 0.08984375 0.090625
0 0.60390625 0.28515625 0.05859375 0.0609375
0 0.63203125 0.21328125 0.0578125 0.06796875
0 0.790625 0.69296875 0.0921875 0.1046875
0 0.33359375 0.68671875 0.06484375 0.08359375
0 0.4421875 0.17578125 0.05078125 0.0546875
0 0.55703125 0.85078125 0.04921875 0.05234375
0 0.82578125 0.6015625 0.06171875 0.04921875
0 0.25 0.15625 0.04921875 0.053125
0 0.49609375 0.64140625 0.05078125 0.0515625
0 0.33984375 0.78359375 0.05234375 0.05625
0 0.5046875 0.37265625 0.05546875 0.06484375
0 0.28828125 0.528125 0.09453125 0.0921875
0 0.7375 0.74609375 0.05234375 0.0875
0 0.6359375 0.7015625 0.04765625 0.06875
0 0.3703125 0.465625 0.04609375 0.04453125
0 0.8359375 0.253125 0.05859375 0.07265625
0 0.62265625 0.5921875 0.0421875 0.0578125
0 0.08828125 0.64609375 0.05390625 0.04921875
0 0.2046875 0.67421875 0.046875 0.0640625
0 0.1859375 0.428125 0.05390625 0.040625
0 0.44765625 0.52890625 0.0484375 0.0609375
0 0.68984375 0.775 0.0421875 0.04453125
0 0.81796875 0.40859375 0.0484375 0.03359375
0 0.37890625 0.5296875 0.05078125 0.05546875
0 0.43828125 0.275 0.11328125 0.1046875
0 0.32578125 0.1046875 0.0703125 0.05546875
0 0.70234375 0.25625 0.06953125 0.06328125
0 0.56640625 0.72890625 0.08359375 0.12734375
0 0.846875 0.77734375 0.05078125 0.05859375
0 0.3125 0.23515625 0.05546875 0.0828125
0 0.0578125 0.57421875 0.046875 0.06953125
0 0.63203125 0.44375 0.05546875 0.040625
0 0.72734375 0.56640625 0.11875 0.0859375