0 0.38671875 0.171875 0.12734375 0.1375
0 0.8 0.81328125 0.12421875 0.15625
0 0.7765625 0.675 0.11015625 0.1375
0 0.825 0.4125 0.1125 0.109375
0 0.4375 0.059375 0.1359375 0.11796875
0 0.87578125 0.2609375 0.13359375 0.1546875
0 0.409375 0.71875 0.0703125 0.096875
0 0.3765625 0.93828125 0.13984375 0.1125
0 0.5640625 0.13203125 0.11796875 0.11015625
0 0.3140625 0.77109375 0.11328125 0.1140625
0 0.80859375 0.58984375 0.10078125 0.1125
0 0.7109375 0.5625 0.1046875 0.08125
0 0.52265625 0.25390625 0.071875 0.09609375
0 0.10390625 0.48515625 0.1125 0.15
0 0.6734375 0.79375 0.11640625 0.1046875
0 0.41015625 0.3921875 0.07109375 0.10546875
0 0.57265625 0.7234375 0.071875 0.1140625
0 0.31328125 0.621875 0.090625 0.0984375
0 0.37890625 0.54609375 0.07109375 0.0875
0 0.346875 0.684375 0.078125 0.090625
0 0.68515625 0.63359375 0.0765625 0.07890625
0 0.37578125 0.3015625 0.09140625 0.11484375
0 0.7078125 0.9015625 0.096875 0.1
0 0.440625 0.840625 0.1078125 0.1234375
0 0.67109375 0.3359375 0.07890625 0.0921875
0 0.21328125 0.40859375 0.09921875 0.12890625
0 0.59140625 0.6078125 0.08828125 0.09609375
0 0.19765625 0.24765625 0.07734375 0.09375
0 0.45 0.253125 0.065625 0.1015625
0 0.13203125 0.3421875 0.0828125 0.10234375
0 0.62578125 0.45234375 0.0859375 0.0875
0 0.44921875 0.44140625 0.06640625 0.07890625
0 0.86328125 0.70234375 0.06171875 0.08984375
0 0.66875 0.0609375 0.11015625 0.090625
0 0.896875 0.61640625 0.06484375 0.08515625
0 0.55859375 0.03359375 0.10234375 0.06640625
0 0.621875 0.93125 0.06640625 0.09296875
0 0.921875 0.39921875 0.09609375 0.11328125
0 0.25703125 0.16171875 0.07109375 0.078125
0 0.31328125 0.4203125 0.08671875 0.08671875
0 0.45 0.52890625 0.0609375 0.06640625
0 0.540625 0.35078125 0.0859375 0.0796875
0 0.56875 0.5015625 0.0515625 0.06875
0 0.5390625 0.4171875 0.06640625 0.0609375
0 0.90703125 0.5109375 0.0703125 0.12421875
0 0.4140625 0.60078125 0.07265625 0.08359375
0 0.25078125 0.709375 0.06171875 0.078125
0 0.19609375 0.56875 0.10390625 0.090625
0 0.1953125 0.77734375 0.08671875 0.08203125
0 0.75390625 0.11953125 0.078125 0.06875
0 0.26796875 0.87265625 0.08671875 0.078125
0 0.53515625 0.8515625 0.0984375 0.1109375
0 0.321875 0.35234375 0.06640625 0.07265625
0 0.26015625 0.31015625 0.071875 0.07265625
0 0.7265625 0.22578125 0.11171875 0.11640625
0 0.6421875 0.709375 0.0875 0.0828125
0 0.19375 0.50546875 0.059375 0.0640625
0 0.83046875 0.5 0.05703125 0.06171875
0 0.65 0.171875 0.05546875 0.0734375
0 0.1421875 0.70546875 0.05703125 0.06171875
0 0.628125 0.52890625 0.05546875 0.0625
0 0.73125 0.71953125 0.06015625 0.065625
0 0.384375 0.4734375 0.06953125 0.0703125
0 0.4890625 0.7296875 0.10078125 0.11640625
0 0.76640625 0.29140625 0.0890625 0.0703125
0 0.7078125 0.390625 0.07109375 0.0625
0 0.44609375 0.63125 0.04921875 0.05703125
0 0.3328125 0.10078125 0.07734375 0.075
0 0.60546875 0.3859375 0.06015625 0.0546875
0 0.56171875 0.96171875 0.0546875 0.06640625
0 0.6078125 0.84296875 0.06640625 0.0609375
0 0.3796875 0.8203125 0.046875 0.0640625
0 0.5171875 0.5609375 0.0640625 0.0625
0 0.784375 0.346875 0.04765625 0.05234375
0 0.471875 0.146875 0.0390625 0.05703125
0 0.50625 0.63359375 0.059375 0.06328125
0 0.28359375 0.52578125 0.11484375 0.13828125
0 0.1078125 0.615625 0.06328125 0.084375
0 0.31171875 0.24296875 0.06953125 0.084375
0 0.72109375 0.46953125 0.13125 0.1109375
0 0.81328125 0.1796875 0.0625 0.06484375
0 0.225 0.653125 0.08515625 0.07265625
0 0.49140625 0.975 0.07109375 0.04921875
0 0.47109375 0.35 0.04609375 0.065625
0 0.6 0.2703125 0.09921875 0.140625