0 0.77734375 0.83671875 0.12265625 0.121875
0 0.82109375 0.49140625 0.08671875 0.103125
0 0.76640625 0.32109375 0.103125 0.10859375
0 0.396875 0.80078125 0.10859375 0.09921875
0 0.48125 0.83046875 0.09140625 0.078125
0 0.27578125 0.8515625 0.12578125 0.11015625
0 0.65703125 0.33125 0.07578125 0.08046875
0 0.2296875 0.34453125 0.09140625 0.090625
0 0.31328125 0.6 0.08671875 0.06953125
0 0.09453125 0.446875 0.09296875 0.1296875
0 0.63515625 0.8015625 0.0796875 0.10390625
0 0.534375 0.18671875 0.09765625 0.08359375
0 0.72109375 0.4640625 0.0765625 0.0578125
0 0.8765625 0.35 0.090625 0.1234375
0 0.3 0.52109375 0.08828125 0.08515625
0 0.346875 0.66796875 0.0609375 0.08046875
0 0.14375 0.6859375 0.07578125 0.05625
0 0.43828125 0.2828125 0.1046875 0.09375
0 0.48046875 0.7109375 0.05703125 0.09609375
0 0.29609375 0.43515625 0.0796875 0.05546875
0 0.27421875 0.71640625 0.07578125 0.1078125
0 0.78125 0.671875 0.0890625 0.09921875
0 0.44765625 0.08671875 0.11640625 0.08671875
0 0.19140625 0.7671875 0.075 0.08671875
0 0.68515625 0.6375 0.06640625 0.07421875
0 0.19296875 0.4890625 0.0921875 0.09296875
0 0.6703125 0.1484375 0.071875 0.065625
0 0.5734375 0.10078125 0.08046875 0.06171875
0 0.2046875 0.5875 0.07578125 0.08046875
0 0.3890625 0.9015625 0.07109375 0.05
0 0.41796875 0.59609375 0.06796875 0.0875
0 0.66640625 0.8984375 0.0875 0.0890625
0 0.4421875 0.36953125 0.065625 0.0578125
0 0.56640625 0.5984375 0.0671875 0.0703125
0 0.7140625 0.396875 0.0796875 0.0515625
0 0.3609375 0.32734375 0.0734375 0.08671875
0 0.47265625 0.9203125 0.0671875 0.0578125
0 0.53515625 0.2796875 0.06171875 0.0765625
0 0.81171875 0.58046875 0.06171875 0.04765625
0 0.71875 0.546875 0.11328125 0.0828125
0 0.578125 0.37578125 0.08671875 0.0515625
0 0.39921875 0.4171875 0.06171875 0.065625
0 0.5953125 0.2890625 0.05546875 0.05859375
0 0.45 0.51171875 0.04375 0.05703125
0 0.63828125 0.503125 0.05703125 0.0765625
0 0.315625 0.36796875 0.06796875 0.06796875
0 0.41875 0.70546875 0.059375 0.0703125
0 0.92421875 0.4671875 0.059375 0.096875
0 0.39140625 0.19921875 0.0640625 0.090625
0 0.75078125 0.19140625 0.06015625 0.0609375
0 0.0953125 0.56328125 0.05390625 0.05859375
0 0.56171875 0.921875 0.0953125 0.0625
0 0.86953125 0.6828125 0.05390625 0.0703125
0 0.57578125 0.509375 0.04140625 0.06015625
0 0.90859375 0.5828125 0.06328125 0.10390625
0 0.340625 0.12109375 0.0671875 0.05
0 0.46640625 0.434375 0.0515625 0.05234375
0 0.51015625 0.54765625 0.0515625 0.04921875
0 0.32578125 0.23828125 0.05390625 0.06953125
0 0.21875 0.23203125 0.06328125 0.07265625
0 0.61640625 0.21484375 0.05390625 0.06171875
0 0.11875 0.63046875 0.0484375 0.04765625
0 0.54140625 0.42734375 0.06015625 0.05390625
0 0.1453125 0.31484375 0.0546875 0.075
0 0.56015625 0.83203125 0.046875 0.05390625
0 0.503125 0.36171875 0.053125 0.05625
0 0.81796875 0.25859375 0.05859375 0.0625
0 0.84375 0.75390625 0.04453125 0.0609375
0 0.69296875 0.25234375 0.06640625 0.053125
0 0.73203125 0.72734375 0.046875 0.0859375
0 0.3859375 0.52265625 0.0453125 0.04765625
0 0.2796875 0.16796875 0.046875 0.0484375
0 0.63359375 0.68203125 0.04921875 0.065625
0 0.44375 0.19453125 0.04921875 0.04921875
0 0.615625 0.57421875 0.04140625 0.05234375
0 0.35 0.7671875 0.05078125 0.05234375
0 0.27578125 0.275 0.06015625 0.04609375
0 0.4984375 0.61953125 0.0484375 0.05078125
0 0.2234375 0.65546875 0.04453125 0.06015625
0 0.209375 0.4296875 0.04921875 0.04375
0 0.37734375 0.459375 0.03828125 0.04296875
0 0.80078125 0.40546875 0.04453125 0.03359375
0 0.56484375 0.71171875 0.078125 0.125
0 0.6875 0.75390625 0.03828125 0.04375
0 0.62421875 0.43359375 0.0515625 0.0375