0 0.83359375 0.2296875 0.12265625 0.14296875
0 0.5203125 0.15234375 0.10234375 0.10234375
0 0.35859375 0.196875 0.10859375 0.12109375
0 0.76796875 0.6375 0.10078125 0.12578125
0 0.80234375 0.54921875 0.08046875 0.1046875
0 0.80390625 0.77265625 0.11171875 0.1453125
0 0.35859375 0.315625 0.08046875 0.0890625
0 0.33359375 0.77890625 0.09140625 0.10625
0 0.57578125 0.71015625 0.07109375 0.1
0 0.415625 0.93359375 0.12734375 0.11171875
0 0.78828125 0.38046875 0.10234375 0.09453125
0 0.215625 0.4359375 0.08515625 0.1125
0 0.4859375 0.2578125 0.059375 0.0875
0 0.3953125 0.08046875 0.12109375 0.10859375
0 0.50234375 0.71796875 0.0859375 0.103125
0 0.64140625 0.68046875 0.07890625 0.07265625
0 0.63984375 0.9015625 0.0578125 0.08671875
0 0.29453125 0.54765625 0.0953125 0.12109375
0 0.6921875 0.5390625 0.09296875 0.06953125
0 0.42265625 0.7140625 0.0578125 0.090625
0 0.6796875 0.7625 0.10546875 0.090625
0 0.6828125 0.21171875 0.09921875 0.1046875
0 0.115625 0.5203125 0.08984375 0.13359375
0 0.71796875 0.85625 0.0859375 0.08828125
0 0.64296875 0.31171875 0.07421875 0.078125
0 0.4625 0.83125 0.09296875 0.1078125
0 0.1921875 0.2859375 0.06640625 0.08359375
0 0.13984375 0.3859375 0.06328125 0.0921875
0 0.5546875 0.8265625 0.08046875 0.0890625
0 0.85859375 0.6546875 0.05234375 0.08125
0 0.58046875 0.596875 0.08671875 0.08046875
0 0.88046875 0.35546875 0.08984375 0.10234375
0 0.375 0.55078125 0.059375 0.07578125
0 0.596875 0.43671875 0.0703125 0.078125
0 0.42421875 0.259375 0.05390625 0.090625
0 0.32890625 0.63515625 0.0859375 0.08671875
0 0.88359375 0.565625 0.059375 0.07734375
0 0.30078125 0.44296875 0.07578125 0.0734375
0 0.60078125 0.1703125 0.04921875 0.0703125
0 0.5625 0.26796875 0.08515625 0.1296875
0 0.39296875 0.4046875 0.0546875 0.09765625
0 0.415625 0.6015625 0.065625 0.07265625
0 0.31484375 0.37890625 0.05859375 0.06484375
0 0.50625 0.5546875 0.05625 0.0515625
0 0.51484375 0.3515625 0.075 0.06796875
0 0.3625 0.68828125 0.06796875 0.0796875
0 0.68203125 0.60546875 0.06953125 0.0703125
0 0.50703125 0.0390625 0.09453125 0.07265625
0 0.2140625 0.59140625 0.08828125 0.0765625
0 0.23828125 0.20234375 0.06171875 0.0703125
0 0.5234375 0.94296875 0.05859375 0.06328125
0 0.89296875 0.4703125 0.06640625 0.10859375
0 0.7 0.1171875 0.06953125 0.0640625
0 0.51484375 0.41875 0.05859375 0.05
0 0.61171875 0.06640625 0.10078125 0.078125
0 0.13828125 0.6390625 0.0515625 0.0765625
0 0.43671875 0.53046875 0.05234375 0.06015625
0 0.54453125 0.49375 0.04921875 0.06015625
0 0.24375 0.665625 0.06875 0.0640625
0 0.2296875 0.78046875 0.07265625 0.07421875
0 0.2484375 0.34921875 0.06171875 0.0640625
0 0.58671875 0.9234375 0.0484375 0.05625
0 0.4375 0.4484375 0.05546875 0.06953125
0 0.29921875 0.8671875 0.07421875 0.065625
0 0.81015625 0.4640625 0.053125 0.05546875
0 0.3734375 0.484375 0.05703125 0.0625
0 0.30546875 0.13515625 0.0625 0.06796875
0 0.76328125 0.15078125 0.06015625 0.05390625
0 0.2890625 0.26953125 0.0546875 0.0765625
0 0.72890625 0.26953125 0.0828125 0.0578125
0 0.5109375 0.625 0.04765625 0.053125
0 0.17578125 0.70859375 0.04921875 0.0546875
0 0.67890625 0.37109375 0.06484375 0.05859375
0 0.2140625 0.534375 0.04921875 0.05703125
0 0.578125 0.38203125 0.05234375 0.05
0 0.73203125 0.68515625 0.05234375 0.059375
0 0.27421875 0.72265625 0.04765625 0.06953125
0 0.609375 0.5125 0.05078125 0.05625
0 0.61875 0.8125 0.059375 0.053125
0 0.41015625 0.8078125 0.04453125 0.05625
0 0.45234375 0.62890625 0.04296875 0.0453125
0 0.4390625 0.1671875 0.034375 0.0515625
0 0.70078125 0.4484375 0.12109375 0.0953125
0 0.74921875 0.31953125 0.04296875 0.04453125
0 0.45 0.36015625 0.03828125 0.05859375