1 0.5828125 0.34921875 0.1984375 0.125
0 0.68125 0.52109375 0.08515625 0.05
0 0.0515625 0.49453125 0.103125 0.0828125
0 0.27734375 0.69296875 0.05390625 0.04140625
0 0.42265625 0.375 0.0875 0.0734375
0 0.5203125 0.58671875 0.0484375 0.03125
0 0.97578125 0.4390625 0.04609375 0.053125
0 0.5140625 0.35390625 0.07265625 0.0734375
0 0.90625 0.48671875 0.01875 0.01484375
0 0.921875 0.490625 0.01875 0.01484375
0 0.7390625 0.77734375 0.02265625 0.03125
0 0.4953125 0.2859375 0.03359375 0.03828125
0 0.5296875 0.2828125 0.0484375 0.01875
0 0.41796875 0.578125 0.04375 0.028125
0 0.33359375 0.55078125 0.0171875 0.01328125
0 0.3703125 0.60390625 0.0125 0.01015625
0 0.40546875 0.58359375 0.02265625 0.0203125
0 0.5734375 0.70859375 0.0453125 0.03203125
0 0.69375 0.69375 0.0296875 0.0203125
0 0.6703125 0.821875 0.03125 0.025
0 0.33984375 0.74296875 0.0296875 0.028125
0 0.5984375 0.7875 0.03515625 0.02421875
0 0.4625 0.73515625 0.03125 0.025
0 0.49453125 0.7359375 0.0296875 0.02265625
0 0.6140625 0.81171875 0.02734375 0.021875
0 0.446875 0.8140625 0.02265625 0.015625
0 0.365625 0.64453125 0.03125 0.0171875
0 0.3484375 0.65859375 0.03984375 0.0171875
0 0.546875 0.87265625 0.01484375 0.01328125
0 0.2515625 0.85 0.02890625 0.01953125
0 0.4671875 0.825 0.06484375 0.015625
0 0.0984375 0.57890625 0.0328125 0.028125
0 0.23984375 0.678125 0.03515625 0.025
0 0.13203125 0.8140625 0.03984375 0.0328125
0 0.2484375 0.6578125 0.0375 0.025
0 0.20625 0.78828125 0.0234375 0.01875
0 0.0921875 0.61015625 0.0234375 0.015625
0 0.13828125 0.703125 0.01640625 0.0140625
0 0.16640625 0.74921875 0.01484375 0.0140625
0 0.0234375 0.62890625 0.0234375 0.01953125
0 0.17421875 0.765625 0.0171875 0.0125
0 0.21484375 0.56328125 0.01640625 0.0109375
0 0.0484375 0.809375 0.0390625 0.03671875
0 0.2796875 0.85078125 0.0625 0.025
0 0.7234375 0.5171875 0.03125 0.02734375
0 0.65703125 0.3984375 0.0359375 0.03203125
0 0.55390625 0.53125 0.0421875 0.0125
0 0.55703125 0.525 0.04375 0.0109375
0 0.3578125 0.4 0.01640625 0.009375