1 0.403125 0.64609375 0.2078125 0.1328125
0 0.32109375 0.46875 0.0890625 0.053125
0 0.9453125 0.52734375 0.10859375 0.08828125
0 0.73984375 0.31875 0.0578125 0.04375
0 0.565625 0.62890625 0.09375 0.0765625
0 0.48828125 0.4125 0.0515625 0.0328125
0 0.02265625 0.5359375 0.0453125 0.0546875
0 0.471875 0.64453125 0.07890625 0.07578125
0 0.09375 0.4921875 0.0203125 0.015625
0 0.078125 0.4875 0.0203125 0.015625
0 0.2875 0.2109375 0.025 0.03203125
0 0.484375 0.7140625 0.0375 0.0390625
0 0.45 0.71484375 0.05 0.021875
0 0.5890625 0.4265625 0.04609375 0.0296875
0 0.6703125 0.45859375 0.01875 0.0140625
0 0.6390625 0.403125 0.0125 0.01015625
0 0.6015625 0.42109375 0.0234375 0.021875
0 0.44609375 0.28828125 0.04609375 0.03359375
0 0.32421875 0.296875 0.03125 0.021875
0 0.359375 0.16953125 0.03359375 0.0265625
0 0.6828125 0.26640625 0.0328125 0.02890625
0 0.428125 0.2078125 0.0359375 0.0265625
0 0.559375 0.2671875 0.03359375 0.0265625
0 0.52734375 0.26484375 0.03125 0.0234375
0 0.415625 0.18359375 0.02890625 0.02265625
0 0.58203125 0.1890625 0.0234375 0.0171875
0 0.64765625 0.3625 0.0328125 0.01875
0 0.66640625 0.34921875 0.04140625 0.01875
0 0.48828125 0.12578125 0.01640625 0.0140625
0 0.7796875 0.16328125 0.0296875 0.0203125
0 0.56328125 0.17734375 0.06484375 0.01953125
0 0.9078125 0.4421875 0.03515625 0.02890625
0 0.77578125 0.3359375 0.0375 0.02734375
0 0.89609375 0.20546875 0.0421875 0.034375
0 0.76484375 0.35546875 0.03984375 0.02734375
0 0.81953125 0.22734375 0.025 0.01953125
0 0.9171875 0.41171875 0.025 0.0171875
0 0.8796875 0.31640625 0.0171875 0.01484375
0 0.85625 0.26875 0.01640625 0.01484375
0 0.9875 0.39609375 0.025 0.0203125
0 0.85 0.25234375 0.01875 0.01328125
0 0.790625 0.4515625 0.0171875 0.0125
0 0.97890625 0.2140625 0.0421875 0.0375
0 0.75234375 0.1609375 0.0640625 0.028125
0 0.27890625 0.47109375 0.03359375 0.028125
0 0.334375 0.59296875 0.0390625 0.03359375
0 0.44921875 0.465625 0.0421875 0.0140625
0 0.4453125 0.471875 0.04375 0.01328125
0 0.6328125 0.60703125 0.01640625 0.01015625