1 0.2921875 0.4515625 0.15 0.13984375
0 0.5125 0.3625 0.06015625 0.06015625
0 0.5328125 0.83515625 0.10390625 0.07109375
0 0.77578125 0.64921875 0.0515625 0.0375
0 0.340625 0.56875 0.09140625 0.06015625
0 0.6140625 0.47734375 0.0375 0.034375
0 0.37734375 0.15 0.0671875 0.0296875
0 0.3046875 0.5015625 0.0921875 0.0484375
0 0.446875 0.19765625 0.01875 0.01328125
0 0.45078125 0.1859375 0.01875 0.01328125
0 0.84765625 0.29765625 0.03984375 0.0140625
0 0.215625 0.521875 0.0484375 0.02265625
0 0.209375 0.496875 0.02109375 0.0359375
0 0.6109375 0.5546875 0.03359375 0.03125
0 0.58203125 0.6203125 0.01640625 0.0125
0 0.6484375 0.58828125 0.0125 0.00859375
0 0.61953125 0.56328125 0.0265625 0.01484375
0 0.7703125 0.4265625 0.0390625 0.03125
0 0.740625 0.33828125 0.025 0.0203125
0 0.91328125 0.34453125 0.03125 0.021875
0 0.8359375 0.5984375 0.03515625 0.0203125
0 0.8734375 0.40078125 0.0296875 0.02421875
0 0.815625 0.5078125 0.03125 0.021875
0 0.8140625 0.48359375 0.02734375 0.0203125
0 0.9046875 0.38828125 0.0265625 0.01875
0 0.92265625 0.5125 0.0203125 0.015625
0 0.70390625 0.5875 0.0203125 0.02265625
0 0.72421875 0.59921875 0.01875 0.02890625
0 0.990625 0.4328125 0.01640625 0.01015625
0 0.98671875 0.6546875 0.0234375 0.01953125
0 0.934375 0.49609375 0.01640625 0.04765625
0 0.63984375 0.79296875 0.03515625 0.02265625
0 0.759375 0.67890625 0.03125 0.02421875
0 0.94921875 0.74765625 0.04140625 0.02734375
0 0.73203125 0.67421875 0.03125 0.0265625
0 0.909375 0.69375 0.0234375 0.015625
0 0.68203125 0.79453125 0.01875 0.0171875
0 0.8015625 0.75234375 0.0171875 0.0109375
0 0.86015625 0.728125 0.0171875 0.01015625
0 0.7125 0.84453125 0.025 0.015625
0 0.88125 0.7203125 0.01484375 0.0125
0 0.60859375 0.7078125 0.0140625 0.0109375
0 0.95078125 0.81015625 0.04609375 0.0265625
0 0.98515625 0.63359375 0.0296875 0.0453125
0 0.50390625 0.33203125 0.03359375 0.021875
0 0.3515625 0.39140625 0.03984375 0.02421875
0 0.53671875 0.45703125 0.0140625 0.03125
0 0.52890625 0.45546875 0.0109375 0.03203125
0 0.3796875 0.61484375 0.0109375 0.0109375