0 0.7703125 0.4109375 0.11875 0.1375
0 0.2375 0.3921875 0.09375 0.125
0 0.665625 0.715625 0.1234375 0.11328125
0 0.73125 0.19375 0.128125 0.1171875
0 0.46328125 0.859375 0.11953125 0.12578125
0 0.30078125 0.67734375 0.12578125 0.13125
0 0.8765625 0.65234375 0.121875 0.125
0 0.10078125 0.58359375 0.11171875 0.13203125
0 0.22734375 0.78046875 0.14140625 0.13046875
0 0.27265625 0.16640625 0.13046875 0.12109375
0 0.1125 0.35859375 0.1125 0.17265625
0 0.7046875 0.834375 0.16015625 0.11015625
0 0.39921875 0.628125 0.09765625 0.1015625
0 0.50546875 0.13203125 0.140625 0.09140625
0 0.475 0.7359375 0.10703125 0.0734375
0 0.43984375 0.55625 0.07890625 0.07421875
0 0.49921875 0.25625 0.13046875 0.0921875
0 0.40703125 0.3609375 0.08359375 0.090625
0 0.50703125 0.6484375 0.0921875 0.06328125
0 0.33828125 0.44296875 0.08203125 0.0796875
0 0.340625 0.28125 0.1046875 0.08515625
0 0.646875 0.29765625 0.09296875 0.0765625
0 0.5015625 0.35078125 0.08515625 0.08359375
0 0.59609375 0.38046875 0.0890625 0.08671875
0 0.521875 0.42421875 0.08125 0.06171875
0 0.22890625 0.53515625 0.0734375 0.10859375
0 0.66640625 0.4421875 0.07578125 0.078125
0 0.42265625 0.45 0.07578125 0.06953125
0 0.6109375 0.63125 0.07421875 0.08515625
0 0.775 0.58203125 0.07578125 0.10234375
0 0.34140625 0.53203125 0.06953125 0.08203125
0 0.6 0.4890625 0.06953125 0.09140625
0 0.5421875 0.5765625 0.07265625 0.06015625
0 0.6765625 0.54296875 0.07421875 0.11015625
0 0.89921875 0.40234375 0.08515625 0.20078125