0 0.4296875 0.22421875 0.1453125 0.128125
0 0.37421875 0.7546875 0.13125 0.10234375
0 0.7265625 0.35 0.121875 0.13125
0 0.2109375 0.2484375 0.12578125 0.1359375
0 0.85625 0.56171875 0.13359375 0.12734375
0 0.66328125 0.71171875 0.13984375 0.134375
0 0.678125 0.134375 0.13359375 0.13046875
0 0.55546875 0.90390625 0.13984375 0.12109375
0 0.7609375 0.79140625 0.13984375 0.15
0 0.1515625 0.70390625 0.13046875 0.13828125
0 0.33203125 0.8765625 0.1796875 0.12421875
0 0.84765625 0.31875 0.12109375 0.16796875
0 0.6203125 0.609375 0.10859375 0.10390625
0 0.13359375 0.46875 0.10078125 0.146875
0 0.73359375 0.54140625 0.08046875 0.11171875
0 0.5515625 0.5640625 0.07890625 0.08359375
0 0.25703125 0.48359375 0.10078125 0.13671875
0 0.3546875 0.58359375 0.09609375 0.08984375
0 0.64921875 0.503125 0.06953125 0.09609375
0 0.43125 0.6578125 0.08515625 0.0875
0 0.27109375 0.64375 0.09296875 0.11015625
0 0.30859375 0.3390625 0.0828125 0.09765625
0 0.3515625 0.48828125 0.0890625 0.09140625
0 0.3875 0.39609375 0.09296875 0.09453125
0 0.4265625 0.47265625 0.0671875 0.08515625
0 0.51640625 0.7734375 0.11328125 0.08046875
0 0.45390625 0.3296875 0.08359375 0.08125
0 0.44453125 0.57421875 0.075 0.08046875
0 0.63828125 0.3984375 0.08984375 0.08046875
0 0.60078125 0.23125 0.1078125 0.0828125
0 0.5203125 0.6609375 0.08671875 0.07578125
0 0.49609375 0.39921875 0.09609375 0.07578125
0 0.5796875 0.46328125 0.06484375 0.0765625
0 0.55546875 0.32734375 0.11484375 0.08125
0 0.43046875 0.0953125 0.20625 0.09921875