0 0.62578125 0.66171875 0.1078125 0.11328125
0 0.45703125 0.2875 0.11875 0.1078125
0 0.2046875 0.65703125 0.1140625 0.11484375
0 0.67890625 0.39921875 0.0984375 0.10546875
0 0.7734375 0.83203125 0.11484375 0.121875
0 0.2046875 0.446875 0.0890625 0.12109375
0 0.76875 0.559375 0.10703125 0.103125
0 0.65078125 0.23125 0.10703125 0.10546875
0 0.8765625 0.34140625 0.1015625 0.11953125
0 0.38359375 0.5625 0.0796875 0.07265625
0 0.55078125 0.2734375 0.07109375 0.12890625
0 0.20234375 0.5515625 0.10859375 0.09296875
0 0.75703125 0.65234375 0.09296875 0.0921875
0 0.5875 0.59296875 0.08671875 0.08671875
0 0.10234375 0.42890625 0.090625 0.1265625
0 0.3109375 0.48125 0.08984375 0.11328125
0 0.2828125 0.29375 0.10625 0.1125
0 0.2421875 0.746875 0.07109375 0.08359375
0 0.278125 0.87265625 0.115625 0.09765625
0 0.5484375 0.83203125 0.11484375 0.1015625
0 0.39140625 0.6984375 0.11015625 0.090625
0 0.61015625 0.4328125 0.0734375 0.065625
0 0.22421875 0.21015625 0.09140625 0.08984375
0 0.5671875 0.72734375 0.08828125 0.11796875
0 0.3609375 0.2203125 0.08203125 0.10078125
0 0.30546875 0.5828125 0.0796875 0.09140625
0 0.4171875 0.41875 0.078125 0.07890625
0 0.53671875 0.55625 0.06484375 0.06953125
0 0.70859375 0.73515625 0.10703125 0.12734375
0 0.55 0.9265625 0.09375 0.0703125
0 0.4421875 0.81171875 0.09296875 0.11328125
0 0.453125 0.559375 0.06328125 0.06640625
0 0.67265625 0.5640625 0.06640625 0.0890625
0 0.7328125 0.29140625 0.11015625 0.09453125
0 0.33203125 0.78828125 0.14765625 0.10234375
0 0.54921875 0.37421875 0.090625 0.0671875
0 0.44375 0.4796875 0.05703125 0.06953125
0 0.6421875 0.81171875 0.08671875 0.07890625
0 0.7859375 0.37109375 0.10390625 0.13203125
0 0.38515625 0.4890625 0.0734375 0.07578125
0 0.71640625 0.15390625 0.0796875 0.06953125
0 0.79921875 0.478125 0.07265625 0.071875
0 0.50859375 0.63046875 0.0703125 0.06328125
0 0.48359375 0.065625 0.1359375 0.1
0 0.8703125 0.57421875 0.07109375 0.08671875
0 0.37421875 0.35078125 0.07109375 0.08046875
0 0.12890625 0.703125 0.08046875 0.08984375
0 0.609375 0.32421875 0.08515625 0.06953125
0 0.3203125 0.65703125 0.10703125 0.103125
0 0.47109375 0.37109375 0.06953125 0.06640625
0 0.43984375 0.62421875 0.06875 0.071875
0 0.61328125 0.5125 0.05703125 0.07734375
0 0.584375 0.16953125 0.06328125 0.084375
0 0.70078125 0.4859375 0.11875 0.07421875
0 0.48828125 0.71875 0.09140625 0.06953125
0 0.50078125 0.42578125 0.07578125 0.06328125
0 0.5625 0.4796875 0.053125 0.06171875
0 0.840625 0.7 0.0546875 0.04765625
0 0.22578125 0.3640625 0.08046875 0.05859375
0 0.31328125 0.39453125 0.10390625 0.0703125
0 0.3859375 0.08203125 0.05078125 0.04765625
0 0.09375 0.57578125 0.04921875 0.04921875
0 0.10625 0.62734375 0.05078125 0.05
0 0.8234375 0.75 0.04609375 0.04609375
0 0.46328125 0.1796875 0.16015625 0.08984375
0 0.08984375 0.5296875 0.04765625 0.04609375
0 0.63671875 0.903125 0.04921875 0.04765625
0 0.1640625 0.27578125 0.04609375 0.046875
0 0.8421875 0.25859375 0.04765625 0.04453125
0 0.21015625 0.815625 0.0515625 0.04453125
0 0.14140625 0.33515625 0.04609375 0.05078125
0 0.8859375 0.5046875 0.04296875 0.04921875
0 0.16875 0.771875 0.04765625 0.04609375
0 0.27578125 0.1421875 0.04453125 0.04375
0 0.42265625 0.9375 0.05078125 0.04296875
0 0.809375 0.22265625 0.046875 0.04609375
0 0.37265625 0.92421875 0.0515625 0.04765625
0 0.690625 0.87109375 0.04609375 0.046875
0 0.32421875 0.11171875 0.04609375 0.04375
0 0.6359375 0.7375 0.05078125 0.05234375
0 0.86171875 0.64921875 0.04453125 0.04375
0 0.65078125 0.1109375 0.04375 0.04609375
0 0.41484375 0.76484375 0.04453125 0.04453125
0 0.89296875 0.4484375 0.04140625 0.04140625
0 0.50234375 0.22265625 0.05234375 0.04921875
0 0.58515625 0.08125 0.05078125 0.0421875
0 0.47890625 0.9390625 0.05 0.04609375
0 0.25078125 0.51328125 0.04453125 0.05390625
0 0.7328125 0.36015625 0.04921875 0.04921875
0 0.775 0.1921875 0.0421875 0.04453125