0 0.66328125 0.37734375 0.11484375 0.109375
0 0.28671875 0.53984375 0.109375 0.1203125
0 0.65234375 0.79765625 0.11640625 0.115625
0 0.40234375 0.31953125 0.10703125 0.09921875
0 0.83671875 0.2328125 0.1234375 0.11640625
0 0.4421875 0.79375 0.12265625 0.090625
0 0.5640625 0.2328125 0.1046875 0.10859375
0 0.234375 0.34453125 0.10703125 0.10859375
0 0.3484375 0.12109375 0.12109375 0.10390625
0 0.56015625 0.6171875 0.07421875 0.08046875
0 0.27421875 0.4453125 0.1296875 0.07265625
0 0.54609375 0.7984375 0.09453125 0.11015625
0 0.65703125 0.24609375 0.09296875 0.09453125
0 0.59453125 0.4140625 0.08828125 0.0875
0 0.421875 0.89609375 0.12734375 0.0921875
0 0.478125 0.6890625 0.11484375 0.09140625
0 0.290625 0.71328125 0.1140625 0.1078125
0 0.7421875 0.7625 0.084375 0.07265625
0 0.86875 0.728125 0.09921875 0.11640625
0 0.8328125 0.4578125 0.103125 0.115625
0 0.696875 0.61171875 0.0921875 0.11171875
0 0.434375 0.3890625 0.06640625 0.07421875
0 0.20546875 0.77109375 0.090625 0.0921875
0 0.728125 0.43671875 0.11953125 0.08984375
0 0.21796875 0.634375 0.1015625 0.08359375
0 0.5796875 0.69609375 0.09296875 0.08046875
0 0.4171875 0.58125 0.08046875 0.07890625
0 0.55703125 0.4640625 0.0703125 0.06484375
0 0.7390625 0.2953125 0.12890625 0.109375
0 0.92734375 0.45703125 0.071875 0.09453125
0 0.8109375 0.56328125 0.11484375 0.09453125
0 0.55859375 0.5484375 0.06640625 0.06328125
0 0.5671875 0.328125 0.08984375 0.0671875
0 0.2953125 0.2640625 0.09609375 0.11171875
0 0.78515625 0.6734375 0.1046875 0.1484375
0 0.37578125 0.44921875 0.06875 0.09140625
0 0.47890625 0.55625 0.06953125 0.0578125
0 0.8140625 0.36328125 0.0796875 0.08828125
0 0.37578125 0.2125 0.1328125 0.10546875
0 0.4875 0.6140625 0.07734375 0.07421875
0 0.15703125 0.278125 0.07109375 0.08046875
0 0.48359375 0.20078125 0.07265625 0.07421875
0 0.63046875 0.49375 0.0640625 0.07109375
0 0.065625 0.50859375 0.10234375 0.13671875
0 0.58046875 0.13046875 0.0875 0.07265625
0 0.3484375 0.62265625 0.08203125 0.071875
0 0.69609375 0.87421875 0.09140625 0.08203125
0 0.3265625 0.3875 0.07109375 0.08671875
0 0.65390625 0.68203125 0.10390625 0.10859375
0 0.37109375 0.52734375 0.06796875 0.06953125
0 0.6234375 0.5625 0.07265625 0.06953125
0 0.51484375 0.3875 0.07890625 0.05859375
0 0.17109375 0.409375 0.08515625 0.0640625
0 0.4890625 0.29921875 0.07578125 0.11953125
0 0.71875 0.515625 0.07109375 0.09296875
0 0.42578125 0.49765625 0.06484375 0.07734375
0 0.48046875 0.4375 0.06171875 0.05390625
0 0.70625 0.1625 0.04921875 0.05546875
0 0.359375 0.771875 0.06015625 0.08046875
0 0.39140625 0.68515625 0.071875 0.1046875
0 0.0796875 0.60703125 0.04921875 0.05234375
0 0.56796875 0.9078125 0.05 0.04921875
0 0.6203125 0.89609375 0.05078125 0.05078125
0 0.75625 0.18046875 0.046875 0.046875
0 0.17890625 0.53125 0.0921875 0.1609375
0 0.52265625 0.91015625 0.046875 0.0484375
0 0.90546875 0.3703125 0.04765625 0.05
0 0.2703125 0.83203125 0.04765625 0.046875
0 0.26484375 0.15390625 0.04453125 0.0484375
0 0.81015625 0.7953125 0.0453125 0.05234375
0 0.32890625 0.85625 0.0515625 0.04609375
0 0.51171875 0.1140625 0.04921875 0.04296875
0 0.765625 0.8359375 0.046875 0.0484375
0 0.13828125 0.71796875 0.04453125 0.04453125
0 0.9359375 0.58515625 0.04375 0.0515625
0 0.228125 0.1859375 0.046875 0.04765625
0 0.921875 0.63515625 0.04765625 0.05234375
0 0.87421875 0.315625 0.04765625 0.04765625
0 0.10859375 0.66875 0.04453125 0.04609375
0 0.73984375 0.36875 0.053125 0.05078125
0 0.65546875 0.140625 0.04453125 0.0453125
0 0.11328125 0.3421875 0.04609375 0.04453125
0 0.76328125 0.5890625 0.04453125 0.0453125
0 0.45546875 0.10625 0.0421875 0.04140625
0 0.22265625 0.49296875 0.04921875 0.053125
0 0.0828125 0.4078125 0.04296875 0.05078125
0 0.93828125 0.52890625 0.046875 0.05078125
0 0.509375 0.74921875 0.05390625 0.04609375
0 0.36484375 0.26484375 0.05 0.05
0 0.196875 0.2203125 0.04453125 0.04296875