0 0.3578125 0.646875 0.1015625 0.09453125
0 0.7046875 0.42734375 0.09375 0.10703125
0 0.303125 0.2296875 0.10234375 0.10078125
0 0.625 0.66328125 0.09453125 0.0859375
0 0.209375 0.8171875 0.10859375 0.10078125
0 0.51171875 0.20078125 0.11171875 0.07421875
0 0.478125 0.77421875 0.090625 0.09609375
0 0.78671875 0.61171875 0.09296875 0.0953125
0 0.709375 0.85078125 0.10859375 0.0875
0 0.421875 0.39375 0.06328125 0.07109375
0 0.73125 0.51875 0.12265625 0.0546875
0 0.4078125 0.2125 0.0796875 0.0984375
0 0.384375 0.77578125 0.08125 0.0828125
0 0.4203125 0.6 0.07734375 0.0765625
0 0.515625 0.09609375 0.1171875 0.075
0 0.4921875 0.31015625 0.10390625 0.07578125
0 0.6734375 0.25625 0.10078125 0.09296875
0 0.21953125 0.27890625 0.07578125 0.06171875
0 0.1 0.33203125 0.084375 0.1046875
0 0.178125 0.59375 0.08828125 0.103125
0 0.28828125 0.4203125 0.07734375 0.10078125
0 0.58203125 0.59921875 0.05703125 0.06640625
0 0.7484375 0.18671875 0.07890625 0.08046875
0 0.284375 0.5984375 0.10859375 0.07421875
0 0.7578125 0.3234375 0.09140625 0.06953125
0 0.390625 0.31875 0.0828125 0.06875
0 0.56875 0.40625 0.0703125 0.06875
0 0.44921875 0.54453125 0.0625 0.05625
0 0.29609375 0.73984375 0.115625 0.0921875
0 0.08515625 0.609375 0.05859375 0.08671875
0 0.1828125 0.48671875 0.10390625 0.07890625
0 0.43515625 0.46171875 0.05859375 0.05546875
0 0.46015625 0.6796875 0.08203125 0.05546875
0 0.7390625 0.7015625 0.08203125 0.1
0 0.190625 0.3734375 0.084375 0.13671875
0 0.63125 0.53125 0.05625 0.08359375
0 0.5125 0.44140625 0.06328125 0.0484375
0 0.2109375 0.684375 0.06796875 0.078125
0 0.6671875 0.76484375 0.12109375 0.0875
0 0.49453125 0.38515625 0.06796875 0.06484375
0 0.8734375 0.665625 0.06015625 0.071875
0 0.56328125 0.79296875 0.06328125 0.06484375
0 0.371875 0.5265625 0.0546875 0.06328125
0 0.928125 0.4234375 0.08359375 0.12578125
0 0.478125 0.87734375 0.07890625 0.0609375
0 0.63046875 0.3546875 0.07265625 0.06171875
0 0.24765625 0.1609375 0.08125 0.0703125
0 0.6890625 0.58359375 0.059375 0.078125
0 0.31953125 0.34375 0.090625 0.0953125
0 0.6234375 0.453125 0.05859375 0.06171875
0 0.36796875 0.4578125 0.0640625 0.06015625
0 0.503125 0.6140625 0.071875 0.04765625
0 0.8390625 0.5375 0.07734375 0.05234375
0 0.5421875 0.696875 0.05859375 0.11171875
0 0.28125 0.51875 0.05859375 0.084375
0 0.57421875 0.490625 0.05390625 0.06953125
0 0.52890625 0.55859375 0.05546875 0.04609375
0 0.34921875 0.865625 0.04140625 0.04921875
0 0.59609375 0.209375 0.04921875 0.07421875
0 0.57890625 0.3 0.05703125 0.096875
0 0.8984375 0.32890625 0.0421875 0.04609375
0 0.36875 0.1078125 0.04375 0.04296875
0 0.31875 0.12734375 0.04453125 0.04453125
0 0.296875 0.85546875 0.04140625 0.04140625
0 0.81171875 0.41875 0.06953125 0.15234375
0 0.4140625 0.0984375 0.040625 0.04296875
0 0.11953125 0.69140625 0.04140625 0.04453125
0 0.675 0.1359375 0.04140625 0.040625
0 0.78671875 0.8046875 0.03828125 0.04296875
0 0.146875 0.25625 0.03828125 0.046875
0 0.61328125 0.121875 0.04609375 0.03984375
0 0.5484375 0.8828125 0.04453125 0.03671875
0 0.18515625 0.209375 0.040625 0.04296875
0 0.82265625 0.228125 0.03828125 0.0390625
0 0.05625 0.484375 0.03671875 0.04609375
0 0.8171875 0.76796875 0.040625 0.04140625
0 0.0625 0.4328125 0.04140625 0.04609375
0 0.15859375 0.740625 0.04140625 0.04140625
0 0.86015625 0.271875 0.03828125 0.040625
0 0.28359375 0.6671875 0.046875 0.04453125
0 0.40234375 0.87890625 0.03828125 0.03984375
0 0.90625 0.5953125 0.040625 0.03828125
0 0.2265625 0.453125 0.0390625 0.03984375
0 0.60546875 0.88203125 0.03671875 0.03671875
0 0.775 0.4640625 0.04296875 0.046875
0 0.9265625 0.52578125 0.0359375 0.04609375
0 0.0625 0.540625 0.040625 0.04453125
0 0.45234375 0.25546875 0.04921875 0.03828125
0 0.6703125 0.7109375 0.04375 0.04375
0 0.84296875 0.72890625 0.03984375 0.03671875