1 0.91171875 0.6703125 0.08984375 0.22578125
1 0.91796875 0.440625 0.059375 0.09296875
1 0.89140625 0.475 0.1453125 0.23828125
1 0.82109375 0.58828125 0.078125 0.16875
1 0.6796875 0.54375 0.17578125 0.18203125
1 0.5484375 0.41875 0.17109375 0.16484375
1 0.84296875 0.41796875 0.06015625 0.08984375
1 0.79921875 0.3921875 0.03359375 0.08515625
1 0.903125 0.23359375 0.140625 0.165625
1 0.84375 0.24375 0.0515625 0.12109375
1 0.88359375 0.16640625 0.084375 0.1515625
1 0.94453125 0.10546875 0.08359375 0.16953125
1 0.784375 0.25859375 0.05625 0.13359375
1 0.53125 0.153125 0.15390625 0.15703125
1 0.66640625 0.178125 0.23125 0.21796875
1 0.76328125 0.38203125 0.11171875 0.20546875
1 0.37890625 0.08203125 0.11171875 0.0953125
1 0.11875 0.034375 0.140625 0.06875
1 0.24140625 0.2765625 0.03359375 0.06015625
1 0.2296875 0.271875 0.03125 0.06171875
1 0.2171875 0.2765625 0.0296875 0.05078125
1 0.24296875 0.20703125 0.03515625 0.06328125
1 0.23203125 0.21640625 0.03046875 0.04609375
1 0.21875 0.1890625 0.03515625 0.053125
1 0.16640625 0.1921875 0.11796875 0.19453125
1 0.103125 0.20625 0.14609375 0.24453125
1 0.315625 0.26015625 0.078125 0.08046875
1 0.3359375 0.36171875 0.13359375 0.1390625
1 0.36328125 0.52265625 0.209375 0.2265625
1 0.13125 0.51875 0.21796875 0.27578125
1 0.184375 0.42265625 0.0859375 0.07421875
1 0.23515625 0.5421875 0.05546875 0.19375