1 0.34375 0.91796875 0.2234375 0.08203125
1 0.5734375 0.915625 0.090625 0.05625
1 0.53828125 0.890625 0.23359375 0.13671875
1 0.4234375 0.8234375 0.165625 0.071875
1 0.46171875 0.68125 0.1765625 0.16953125
1 0.58203125 0.54609375 0.159375 0.165625
1 0.59375 0.83984375 0.08828125 0.05703125
1 0.61796875 0.7953125 0.08515625 0.03046875
1 0.78046875 0.89375 0.1609375 0.13515625
1 0.76796875 0.834375 0.1203125 0.046875
1 0.84609375 0.87109375 0.14921875 0.0796875
1 0.909375 0.93046875 0.16640625 0.078125
1 0.75078125 0.7765625 0.13125 0.0515625
1 0.8484375 0.51953125 0.153125 0.14921875
1 0.828125 0.6546875 0.21015625 0.225
1 0.6265625 0.75859375 0.203125 0.10546875
1 0.91328125 0.3640625 0.09140625 0.109375
1 0.959375 0.10234375 0.08046875 0.13828125
1 0.7140625 0.23359375 0.059375 0.03125
1 0.71875 0.221875 0.0609375 0.0296875
1 0.71328125 0.209375 0.05 0.028125
1 0.78359375 0.2328125 0.06171875 0.03359375
1 0.77421875 0.22265625 0.0453125 0.0296875
1 0.80078125 0.2078125 0.0515625 0.03359375
1 0.79609375 0.15625 0.190625 0.1109375
1 0.7796875 0.09296875 0.23984375 0.13828125
1 0.7328125 0.30703125 0.078125 0.075
1 0.63203125 0.33125 0.134375 0.12890625
1 0.47265625 0.3640625 0.2203125 0.2015625
1 0.46875 0.13203125 0.26953125 0.20859375
1 0.56640625 0.18125 0.07109375 0.08359375
1 0.4484375 0.23671875 0.19296875 0.04921875