1 0.0796875 0.3515625 0.07890625 0.221875
1 0.0859375 0.58125 0.0546875 0.08984375
1 0.1109375 0.5453125 0.13359375 0.23125
1 0.175 0.42890625 0.06953125 0.16484375
1 0.31875 0.465625 0.16640625 0.17421875
1 0.45546875 0.58359375 0.16328125 0.15625
1 0.16171875 0.6 0.05546875 0.08671875
1 0.20703125 0.6234375 0.02890625 0.084375
1 0.11171875 0.78671875 0.13203125 0.159375
1 0.16953125 0.77421875 0.0453125 0.11953125
1 0.134375 0.853125 0.0765625 0.1484375
1 0.0765625 0.9171875 0.075 0.165625
1 0.228125 0.75546875 0.05 0.13046875
1 0.48671875 0.8484375 0.14609375 0.15
1 0.35078125 0.83046875 0.22109375 0.20625
1 0.24375 0.63125 0.1015625 0.20078125
1 0.64296875 0.9109375 0.10703125 0.08984375
1 0.90546875 0.95703125 0.1359375 0.0859375
1 0.7703125 0.709375 0.03046875 0.05859375
1 0.78203125 0.71328125 0.02890625 0.06015625
1 0.79375 0.7078125 0.0265625 0.05
1 0.771875 0.77890625 0.03203125 0.0609375
1 0.78203125 0.76953125 0.02890625 0.04453125
1 0.796875 0.79609375 0.03203125 0.05078125
1 0.84921875 0.78984375 0.10703125 0.1890625
1 0.91171875 0.77265625 0.134375 0.23828125
1 0.696875 0.7296875 0.07421875 0.0765625
1 0.67109375 0.62890625 0.1265625 0.13203125
1 0.6359375 0.4703125 0.1984375 0.21640625
1 0.86796875 0.46171875 0.20390625 0.265625
1 0.81953125 0.5609375 0.08203125 0.06953125
1 0.76171875 0.44375 0.0453125 0.19140625