0 0.63125 0.6984375 0.09609375 0.08984375
0 0.27734375 0.2703125 0.103125 0.1078125
0 0.66015625 0.27890625 0.10546875 0.09453125
0 0.70078125 0.453125 0.09609375 0.11015625
0 0.23984375 0.878125 0.11171875 0.09609375
0 0.39375 0.81875 0.07578125 0.09140625
0 0.35546875 0.696875 0.10703125 0.09453125
0 0.7953125 0.63828125 0.09609375 0.09765625
0 0.3828125 0.246875 0.0796875 0.1015625
0 0.4859375 0.8203125 0.09296875 0.096875
0 0.47578125 0.34453125 0.10703125 0.08046875
0 0.90703125 0.4015625 0.0875 0.11796875
0 0.078125 0.3828125 0.08359375 0.11015625
0 0.16796875 0.65 0.090625 0.10625
0 0.41640625 0.6453125 0.08203125 0.07890625
0 0.4078125 0.434375 0.06640625 0.07578125
0 0.48515625 0.92421875 0.08203125 0.06015625
0 0.7375 0.721875 0.08671875 0.10078125
0 0.19375 0.325 0.078125 0.06328125
0 0.66796875 0.78828125 0.1234375 0.08984375
0 0.27734375 0.64921875 0.10859375 0.0828125
0 0.0734375 0.6703125 0.0625 0.0875
0 0.56015625 0.43828125 0.07109375 0.071875
0 0.75 0.34375 0.09375 0.0734375
0 0.27109375 0.46796875 0.078125 0.10390625
0 0.74375 0.88046875 0.1078125 0.0921875
0 0.296875 0.79375 0.12109375 0.0921875
0 0.5828125 0.63671875 0.06015625 0.0671875
0 0.62109375 0.3828125 0.07734375 0.0625
0 0.84453125 0.56015625 0.08046875 0.05546875
0 0.48984375 0.2296875 0.11640625 0.07421875
0 0.4828125 0.42109375 0.06953125 0.06796875
0 0.28671875 0.378125 0.096875 0.09609375
0 0.503125 0.65625 0.0734375 0.04921875
0 0.7140625 0.2046875 0.08515625 0.0796875
0 0.61796875 0.48359375 0.0625 0.06171875
0 0.57421875 0.83515625 0.06640625 0.06640625
0 0.87734375 0.69296875 0.06484375 0.071875
0 0.37265625 0.35859375 0.084375 0.0734375
0 0.20625 0.74140625 0.07109375 0.08203125
0 0.35546875 0.50234375 0.06640625 0.06328125
0 0.50390625 0.478125 0.06484375 0.0515625
0 0.46171875 0.7265625 0.08515625 0.05703125
0 0.48671875 0.12890625 0.11875 0.07421875
0 0.16640625 0.54140625 0.1078125 0.08046875
0 0.2703125 0.56796875 0.06171875 0.08671875
0 0.425 0.503125 0.0609375 0.05703125
0 0.5484375 0.7390625 0.06328125 0.11171875
0 0.56875 0.525 0.0578125 0.0703125
0 0.44375 0.5875 0.06484375 0.05703125
0 0.16796875 0.42421875 0.0859375 0.14296875
0 0.21640625 0.20234375 0.0828125 0.07421875
0 0.63125 0.56484375 0.05859375 0.0859375
0 0.73359375 0.5453125 0.1265625 0.0578125
0 0.69296875 0.615625 0.059375 0.08125
0 0.57890625 0.234375 0.05234375 0.07578125
0 0.36328125 0.57265625 0.05703125 0.06484375
0 0.565625 0.32890625 0.05703125 0.10390625
0 0.52734375 0.59765625 0.05625 0.046875
0 0.81171875 0.43984375 0.07265625 0.15625