0 0.3421875 0.321875 0.1078125 0.10234375
0 0.75234375 0.69609375 0.1171875 0.12109375
0 0.371875 0.740625 0.11796875 0.10859375
0 0.3078125 0.57421875 0.11015625 0.12265625
0 0.7046875 0.0890625 0.12421875 0.1109375
0 0.5609375 0.16953125 0.0875 0.10078125
0 0.615625 0.28515625 0.11875 0.10859375
0 0.18828125 0.40390625 0.10859375 0.11015625
0 0.6515625 0.734375 0.09296875 0.11171875
0 0.46953125 0.18046875 0.10546875 0.10859375
0 0.5453125 0.65078125 0.11796875 0.09453125
0 0.1109375 0.6546875 0.103125 0.12890625
0 0.93359375 0.5578125 0.09765625 0.1203125
0 0.80859375 0.30546875 0.1046875 0.11796875
0 0.5625 0.34453125 0.0921875 0.08984375
0 0.60078125 0.55234375 0.07578125 0.08359375
0 0.45625 0.078125 0.08984375 0.07109375
0 0.23359375 0.31328125 0.1 0.11171875
0 0.82734375 0.63046875 0.0859375 0.0734375
0 0.29375 0.2375 0.13515625 0.10625
0 0.7 0.32109375 0.11953125 0.09765625
0 0.89921875 0.271875 0.07421875 0.0953125
0 0.44921875 0.56953125 0.08046875 0.08125
0 0.27421875 0.6890625 0.103125 0.0859375
0 0.73125 0.49921875 0.09140625 0.1140625
0 0.20625 0.15703125 0.11953125 0.10625
0 0.66015625 0.18046875 0.13203125 0.10859375
0 0.3984375 0.3765625 0.06875 0.075
0 0.396875 0.6328125 0.08515625 0.07265625
0 0.15 0.4890625 0.08671875 0.06640625
0 0.54765625 0.76640625 0.12578125 0.08984375
0 0.528125 0.57578125 0.07890625 0.07734375
0 0.728125 0.59140625 0.109375 0.10859375
0 0.47578125 0.3453125 0.0796875 0.05859375
0 0.32890625 0.821875 0.0953125 0.090625
0 0.38515625 0.5328125 0.0703125 0.0703125
0 0.3796875 0.17890625 0.075 0.075
0 0.09921875 0.36171875 0.07421875 0.08046875
0 0.6453125 0.62265625 0.09375 0.084375
0 0.75703125 0.21953125 0.08203125 0.09140625
0 0.6421875 0.47734375 0.07421875 0.07109375
0 0.49921875 0.521875 0.07109375 0.06015625
0 0.50625 0.2703125 0.09296875 0.06875
0 0.56484375 0.865625 0.128125 0.08984375
0 0.825 0.4125 0.11796875 0.09453125
0 0.71796875 0.40078125 0.07265625 0.09453125
0 0.57421875 0.48671875 0.06796875 0.06484375
0 0.41875 0.2703125 0.078125 0.11953125
0 0.42890625 0.484375 0.0671875 0.07734375
0 0.54296875 0.40546875 0.07265625 0.06484375
0 0.8390625 0.52890625 0.10546875 0.15390625
0 0.821875 0.75546875 0.0921875 0.08515625
0 0.3609375 0.45390625 0.06953125 0.09296875
0 0.2625 0.4875 0.13359375 0.075
0 0.29296875 0.4125 0.0703125 0.08828125
0 0.45859375 0.7734375 0.0625 0.08203125
0 0.625 0.409375 0.06484375 0.07265625
0 0.459375 0.67890625 0.07109375 0.11015625
0 0.459375 0.40703125 0.06171875 0.05390625
0 0.19921875 0.603125 0.09296875 0.16484375