0 0.63203125 0.37421875 0.203125 0.21171875
0 0.31796875 0.11953125 0.1546875 0.1515625
0 0.68984375 0.11796875 0.146875 0.15
0 0.31640625 0.88203125 0.153125 0.15
0 0.12734375 0.8828125 0.16640625 0.15
0 0.87578125 0.8828125 0.16015625 0.15
0 0.50703125 0.11953125 0.15859375 0.15
0 0.8625 0.11796875 0.13828125 0.15
0 0.50078125 0.8796875 0.15859375 0.146875
0 0.82578125 0.63515625 0.2515625 0.20703125
0 0.68828125 0.88046875 0.16171875 0.146875
0 0.17421875 0.640625 0.253125 0.196875
0 0.13828125 0.1171875 0.14140625 0.1484375
0 0.86953125 0.37265625 0.2046875 0.21015625
0 0.49921875 0.65703125 0.25859375 0.16484375
0 0.1296875 0.3734375 0.178125 0.21484375
0 0.3609375 0.37421875 0.2 0.23359375