0 0.48828125 0.76875 0.1984375 0.1828125
0 0.7296875 0.21875 0.20703125 0.26640625
0 0.25625 0.728125 0.19296875 0.234375
0 0.7484375 0.575 0.2796875 0.31953125
0 0.36640625 0.62109375 0.13984375 0.1578125
0 0.415625 0.91171875 0.23046875 0.1765625
0 0.5140625 0.08515625 0.24375 0.1703125
0 0.55234375 0.23125 0.1640625 0.1625
0 0.6421875 0.84609375 0.2078125 0.2375
0 0.31953125 0.45546875 0.109375 0.13515625
0 0.30078125 0.20703125 0.165625 0.26015625
0 0.19140625 0.45859375 0.15234375 0.26640625
0 0.55234375 0.60546875 0.13359375 0.14765625
0 0.4296875 0.325 0.1296875 0.13359375
0 0.575 0.43203125 0.1171875 0.12578125