0 0.27421875 0.5328125 0.125 0.2125
0 0.77421875 0.71796875 0.1984375 0.20625
0 0.2671875 0.25625 0.171875 0.1953125
0 0.48046875 0.80234375 0.23203125 0.28828125
0 0.37578125 0.36640625 0.11484375 0.14296875
0 0.1234375 0.47421875 0.15078125 0.25078125
0 0.87109375 0.4421875 0.15234375 0.26640625
0 0.73359375 0.51484375 0.11328125 0.1734375
0 0.2359375 0.725 0.171875 0.2140625
0 0.50625 0.28203125 0.1 0.11015625
0 0.709375 0.2171875 0.2 0.15625
0 0.48125 0.13359375 0.2078125 0.13828125
0 0.42109375 0.57890625 0.10703125 0.13671875
0 0.63359375 0.38828125 0.09453125 0.13515625
0 0.56953125 0.575 0.0890625 0.12265625