0 0.5359375 0.765625 0.184375 0.15625
0 0.675 0.16953125 0.18125 0.240625
0 0.3015625 0.78359375 0.1703125 0.209375
0 0.75703125 0.5125 0.25234375 0.28359375
0 0.39140625 0.6515625 0.125 0.13984375
0 0.490625 0.92578125 0.215625 0.14765625
0 0.43828125 0.07890625 0.2296875 0.1578125
0 0.5046875 0.22421875 0.15078125 0.13984375
0 0.7 0.80390625 0.18671875 0.2109375
0 0.315625 0.50078125 0.09765625 0.12109375
0 0.253125 0.26328125 0.13828125 0.240625
0 0.190625 0.534375 0.12421875 0.25078125
0 0.56953125 0.58984375 0.1203125 0.13046875
0 0.40078125 0.34609375 0.1171875 0.11640625
0 0.5609375 0.415625 0.10703125 0.11015625