0 0.2703125 0.5484375 0.13515625 0.21328125
0 0.2546875 0.76796875 0.18828125 0.1953125
0 0.509375 0.79921875 0.25546875 0.29375
0 0.46015625 0.12265625 0.24296875 0.1703125
0 0.709375 0.22265625 0.21640625 0.16796875
0 0.7765625 0.7203125 0.203125 0.20625
0 0.73515625 0.5109375 0.13046875 0.17734375
0 0.240625 0.27109375 0.19375 0.20078125
0 0.415625 0.5984375 0.12265625 0.1265625
0 0.625 0.375 0.11796875 0.14453125
0 0.1140625 0.51796875 0.14765625 0.27890625
0 0.5015625 0.30078125 0.10859375 0.11484375
0 0.57890625 0.571875 0.1046875 0.11484375
0 0.3703125 0.3859375 0.12734375 0.15
0 0.88046875 0.4125 0.15234375 0.25546875