0 0.5234375 0.7609375 0.18046875 0.13515625
0 0.71640625 0.79765625 0.159375 0.19609375
0 0.76640625 0.51484375 0.24140625 0.2640625
0 0.16171875 0.51171875 0.13203125 0.2609375
0 0.27265625 0.24140625 0.1328125 0.23046875
0 0.71953125 0.21015625 0.16796875 0.2125
0 0.53046875 0.23828125 0.1484375 0.13203125
0 0.27421875 0.7703125 0.16328125 0.20234375
0 0.58046875 0.603125 0.103125 0.128125
0 0.4 0.34921875 0.11953125 0.12109375
0 0.48125 0.93046875 0.2375 0.1390625
0 0.3234375 0.48125 0.09453125 0.11328125
0 0.57109375 0.41796875 0.09453125 0.10859375
0 0.3875 0.63515625 0.1234375 0.13125
0 0.45546875 0.07109375 0.21640625 0.14140625