0 0.2671875 0.52578125 0.1203125 0.20234375
0 0.23515625 0.74296875 0.175 0.17890625
0 0.48671875 0.7984375 0.23515625 0.27109375
0 0.48984375 0.1203125 0.2328125 0.1484375
0 0.73046875 0.24453125 0.20546875 0.14921875
0 0.75859375 0.74609375 0.1890625 0.1890625
0 0.73359375 0.534375 0.11796875 0.16640625
0 0.259375 0.246875 0.18046875 0.18359375
0 0.4078125 0.58984375 0.1140625 0.115625
0 0.634375 0.3875 0.1078125 0.134375
0 0.1140625 0.4796875 0.12734375 0.2671875
0 0.5171875 0.3015625 0.10078125 0.10546875
0 0.5734375 0.5796875 0.096875 0.10546875
0 0.3796875 0.3734375 0.1171875 0.13828125
0 0.8859375 0.45 0.13359375 0.24296875