0 0.696875 0.15625 0.1109375 0.13515625
0 0.71875 0.6203125 0.11171875 0.115625
0 0.5046875 0.40390625 0.09140625 0.1078125
0 0.69140625 0.85859375 0.11171875 0.115625
0 0.40625 0.11640625 0.11640625 0.1140625
0 0.371875 0.3484375 0.08828125 0.0953125
0 0.5703125 0.9265625 0.11640625 0.10234375
0 0.5484375 0.5203125 0.08984375 0.10859375
0 0.26953125 0.6765625 0.10078125 0.10546875
0 0.79765625 0.74609375 0.10234375 0.11796875
0 0.16015625 0.578125 0.09609375 0.13125
0 0.21953125 0.778125 0.10234375 0.115625
0 0.45859375 0.309375 0.08203125 0.0953125
0 0.83125 0.56015625 0.0953125 0.1109375
0 0.39375 0.7890625 0.1171875 0.10625
0 0.62109375 0.4140625 0.0921875 0.1125
0 0.6046875 0.6546875 0.09375 0.12734375
0 0.24140625 0.540625 0.07734375 0.12265625
0 0.25390625 0.3984375 0.09921875 0.13125
0 0.70703125 0.3359375 0.10390625 0.11796875
0 0.74453125 0.45625 0.08515625 0.10234375
0 0.50234375 0.634375 0.10546875 0.10703125
0 0.403125 0.45078125 0.0984375 0.09609375
0 0.6203125 0.23359375 0.09453125 0.1203125
0 0.39765625 0.575 0.10234375 0.11484375
0 0.56875 0.08515625 0.1 0.1015625
0 0.31328125 0.45234375 0.06875 0.10546875
0 0.3421875 0.26171875 0.11171875 0.103125
0 0.81953125 0.3328125 0.0859375 0.125
0 0.38515625 0.68515625 0.0890625 0.0921875
0 0.1828125 0.259375 0.084375 0.125
0 0.55546875 0.3078125 0.08046875 0.08671875
0 0.27578125 0.14921875 0.096875 0.09453125
0 0.5296875 0.821875 0.1296875 0.09453125
0 0.63203125 0.753125 0.115625 0.08671875
0 0.31796875 0.5734375 0.0734375 0.10078125
0 0.13203125 0.4234375 0.075 0.08984375
0 0.50546875 0.7296875 0.115625 0.08046875
0 0.64140625 0.51796875 0.0875 0.096875
0 0.475 0.2046875 0.1359375 0.0828125
0 0.33125 0.86796875 0.09765625 0.08046875
0 0.453125 0.9203125 0.115625 0.1078125