0 0.66875 0.13828125 0.1203125 0.14375
0 0.72734375 0.59921875 0.11875 0.125
0 0.49765625 0.40390625 0.0984375 0.115625
0 0.71875 0.8390625 0.11875 0.125
0 0.3765625 0.12734375 0.125 0.1234375
0 0.36015625 0.36171875 0.0953125 0.103125
0 0.60390625 0.91796875 0.12265625 0.11171875
0 0.55 0.515625 0.09765625 0.115625
0 0.284375 0.69765625 0.1078125 0.11484375
0 0.815625 0.71640625 0.1109375 0.12734375
0 0.1671875 0.61015625 0.1046875 0.1390625
0 0.2421875 0.8046875 0.11015625 0.12421875
0 0.44296875 0.31484375 0.08828125 0.10234375
0 0.834375 0.52734375 0.103125 0.11875
0 0.4171875 0.79765625 0.12421875 0.11640625
0 0.6140625 0.40234375 0.1 0.11953125
0 0.61640625 0.64375 0.103125 0.134375
0 0.2453125 0.565625 0.0859375 0.12890625
0 0.246875 0.4234375 0.1078125 0.13984375
0 0.69296875 0.3171875 0.11171875 0.1265625
0 0.73984375 0.4328125 0.0921875 0.109375
0 0.51328125 0.63359375 0.1125 0.11640625
0 0.39921875 0.46015625 0.10546875 0.1046875
0 0.5984375 0.2234375 0.10234375 0.128125
0 0.40390625 0.584375 0.109375 0.1234375
0 0.5359375 0.0796875 0.10703125 0.11015625
0 0.31015625 0.47109375 0.07578125 0.1109375
0 0.32421875 0.278125 0.11796875 0.1125
0 0.80546875 0.30234375 0.0953125 0.13125
0 0.4 0.6953125 0.0953125 0.1
0 0.16484375 0.290625 0.09375 0.13125
0 0.540625 0.303125 0.0859375 0.09296875
0 0.24921875 0.171875 0.10234375 0.103125
0 0.5546875 0.8171875 0.13515625 0.10546875
0 0.6515625 0.73984375 0.12109375 0.09609375
0 0.325 0.590625 0.0796875 0.10625
0 0.12734375 0.45859375 0.08125 0.096875
0 0.5234375 0.728125 0.1203125 0.08984375
0 0.64296875 0.5046875 0.09375 0.10390625
0 0.4515625 0.20859375 0.140625 0.0953125
0 0.3609375 0.8828125 0.103125 0.0890625
0 0.48671875 0.9234375 0.121875 0.1171875