0 0.19296875 0.31484375 0.134375 0.1359375
0 0.6703125 0.6921875 0.084375 0.11875
0 0.74453125 0.49921875 0.07734375 0.10625
0 0.634375 0.85078125 0.09375 0.1171875
0 0.37265625 0.37890625 0.08359375 0.08671875
0 0.29609375 0.35859375 0.0796875 0.109375
0 0.75546875 0.75 0.1046875 0.121875
0 0.1984375 0.690625 0.10703125 0.1078125
0 0.3484375 0.27109375 0.07890625 0.08671875
0 0.8390625 0.48671875 0.1015625 0.10390625
0 0.5859375 0.74375 0.075 0.11875
0 0.1640625 0.4140625 0.0984375 0.1015625
0 0.684375 0.18046875 0.11484375 0.11328125
0 0.34609375 0.7140625 0.09296875 0.096875
0 0.7359375 0.23515625 0.1015625 0.103125
0 0.15234375 0.60234375 0.109375 0.08828125
0 0.7234375 0.60859375 0.0859375 0.1
0 0.42578125 0.74921875 0.0796875 0.084375
0 0.509375 0.7625 0.071875 0.09765625
0 0.42265625 0.53125 0.0734375 0.07421875
0 0.44453125 0.66953125 0.07265625 0.096875
0 0.659375 0.48828125 0.1 0.103125
0 0.60859375 0.6171875 0.075 0.08515625
0 0.82578125 0.59140625 0.11484375 0.1296875
0 0.26796875 0.45703125 0.08515625 0.08203125
0 0.45859375 0.58359375 0.06171875 0.08046875
0 0.82890625 0.39140625 0.1234375 0.09453125
0 0.15546875 0.5140625 0.103125 0.090625
0 0.49140625 0.29296875 0.103125 0.078125
0 0.246875 0.76875 0.09453125 0.11796875
0 0.58515625 0.33671875 0.08125 0.09140625
0 0.58828125 0.24140625 0.11796875 0.08828125
0 0.2203125 0.2328125 0.109375 0.1109375
0 0.60703125 0.13203125 0.10234375 0.1046875
0 0.2671875 0.559375 0.11171875 0.09453125
0 0.5203125 0.1234375 0.09765625 0.125
0 0.4609375 0.2234375 0.10703125 0.0953125
0 0.55 0.653125 0.06640625 0.078125
0 0.64453125 0.390625 0.084375 0.0859375
0 0.49296875 0.87109375 0.09375 0.1234375
0 0.7875 0.66875 0.0859375 0.096875
0 0.70546875 0.8015625 0.090625 0.0921875
0 0.41328125 0.33046875 0.08203125 0.0796875
0 0.80390625 0.296875 0.13671875 0.09453125
0 0.3546875 0.58203125 0.0703125 0.0734375
0 0.52265625 0.5734375 0.065625 0.0765625
0 0.3546875 0.84296875 0.09765625 0.1171875
0 0.425 0.46328125 0.07890625 0.065625
0 0.290625 0.17890625 0.1046875 0.1015625
0 0.434375 0.1125 0.10078125 0.14921875
0 0.28984375 0.64921875 0.07734375 0.07890625
0 0.296875 0.81171875 0.0890625 0.10546875
0 0.7359375 0.4015625 0.08671875 0.0765625
0 0.3953125 0.62421875 0.065625 0.07265625
0 0.559375 0.85625 0.07421875 0.0796875
0 0.3453125 0.128125 0.0875 0.096875
0 0.35234375 0.45 0.0671875 0.06640625
0 0.57109375 0.5453125 0.07890625 0.06875
0 0.58203125 0.42265625 0.06953125 0.071875
0 0.6421875 0.56015625 0.065625 0.08828125
0 0.3421875 0.5140625 0.07890625 0.0640625
0 0.490625 0.378125 0.0703125 0.08515625
0 0.50546875 0.67109375 0.053125 0.071875
0 0.5453125 0.38671875 0.05390625 0.078125
0 0.42109375 0.8625 0.08359375 0.11171875
0 0.6734375 0.3125 0.10859375 0.10546875
0 0.58203125 0.484375 0.08046875 0.06015625
0 0.44296875 0.40703125 0.0703125 0.06484375