0 0.3703125 0.85 0.11171875 0.12890625
0 0.65546875 0.29375 0.10234375 0.075
0 0.46484375 0.2421875 0.0921875 0.06953125
0 0.80703125 0.309375 0.1 0.0859375
0 0.4046875 0.6515625 0.071875 0.07890625
0 0.396875 0.734375 0.09375 0.07109375
0 0.696875 0.19609375 0.10234375 0.09765625
0 0.71953125 0.79140625 0.08828125 0.10234375
0 0.30859375 0.69140625 0.07265625 0.07421875
0 0.440625 0.14453125 0.08515625 0.096875
0 0.71484375 0.37578125 0.10390625 0.06484375
0 0.4671875 0.86640625 0.084375 0.09375
0 0.17734375 0.35 0.09296875 0.109375
0 0.7203125 0.6328125 0.0796875 0.0875
0 0.22109375 0.28828125 0.084375 0.096875
0 0.64375 0.853125 0.06953125 0.10703125
0 0.5703125 0.24921875 0.084375 0.08046875
0 0.7421875 0.54375 0.0703125 0.075
0 0.74296875 0.453125 0.084375 0.06484375
0 0.53984375 0.57734375 0.06171875 0.06953125
0 0.665625 0.53515625 0.0828125 0.06640625
0 0.46640625 0.33359375 0.08515625 0.09453125
0 0.59375 0.36953125 0.07109375 0.0703125
0 0.53984375 0.14375 0.109375 0.10703125
0 0.49296875 0.75 0.06640625 0.08203125
0 0.58359375 0.53203125 0.06875 0.05546875
0 0.353125 0.16796875 0.0734375 0.12109375
0 0.5609375 0.8609375 0.07265625 0.1
0 0.309375 0.5375 0.0609375 0.10234375
0 0.784375 0.7296875 0.1 0.08671875
0 0.33671875 0.4328125 0.0765625 0.07578125
0 0.246875 0.4421875 0.06796875 0.11640625
0 0.290625 0.83203125 0.09140625 0.10390625
0 0.14296875 0.43828125 0.0859375 0.096875
0 0.58828125 0.7375 0.075 0.10859375
0 0.14765625 0.53046875 0.10703125 0.0890625
0 0.2484375 0.5796875 0.0765625 0.103125
0 0.63515625 0.42578125 0.065625 0.06171875
0 0.378125 0.36328125 0.0703125 0.08046875
0 0.84609375 0.45546875 0.10625 0.08515625
0 0.6171875 0.17265625 0.08046875 0.08046875
0 0.75234375 0.24140625 0.07578125 0.0859375
0 0.3546875 0.615625 0.065625 0.078125
0 0.26953125 0.20703125 0.07109375 0.13671875
0 0.59609375 0.6421875 0.0609375 0.06640625
0 0.56484375 0.465625 0.06484375 0.0609375
0 0.8390625 0.60546875 0.09921875 0.08984375
0 0.4765625 0.58359375 0.05234375 0.0765625
0 0.23046875 0.765625 0.08359375 0.1
0 0.14921875 0.6234375 0.1296875 0.0890625
0 0.66796875 0.70078125 0.06484375 0.07421875
0 0.81796875 0.67109375 0.08828125 0.0828125
0 0.37578125 0.26484375 0.06171875 0.08359375
0 0.6296875 0.59296875 0.0609375 0.0609375
0 0.82265625 0.3875 0.065625 0.06953125
0 0.17578125 0.71484375 0.08046875 0.08203125
0 0.47421875 0.6625 0.0546875 0.0640625
0 0.53203125 0.41875 0.05546875 0.07578125
0 0.4171875 0.425 0.059375 0.06640625
0 0.5359375 0.34140625 0.07578125 0.05859375
0 0.534375 0.6640625 0.05078125 0.0765625
0 0.38828125 0.52734375 0.071875 0.06484375
0 0.65859375 0.4703125 0.06171875 0.0484375
0 0.38828125 0.46796875 0.06796875 0.04765625
0 0.84765625 0.5328125 0.09609375 0.075
0 0.30234375 0.34296875 0.0859375 0.10390625
0 0.47421875 0.41484375 0.046875 0.0796875
0 0.42109375 0.57265625 0.05234375 0.0671875