0 0.6640625 0.79609375 0.0859375 0.08984375
0 0.27890625 0.84453125 0.0875 0.065625
0 0.7375 0.43984375 0.0671875 0.08828125
0 0.3390625 0.79375 0.0796875 0.065625
0 0.23203125 0.58203125 0.0796875 0.07265625
0 0.57890625 0.22734375 0.08984375 0.075
0 0.3359375 0.70703125 0.08671875 0.08125
0 0.6328125 0.184375 0.0796875 0.0671875
0 0.4703125 0.90078125 0.09765625 0.075
0 0.77421875 0.65390625 0.06640625 0.09375
0 0.134375 0.53671875 0.0890625 0.10234375
0 0.45390625 0.3328125 0.071875 0.07734375
0 0.5734375 0.80859375 0.07890625 0.0859375
0 0.784375 0.7671875 0.0609375 0.06484375
0 0.65234375 0.28203125 0.0671875 0.06953125
0 0.40859375 0.8046875 0.0703125 0.06953125
0 0.82109375 0.4421875 0.08515625 0.07734375
0 0.7078125 0.3515625 0.06953125 0.0828125
0 0.32734375 0.25859375 0.0671875 0.07265625
0 0.79296875 0.3640625 0.090625 0.071875
0 0.490625 0.81796875 0.078125 0.065625
0 0.70625 0.2265625 0.07421875 0.06796875
0 0.396875 0.21875 0.08125 0.0796875
0 0.26796875 0.31640625 0.08046875 0.0859375
0 0.62734375 0.7078125 0.065625 0.09609375
0 0.51953125 0.6671875 0.0703125 0.0734375
0 0.7140625 0.72265625 0.06953125 0.0703125
0 0.16640625 0.6484375 0.11015625 0.090625
0 0.52734375 0.33671875 0.06640625 0.06875
0 0.48671875 0.20703125 0.08671875 0.07578125
0 0.553125 0.14765625 0.07109375 0.0609375
0 0.58671875 0.37421875 0.06328125 0.0625
0 0.7140625 0.85078125 0.0734375 0.08359375
0 0.5109375 0.2734375 0.065625 0.05859375
0 0.15390625 0.75625 0.06484375 0.07421875
0 0.55234375 0.73828125 0.07890625 0.075
0 0.2015625 0.28046875 0.0609375 0.0875
0 0.45546875 0.14375 0.065625 0.06484375
0 0.140625 0.446875 0.0609375 0.0890625
0 0.16171875 0.21484375 0.07109375 0.0859375
0 0.8734375 0.65390625 0.0609375 0.10703125
0 0.6046875 0.0984375 0.10703125 0.065625
0 0.75703125 0.28984375 0.12578125 0.07421875
0 0.77265625 0.1890625 0.06328125 0.07109375
0 0.903125 0.50625 0.06171875 0.07265625
0 0.684375 0.665625 0.0796875 0.0703125
0 0.45078125 0.67265625 0.0609375 0.07578125
0 0.47578125 0.74140625 0.0671875 0.0765625
0 0.40859375 0.73828125 0.0609375 0.05859375
0 0.28125 0.2171875 0.06953125 0.071875
0 0.809375 0.54375 0.0703125 0.1203125
0 0.27265625 0.77265625 0.07890625 0.065625
0 0.62578125 0.61015625 0.0734375 0.0640625
0 0.36328125 0.1640625 0.0703125 0.0609375
0 0.65078125 0.37578125 0.05234375 0.0734375
0 0.278125 0.4484375 0.05703125 0.0609375
0 0.21328125 0.721875 0.07578125 0.07265625
0 0.71640625 0.5859375 0.0671875 0.09140625
0 0.8859375 0.334375 0.084375 0.0828125
0 0.22578125 0.40859375 0.06484375 0.1
0 0.1671875 0.359375 0.0578125 0.05859375
0 0.084375 0.403125 0.075 0.1171875
0 0.26875 0.6484375 0.06015625 0.07265625
0 0.2140625 0.50078125 0.0640625 0.08125
0 0.7359375 0.5125 0.06328125 0.0734375
0 0.2890625 0.51640625 0.06953125 0.078125
0 0.38984375 0.65 0.0609375 0.06328125
0 0.32265625 0.625 0.06875 0.065625
0 0.55234375 0.46796875 0.06015625 0.05546875
0 0.403125 0.58359375 0.0703125 0.0609375
0 0.6484375 0.5671875 0.05703125 0.05546875
0 0.61484375 0.48828125 0.07109375 0.08125
0 0.38984375 0.35859375 0.0625 0.075
0 0.37578125 0.09921875 0.09453125 0.0515625
0 0.67109375 0.453125 0.0546875 0.07265625
0 0.571875 0.6390625 0.05703125 0.05546875
0 0.67578125 0.51953125 0.04609375 0.05546875
0 0.32734375 0.3453125 0.06328125 0.0671875
0 0.5765625 0.2859375 0.05859375 0.0484375
0 0.3828125 0.29921875 0.06171875 0.05546875
0 0.5109375 0.59140625 0.053125 0.06640625
0 0.43828125 0.2671875 0.059375 0.04765625
0 0.4625 0.40078125 0.046875 0.0578125
0 0.3015625 0.584375 0.05703125 0.05234375
0 0.3625 0.54765625 0.05234375 0.0734375
0 0.46171875 0.59296875 0.046875 0.0703125
0 0.60390625 0.3203125 0.053125 0.05078125
0 0.58359375 0.54296875 0.06328125 0.071875
0 0.35703125 0.4046875 0.0546875 0.05625
0 0.6046875 0.42734375 0.065625 0.04921875
0 0.484375 0.53203125 0.046875 0.06796875
0 0.34375 0.49921875 0.0671875 0.05859375
0 0.29296875 0.39765625 0.0390625 0.040625
0 0.409375 0.49609375 0.07265625 0.05390625
0 0.52890625 0.521875 0.05703125 0.06875
0 0.5421875 0.41953125 0.06328125 0.0515625
0 0.50703125 0.396875 0.04296875 0.0640625
0 0.55703125 0.5765625 0.03828125 0.0578125
0 0.39921875 0.44765625 0.065625 0.0484375
0 0.415625 0.421875 0.0546875 0.03984375
0 0.43515625 0.53046875 0.0546875 0.065625
0 0.3390625 0.4453125 0.06640625 0.0515625