0 0.6875 0.7796875 0.09296875 0.09765625
0 0.30703125 0.8640625 0.09296875 0.0734375
0 0.73203125 0.41796875 0.07421875 0.09375
0 0.36328125 0.8078125 0.08515625 0.07265625
0 0.2390625 0.60703125 0.08515625 0.0796875
0 0.55703125 0.22109375 0.09609375 0.0828125
0 0.353125 0.721875 0.09296875 0.0890625
0 0.60703125 0.1734375 0.08515625 0.07421875
0 0.503125 0.9015625 0.10390625 0.08359375
0 0.7859375 0.628125 0.07421875 0.09921875
0 0.13828125 0.5703125 0.09765625 0.11015625
0 0.440625 0.3375 0.078125 0.08359375
0 0.5984375 0.8 0.08515625 0.09296875
0 0.80546875 0.7390625 0.065625 0.07109375
0 0.63359375 0.26953125 0.07265625 0.075
0 0.43359375 0.8125 0.07578125 0.07578125
0 0.81484375 0.4125 0.09140625 0.08515625
0 0.69453125 0.3328125 0.07578125 0.08984375
0 0.3078125 0.27578125 0.0734375 0.07890625
0 0.78125 0.3375 0.09609375 0.0796875
0 0.51640625 0.81796875 0.08359375 0.07265625
0 0.6828125 0.2078125 0.0796875 0.07421875
0 0.37421875 0.2296875 0.0875 0.08671875
0 0.25390625 0.3390625 0.0875 0.09296875
0 0.64375 0.69453125 0.0734375 0.1015625
0 0.5328125 0.66484375 0.0765625 0.08046875
0 0.73125 0.7015625 0.075 0.0765625
0 0.1796875 0.6796875 0.11640625 0.10078125
0 0.5140625 0.334375 0.071875 0.07421875
0 0.46328125 0.209375 0.09296875 0.08359375
0 0.52421875 0.14453125 0.07578125 0.0671875
0 0.57578125 0.3671875 0.06796875 0.06796875
0 0.74140625 0.82890625 0.0796875 0.08984375
0 0.4921875 0.2734375 0.0703125 0.0640625
0 0.17578125 0.7875 0.0703125 0.08046875
0 0.571875 0.7328125 0.084375 0.08203125
0 0.18515625 0.30859375 0.0671875 0.0921875
0 0.42734375 0.14921875 0.0703125 0.07109375
0 0.1375 0.48125 0.0671875 0.09375
0 0.13984375 0.24765625 0.078125 0.0921875
0 0.884375 0.61875 0.06953125 0.11171875
0 0.571875 0.08984375 0.11171875 0.07578125
0 0.7390625 0.26640625 0.13125 0.0859375
0 0.74609375 0.16484375 0.06875 0.0765625
0 0.90234375 0.46875 0.06796875 0.07890625
0 0.696875 0.64765625 0.084375 0.07734375
0 0.46484375 0.6765625 0.06640625 0.08125
0 0.4953125 0.74296875 0.0734375 0.08203125
0 0.428125 0.7453125 0.065625 0.0640625
0 0.259375 0.23828125 0.075 0.078125
0 0.81171875 0.51484375 0.0796875 0.1265625
0 0.2953125 0.79296875 0.084375 0.07265625
0 0.634375 0.5984375 0.078125 0.07109375
0 0.33671875 0.178125 0.075 0.0671875
0 0.640625 0.3625 0.05859375 0.078125
0 0.275 0.4703125 0.06171875 0.065625
0 0.2328125 0.74765625 0.08125 0.0796875
0 0.72265625 0.565625 0.075 0.09765625
0 0.8703125 0.29921875 0.090625 0.090625
0 0.21953125 0.434375 0.07265625 0.10625
0 0.15703125 0.39140625 0.0625 0.0640625
0 0.078125 0.4421875 0.084375 0.12421875
0 0.28203125 0.66953125 0.065625 0.07734375
0 0.215625 0.52734375 0.0703125 0.0875
0 0.7359375 0.490625 0.06953125 0.0796875
0 0.290625 0.5359375 0.075 0.084375
0 0.40234375 0.66015625 0.065625 0.06875
0 0.33359375 0.64140625 0.07421875 0.07265625
0 0.55 0.46328125 0.0640625 0.06171875
0 0.41015625 0.5921875 0.075 0.0671875
0 0.653125 0.553125 0.0609375 0.0609375
0 0.61328125 0.478125 0.07734375 0.0875
0 0.37890625 0.36953125 0.06875 0.08125
0 0.34375 0.1125 0.0984375 0.06015625
0 0.66640625 0.4375 0.06015625 0.07734375
0 0.5828125 0.63203125 0.0609375 0.06015625
0 0.6765625 0.503125 0.05078125 0.06015625
0 0.315625 0.3625 0.06875 0.07265625
0 0.55859375 0.2796875 0.0625 0.05390625
0 0.3671875 0.3109375 0.065625 0.0609375
0 0.51796875 0.58984375 0.05859375 0.071875
0 0.4203125 0.27421875 0.06328125 0.05390625
0 0.4546875 0.4046875 0.0515625 0.0625
0 0.309375 0.60234375 0.0609375 0.05703125
0 0.3671875 0.56015625 0.05859375 0.078125
0 0.46875 0.59609375 0.05234375 0.07421875
0 0.5890625 0.31171875 0.05703125 0.05546875
0 0.58671875 0.53515625 0.06875 0.07734375
0 0.34921875 0.41796875 0.059375 0.06171875
0 0.59765625 0.4171875 0.0703125 0.05546875
0 0.48671875 0.53359375 0.05234375 0.07265625
0 0.34453125 0.51328125 0.071875 0.0640625
0 0.28515625 0.41796875 0.04296875 0.04453125
0 0.409375 0.50390625 0.0765625 0.06015625
0 0.53046875 0.51875 0.0625 0.0734375
0 0.53515625 0.415625 0.0671875 0.05703125
0 0.49921875 0.396875 0.04765625 0.0671875
0 0.5625 0.57109375 0.04296875 0.06171875
0 0.3953125 0.45703125 0.0703125 0.0546875
0 0.409375 0.4296875 0.0578125 0.0453125
0 0.4375 0.53671875 0.06015625 0.07109375
0 0.33515625 0.4609375 0.0703125 0.05703125