0 0.37578125 0.18203125 0.096875 0.1015625
0 0.7640625 0.1921875 0.0953125 0.078125
0 0.25703125 0.52421875 0.078125 0.09765625
0 0.69765625 0.23359375 0.08828125 0.07734375
0 0.7765625 0.45859375 0.08828125 0.08359375
0 0.38671875 0.7578125 0.0984375 0.08828125
0 0.68984375 0.31953125 0.09609375 0.09296875
0 0.32734375 0.7921875 0.08828125 0.07890625
0 0.58125 0.1078125 0.10703125 0.0890625
0 0.2484375 0.30703125 0.078125 0.103125
0 0.8671875 0.51875 0.10234375 0.11484375
0 0.52421875 0.67265625 0.08125 0.0875
0 0.4671875 0.18359375 0.0890625 0.096875
0 0.25234375 0.19296875 0.06875 0.0734375
0 0.32109375 0.69296875 0.07578125 0.07890625
0 0.6296875 0.21171875 0.07890625 0.0796875
0 0.175 0.50859375 0.09453125 0.08984375
0 0.275 0.615625 0.0796875 0.0921875
0 0.63984375 0.76484375 0.07578125 0.08203125
0 0.1921875 0.590625 0.09921875 0.084375
0 0.55 0.18671875 0.0859375 0.0765625
0 0.2609375 0.740625 0.08203125 0.07890625
0 0.565625 0.79375 0.090625 0.090625
0 0.70625 0.71640625 0.09140625 0.09765625
0 0.40078125 0.275 0.078125 0.1046875
0 0.50234375 0.33125 0.0796875 0.08359375
0 0.3171875 0.24765625 0.078125 0.08046875
0 0.84921875 0.40234375 0.1203125 0.10703125
0 0.4515625 0.6578125 0.075 0.078125
0 0.475 0.7921875 0.0953125 0.08828125
0 0.40234375 0.840625 0.07890625 0.07109375
0 0.3984375 0.61171875 0.0703125 0.07109375
0 0.33359375 0.1203125 0.08359375 0.09375
0 0.46015625 0.72265625 0.07265625 0.06796875
0 0.87578125 0.29765625 0.07421875 0.0828125
0 0.47890625 0.25625 0.0875 0.0859375
0 0.7671875 0.7625 0.07109375 0.0953125
0 0.49765625 0.859375 0.0734375 0.07421875
0 0.84921875 0.60625 0.07109375 0.096875
0 0.79765625 0.8328125 0.08203125 0.09609375
0 0.15 0.29140625 0.07421875 0.11484375
0 0.34375 0.88203125 0.11484375 0.08125
0 0.21796875 0.66953125 0.134375 0.0921875
0 0.18984375 0.7671875 0.071875 0.0796875
0 0.1015625 0.43359375 0.0703125 0.08125
0 0.3390625 0.30859375 0.0875 0.08125
0 0.57109375 0.33671875 0.0703125 0.084375
0 0.5546875 0.26484375 0.0765625 0.0859375
0 0.62109375 0.278125 0.06796875 0.0671875
0 0.6796875 0.81328125 0.078125 0.08125
0 0.19921875 0.41015625 0.08515625 0.1296875
0 0.76015625 0.2640625 0.08671875 0.07734375
0 0.38984375 0.371875 0.08046875 0.07421875
0 0.5921875 0.853125 0.078125 0.07109375
0 0.334375 0.60078125 0.06171875 0.08125
0 0.71328125 0.58359375 0.06484375 0.06875
0 0.8125 0.3234375 0.084375 0.0828125
0 0.296875 0.38203125 0.07890625 0.10078125
0 0.096875 0.60625 0.09375 0.09453125
0 0.759375 0.63203125 0.07734375 0.10859375
0 0.81171875 0.6890625 0.065625 0.06640625
0 0.89921875 0.6578125 0.08984375 0.12734375
0 0.7484375 0.3875 0.06875 0.08125
0 0.7828125 0.5421875 0.07421875 0.08984375
0 0.26796875 0.45234375 0.071875 0.08203125
0 0.7109375 0.515625 0.07890625 0.0875
0 0.62890625 0.3671875 0.06796875 0.071875
0 0.6921875 0.40234375 0.0765625 0.075
0 0.44375 0.5234375 0.06640625 0.0640625
0 0.60703125 0.43203125 0.078125 0.07109375
0 0.36171875 0.4109375 0.06328125 0.0640625
0 0.38515625 0.49453125 0.08125 0.090625
0 0.590625 0.65625 0.071875 0.08359375
0 0.57109375 0.91484375 0.10078125 0.06484375
0 0.325 0.5203125 0.06328125 0.0796875
0 0.446875 0.3515625 0.06328125 0.06328125
0 0.32890625 0.4546875 0.05234375 0.0625
0 0.65078125 0.67890625 0.07109375 0.07578125
0 0.396875 0.70078125 0.06484375 0.05703125
0 0.58984375 0.71640625 0.06875 0.0640625
0 0.50078125 0.4078125 0.06171875 0.0734375
0 0.53046875 0.7390625 0.06484375 0.05625
0 0.52421875 0.60390625 0.05390625 0.0640625
0 0.70703125 0.44609375 0.0625 0.06015625
0 0.6421875 0.4734375 0.06171875 0.08125
0 0.55 0.4140625 0.05546875 0.0765625
0 0.3734375 0.6625 0.059375 0.0578125
0 0.42265625 0.44453125 0.071875 0.08046875
0 0.6296875 0.615625 0.06171875 0.0640625
0 0.3875 0.55625 0.071875 0.05859375
0 0.51953125 0.4703125 0.05546875 0.07421875
0 0.6546875 0.52421875 0.07421875 0.06796875
0 0.6921875 0.63203125 0.04375 0.046875
0 0.58984375 0.51796875 0.07890625 0.0640625
0 0.47421875 0.47421875 0.065625 0.0765625
0 0.44765625 0.5734375 0.06953125 0.0609375
0 0.4796875 0.60078125 0.05078125 0.06953125
0 0.45390625 0.41484375 0.0453125 0.06328125
0 0.59296875 0.5671875 0.071875 0.0578125
0 0.5734375 0.58984375 0.059375 0.04765625
0 0.56796875 0.4796875 0.0625 0.0734375
0 0.65234375 0.578125 0.07265625 0.0609375