0 0.48828125 0.3703125 0.0796875 0.09609375
0 0.6265625 0.12109375 0.13046875 0.10625
0 0.3828125 0.80546875 0.1125 0.08515625
0 0.85625 0.66875 0.0921875 0.12265625
0 0.20703125 0.63515625 0.096875 0.11796875
0 0.70078125 0.3921875 0.10078125 0.10703125
0 0.1828125 0.78515625 0.121875 0.1375
0 0.64921875 0.52265625 0.06796875 0.09375
0 0.36484375 0.46796875 0.07734375 0.1015625
0 0.55625 0.20078125 0.09609375 0.08984375
0 0.7359375 0.67578125 0.11171875 0.13359375
0 0.73203125 0.79609375 0.115625 0.12109375
0 0.284375 0.31484375 0.09375 0.1
0 0.21015625 0.25390625 0.10546875 0.13671875
0 0.5796875 0.29453125 0.08671875 0.0890625
0 0.19296875 0.5265625 0.075 0.096875
0 0.65390625 0.31484375 0.09375 0.08671875
0 0.3265625 0.87265625 0.1234375 0.09609375
0 0.83046875 0.2734375 0.096875 0.128125
0 0.5671875 0.5625 0.07265625 0.0875
0 0.4421875 0.2015625 0.09765625 0.0796875
0 0.5015625 0.803125 0.09921875 0.096875
0 0.659375 0.22890625 0.0890625 0.07421875
0 0.4828125 0.10234375 0.13359375 0.090625
0 0.575 0.384375 0.096875 0.08046875
0 0.4796875 0.57265625 0.08828125 0.0734375
0 0.28984375 0.55703125 0.08125 0.0875
0 0.35390625 0.2484375 0.0796875 0.0796875
0 0.61171875 0.8609375 0.09609375 0.09453125
0 0.7359375 0.1765625 0.08515625 0.115625
0 0.27578125 0.7515625 0.10234375 0.1
0 0.34921875 0.7109375 0.0953125 0.0890625
0 0.3421875 0.16171875 0.13203125 0.10390625
0 0.32265625 0.6421875 0.0984375 0.0875
0 0.3890625 0.56796875 0.09921875 0.08671875
0 0.46953125 0.8890625 0.11953125 0.08828125
0 0.09453125 0.50859375 0.0796875 0.14609375
0 0.12578125 0.37734375 0.071875 0.09609375
0 0.4015625 0.32421875 0.08828125 0.078125
0 0.60234375 0.6953125 0.08671875 0.08984375
0 0.20859375 0.409375 0.07578125 0.12265625
0 0.578125 0.46953125 0.06328125 0.07578125
0 0.12578125 0.659375 0.08515625 0.096875
0 0.8046875 0.4171875 0.0828125 0.12109375
0 0.434375 0.71875 0.0734375 0.08046875
0 0.88828125 0.390625 0.08046875 0.11796875
0 0.34296875 0.39140625 0.0703125 0.07109375
0 0.90234375 0.53984375 0.07734375 0.13046875
0 0.5265625 0.65078125 0.08984375 0.08984375
0 0.48984375 0.28828125 0.08828125 0.07421875
0 0.49296875 0.44375 0.08828125 0.05546875
0 0.61875 0.7703125 0.09296875 0.09453125
0 0.68046875 0.61953125 0.07109375 0.0875
0 0.4390625 0.64609375 0.09765625 0.07109375
0 0.79609375 0.55078125 0.0703125 0.103125
0 0.515625 0.72265625 0.07421875 0.0703125
0 0.61640625 0.60703125 0.0734375 0.08671875
0 0.6328125 0.4375 0.09296875 0.08671875
0 0.74140625 0.29765625 0.0703125 0.08515625
0 0.72265625 0.515625 0.065625 0.1125
0 0.41484375 0.39375 0.05625 0.0828125
0 0.2765625 0.46953125 0.05859375 0.0875
0 0.42578125 0.50078125 0.05625 0.0875