0 0.51796875 0.62890625 0.075 0.09140625
0 0.3921875 0.88515625 0.12578125 0.09921875
0 0.60234375 0.18828125 0.10859375 0.07890625
0 0.1359375 0.3515625 0.08671875 0.11796875
0 0.78671875 0.3484375 0.09140625 0.1125
0 0.3046875 0.61875 0.09609375 0.10234375
0 0.803125 0.19765625 0.115625 0.13125
0 0.35 0.4859375 0.0640625 0.08984375
0 0.63671875 0.525 0.07265625 0.096875
0 0.45859375 0.8015625 0.0921875 0.08515625
0 0.25625 0.3375 0.10625 0.128125
0 0.2546875 0.2171875 0.1109375 0.11484375
0 0.72421875 0.67265625 0.0890625 0.0953125
0 0.8015625 0.7296875 0.09921875 0.13046875
0 0.4296875 0.709375 0.0828125 0.08515625
0 0.80546875 0.45625 0.0703125 0.09375
0 0.35546875 0.69375 0.08984375 0.08125
0 0.6546875 0.11796875 0.11953125 0.0890625
0 0.18125 0.7453125 0.090625 0.12265625
0 0.4296875 0.44140625 0.06875 0.084375
0 0.57265625 0.7953125 0.09375 0.075
0 0.48359375 0.196875 0.09453125 0.0921875
0 0.3546875 0.7796875 0.0859375 0.06953125
0 0.53671875 0.89609375 0.1296875 0.08359375
0 0.43125 0.61953125 0.09296875 0.07578125
0 0.5171875 0.4265625 0.08515625 0.06875
0 0.70703125 0.43125 0.07734375 0.0828125
0 0.65859375 0.74296875 0.07578125 0.07578125
0 0.37109375 0.14609375 0.0921875 0.0890625
0 0.28046875 0.8359375 0.0796875 0.11171875
0 0.71171875 0.2359375 0.09765625 0.09453125
0 0.640625 0.28046875 0.09140625 0.084375
0 0.67421875 0.82890625 0.12734375 0.09609375
0 0.6703125 0.34765625 0.09453125 0.08203125
0 0.60703125 0.42578125 0.0953125 0.08125
0 0.51171875 0.109375 0.115625 0.08203125
0 0.9046875 0.46796875 0.07265625 0.1421875
0 0.8796875 0.6015625 0.0671875 0.0921875
0 0.60703125 0.6703125 0.08515625 0.07265625
0 0.38828125 0.3109375 0.0828125 0.0859375
0 0.7953125 0.57421875 0.0703125 0.11953125
0 0.4234375 0.534375 0.06015625 0.071875
0 0.865625 0.3203125 0.08046875 0.09296875
0 0.19921875 0.6 0.07734375 0.1171875
0 0.5546875 0.278125 0.06953125 0.07734375
0 0.11796875 0.63046875 0.075 0.11328125
0 0.6625 0.6 0.06640625 0.06796875
0 0.096875 0.4828125 0.07109375 0.12734375
0 0.465625 0.35078125 0.0859375 0.08515625
0 0.5203125 0.7109375 0.08515625 0.06953125
0 0.509375 0.55546875 0.0859375 0.05078125
0 0.36796875 0.23671875 0.08828125 0.0890625
0 0.3140625 0.390625 0.0671875 0.084375
0 0.55390625 0.35078125 0.09453125 0.065625
0 0.20234375 0.46640625 0.065625 0.09921875
0 0.4734375 0.278125 0.0703125 0.06640625
0 0.37890625 0.4 0.06953125 0.0828125
0 0.3703125 0.5703125 0.08828125 0.08125
0 0.26875 0.715625 0.065625 0.08125
0 0.27734375 0.496875 0.0609375 0.10859375
0 0.590625 0.60078125 0.05234375 0.0796875
0 0.725 0.51796875 0.0546875 0.084375
0 0.57421875 0.49453125 0.05234375 0.084375