0 0.29296875 0.8734375 0.1203125 0.10546875
0 0.82265625 0.2890625 0.12578125 0.11953125
0 0.73515625 0.19453125 0.13359375 0.11171875
0 0.77265625 0.78125 0.09765625 0.1
0 0.67421875 0.5046875 0.07578125 0.10546875
0 0.32421875 0.7546875 0.11328125 0.10390625
0 0.11796875 0.54453125 0.096875 0.11953125
0 0.15 0.67734375 0.103125 0.11015625
0 0.87578125 0.55234375 0.10078125 0.11875
0 0.6453125 0.6125 0.08984375 0.09609375
0 0.34140625 0.4421875 0.078125 0.090625
0 0.63203125 0.265625 0.09921875 0.1
0 0.35078125 0.24453125 0.10234375 0.103125
0 0.56875 0.6875 0.09296875 0.0875
0 0.42734375 0.4546875 0.08671875 0.103125
0 0.19765625 0.78984375 0.1 0.0984375
0 0.66328125 0.73515625 0.07421875 0.08359375
0 0.4984375 0.0875 0.11484375 0.10078125
0 0.61640625 0.12265625 0.11328125 0.0953125
0 0.5578125 0.89765625 0.12890625 0.10078125
0 0.490625 0.2265625 0.11875 0.084375
0 0.2421875 0.1734375 0.10078125 0.09765625
0 0.25390625 0.628125 0.09453125 0.0875
0 0.23203125 0.50078125 0.09375 0.0984375
0 0.42734375 0.90703125 0.12421875 0.08984375
0 0.68359375 0.84921875 0.09140625 0.09296875
0 0.175 0.2765625 0.09921875 0.10859375
0 0.634375 0.39375 0.08359375 0.09140625
0 0.4203125 0.35078125 0.09609375 0.09140625
0 0.35859375 0.1203125 0.121875 0.10703125
0 0.134375 0.4 0.1 0.12734375
0 0.87890625 0.41484375 0.11953125 0.13203125
0 0.4515625 0.79609375 0.128125 0.090625
0 0.76640625 0.534375 0.06484375 0.08515625
0 0.759375 0.43515625 0.0734375 0.09453125
0 0.5796875 0.52734375 0.07265625 0.09296875
0 0.3359375 0.546875 0.08671875 0.09296875
0 0.58203125 0.77265625 0.08359375 0.07265625
0 0.371875 0.6546875 0.07578125 0.0671875
0 0.53671875 0.41796875 0.0765625 0.07109375
0 0.52265625 0.6109375 0.07578125 0.07890625
0 0.265625 0.3703125 0.12109375 0.13671875
0 0.53984375 0.32578125 0.09921875 0.0734375
0 0.71015625 0.34375 0.07578125 0.07421875
0 0.83828125 0.68046875 0.09296875 0.11875
0 0.73125 0.640625 0.07421875 0.08359375
0 0.45859375 0.69921875 0.09140625 0.06640625
0 0.4203125 0.56640625 0.07734375 0.0765625