0 0.2890625 0.83828125 0.203125 0.18359375
0 0.4609375 0.6875 0.13828125 0.13984375
0 0.8515625 0.43671875 0.13203125 0.153125
0 0.5859375 0.6703125 0.13359375 0.16015625
0 0.3609375 0.6265625 0.153125 0.13203125
0 0.47265625 0.8171875 0.15 0.1265625
0 0.65703125 0.8734375 0.221875 0.171875
0 0.6890625 0.6203125 0.13359375 0.153125
0 0.8703125 0.28671875 0.16640625 0.18984375
0 0.303125 0.5109375 0.146875 0.146875
0 0.890625 0.6125 0.15703125 0.225
0 0.7234375 0.23671875 0.1453125 0.13984375
0 0.7609375 0.7296875 0.14296875 0.13671875
0 0.26640625 0.20546875 0.16640625 0.1703125
0 0.6984375 0.5 0.1546875 0.1234375
0 0.4359375 0.18984375 0.15703125 0.10703125
0 0.2015625 0.3828125 0.1234375 0.1546875
0 0.215625 0.66640625 0.11796875 0.15859375
0 0.34296875 0.39765625 0.16015625 0.16171875
0 0.10390625 0.51953125 0.175 0.21015625
0 0.6 0.14140625 0.1796875 0.16328125
0 0.45390625 0.3390625 0.13515625 0.16640625
0 0.575 0.334375 0.11328125 0.1515625
0 0.68671875 0.3734375 0.1515625 0.13515625