0 0.24921875 0.81015625 0.18515625 0.16171875
0 0.43828125 0.68203125 0.1234375 0.1265625
0 0.85703125 0.4796875 0.11484375 0.13984375
0 0.5640625 0.67890625 0.11640625 0.146875
0 0.346875 0.609375 0.13984375 0.11484375
0 0.434375 0.81171875 0.13828125 0.11015625
0 0.61015625 0.88984375 0.2046875 0.1484375
0 0.6734375 0.6421875 0.11640625 0.13984375
0 0.89296875 0.33359375 0.146875 0.1734375
0 0.303125 0.48671875 0.13203125 0.13203125
0 0.87421875 0.659375 0.13203125 0.21015625
0 0.75390625 0.265625 0.1296875 0.125
0 0.73046875 0.76015625 0.1296875 0.121875
0 0.30390625 0.17890625 0.1484375 0.153125
0 0.696875 0.52421875 0.14296875 0.10703125
0 0.47421875 0.184375 0.146875 0.08984375
0 0.21796875 0.346875 0.10703125 0.14296875
0 0.19765625 0.63046875 0.1015625 0.146875
0 0.35703125 0.37890625 0.14296875 0.1453125
0 0.1046875 0.47109375 0.153125 0.19296875
0 0.6421875 0.15703125 0.16328125 0.1453125
0 0.47421875 0.33515625 0.11640625 0.153125
0 0.5953125 0.3453125 0.096875 0.14140625
0 0.70078125 0.396875 0.13828125 0.11796875