0 0.43671875 0.15703125 0.20390625 0.16796875
0 0.3765625 0.6640625 0.12421875 0.13515625
0 0.45390625 0.33359375 0.1296875 0.14140625
0 0.68359375 0.56953125 0.146875 0.13671875
0 0.103125 0.4421875 0.15078125 0.16171875
0 0.3453125 0.3765625 0.128125 0.12578125
0 0.71640625 0.82734375 0.14609375 0.146875
0 0.89453125 0.5578125 0.16484375 0.19296875
0 0.525 0.87421875 0.20546875 0.15703125
0 0.5078125 0.70078125 0.1171875 0.13203125
0 0.68203125 0.4359375 0.13828125 0.12890625
0 0.75703125 0.2609375 0.15703125 0.1375
0 0.26796875 0.2 0.13046875 0.13203125
0 0.63125 0.68828125 0.1234375 0.13828125
0 0.3 0.47734375 0.12265625 0.12109375
0 0.5890625 0.3546875 0.1296875 0.15
0 0.203125 0.74453125 0.19921875 0.18203125
0 0.14921875 0.29375 0.12109375 0.13203125
0 0.86015625 0.390625 0.1109375 0.1359375
0 0.609375 0.19140625 0.13984375 0.1140625
0 0.30234375 0.58359375 0.13828125 0.115625
0 0.0953125 0.59453125 0.11171875 0.1421875
0 0.36015625 0.83359375 0.13828125 0.1015625
0 0.8296875 0.70859375 0.10234375 0.1390625