0 0.1734375 0.621875 0.15 0.190625
0 0.6828125 0.59296875 0.125 0.11328125
0 0.34453125 0.57421875 0.13046875 0.1171875
0 0.5359375 0.30703125 0.12421875 0.13515625
0 0.51171875 0.90078125 0.14921875 0.13671875
0 0.40546875 0.67421875 0.11484375 0.1171875
0 0.784375 0.23046875 0.13515625 0.134375
0 0.48828125 0.1015625 0.1796875 0.14765625
0 0.86484375 0.41015625 0.13828125 0.19296875
0 0.69609375 0.4578125 0.12265625 0.10546875
0 0.40546875 0.33203125 0.1171875 0.12734375
0 0.21953125 0.28828125 0.1234375 0.14609375
0 0.24453125 0.78046875 0.12109375 0.11953125
0 0.6625 0.33828125 0.12890625 0.11171875
0 0.5125 0.70078125 0.1109375 0.11171875
0 0.34140625 0.4375 0.13984375 0.11640625
0 0.7921875 0.74921875 0.16484375 0.184375
0 0.3578125 0.88125 0.12265625 0.11015625
0 0.3296875 0.16484375 0.12734375 0.09921875
0 0.17734375 0.4453125 0.1015625 0.13046875
0 0.61640625 0.68046875 0.103125 0.12890625
0 0.66328125 0.88203125 0.13359375 0.09921875
0 0.853125 0.5796875 0.08828125 0.13125
0 0.6484375 0.1390625 0.13203125 0.08984375