0 0.85625 0.45234375 0.15 0.19765625
0 0.7375 0.78046875 0.1359375 0.14296875
0 0.67734375 0.446875 0.13203125 0.11640625
0 0.584375 0.690625 0.10859375 0.13515625
0 0.32265625 0.646875 0.12734375 0.10703125
0 0.57734375 0.11015625 0.14921875 0.13046875
0 0.16953125 0.71640625 0.121875 0.14296875
0 0.44375 0.6859375 0.12578125 0.13203125
0 0.415625 0.30859375 0.10703125 0.1265625
0 0.325 0.5234375 0.11953125 0.10546875
0 0.5265625 0.27890625 0.11171875 0.11171875
0 0.82578125 0.63203125 0.10625 0.13125
0 0.43984375 0.8890625 0.18046875 0.146875
0 0.18359375 0.35859375 0.11640625 0.11875
0 0.13515625 0.5296875 0.12421875 0.190625
0 0.42265625 0.10078125 0.13671875 0.09453125
0 0.2796875 0.82890625 0.12421875 0.10078125
0 0.62265625 0.3375 0.11484375 0.12265625
0 0.80546875 0.27890625 0.10859375 0.11953125
0 0.34921875 0.39609375 0.12734375 0.11484375
0 0.278125 0.1984375 0.17734375 0.17421875
0 0.609375 0.88359375 0.1328125 0.09921875
0 0.71796875 0.16484375 0.1265625 0.10078125
0 0.66328125 0.5921875 0.14375 0.1265625