0 0.47109375 0.14140625 0.2046875 0.16015625
0 0.79296875 0.27734375 0.15 0.14296875
0 0.45625 0.3203125 0.12265625 0.13828125
0 0.69453125 0.42578125 0.140625 0.11484375
0 0.6375 0.684375 0.11328125 0.13203125
0 0.11484375 0.40234375 0.1375 0.15546875
0 0.69921875 0.840625 0.1484375 0.12890625
0 0.6828125 0.565625 0.13828125 0.1328125
0 0.30390625 0.57421875 0.13203125 0.11328125
0 0.51484375 0.67578125 0.11171875 0.125
0 0.28046875 0.4625 0.1171875 0.1171875
0 0.64921875 0.18125 0.13671875 0.11328125
0 0.88515625 0.58046875 0.15546875 0.18671875
0 0.3421875 0.80859375 0.12421875 0.121875
0 0.5109375 0.865625 0.19609375 0.134375
0 0.096875 0.55703125 0.10234375 0.14140625
0 0.8171875 0.73671875 0.10703125 0.1296875
0 0.34453125 0.36875 0.128125 0.12109375
0 0.2953125 0.1828125 0.12421875 0.11484375
0 0.38828125 0.6453125 0.12109375 0.13203125
0 0.18671875 0.70546875 0.18359375 0.1859375
0 0.88828125 0.4109375 0.10625 0.1375
0 0.1765625 0.26484375 0.10703125 0.13203125
0 0.60078125 0.34140625 0.13359375 0.15