0 0.103125 0.6296875 0.03203125 0.01328125
0 0.08125 0.49921875 0.03046875 0.01640625
0 0.33515625 0.32578125 0.00859375 0.003125
0 0.37734375 0.32890625 0.01484375 0.0171875
0 0.4234375 0.6125 0.05390625 0.0359375
0 0.73984375 0.78125 0.02109375 0.01640625
0 0.878125 0.3015625 0.02265625 0.01640625
0 0.63828125 0.18984375 0.02578125 0.0234375
1 0.6328125 0.72734375 0.36328125 0.21328125
1 0.728125 0.71875 0.54375 0.228125
1 0.7234375 0.4921875 0.553125 0.2515625
1 0.71484375 0.3859375 0.56953125 0.4234375
1 0.58828125 0.37734375 0.34765625 0.42734375
1 0.31484375 0.4203125 0.23671875 0.34296875
1 0.20703125 0.43828125 0.390625 0.32265625
1 0.19609375 0.49609375 0.39140625 0.221875
1 0.19765625 0.64375 0.39140625 0.184375
1 0.20078125 0.7296875 0.39609375 0.21875
1 0.29296875 0.73359375 0.23984375 0.20703125