0 0.25234375 0.25625 0.02421875 0.02265625
0 0.44296875 0.2234375 0.028125 0.021875
0 0.7359375 0.3671875 0.00625 0.00625
0 0.7375 0.3953125 0.028125 0.0125
0 0.32265625 0.46484375 0.06015625 0.040625
0 0.115625 0.696875 0.028125 0.01640625
0 0.64296875 0.91484375 0.02265625 0.01953125
0 0.846875 0.721875 0.028125 0.0171875
0 0.98046875 0.5484375 0.03828125 0.0203125
1 0.18203125 0.61875 0.36328125 0.26875
1 0.22109375 0.74375 0.4421875 0.5125
1 0.5546875 0.7 0.47421875 0.50546875
1 0.67265625 0.628125 0.65390625 0.43671875
1 0.67734375 0.540625 0.64453125 0.2875
1 0.5921875 0.3671875 0.53984375 0.203125
1 0.55078125 0.29765625 0.53203125 0.3015625
1 0.45703125 0.27421875 0.39609375 0.3390625
1 0.23828125 0.2953125 0.33828125 0.33359375
1 0.153125 0.25234375 0.30625 0.45546875
1 0.146875 0.3953125 0.29375 0.1859375