1 0.2421875 0.53984375 0.2578125 0.159375
0 0.15078125 0.346875 0.1109375 0.090625
0 0.23046875 0.415625 0.11640625 0.10234375
0 0.11171875 0.15 0.06640625 0.046875
0 0.08671875 0.30078125 0.05 0.04375
0 0.67109375 0.8734375 0.0671875 0.04375
0 0.2328125 0.23046875 0.0609375 0.04765625
0 0.63671875 0.6359375 0.1921875 0.0625
0 0.4921875 0.64375 0.18515625 0.0671875
0 0.15703125 0.63984375 0.12734375 0.05078125
0 0.66875 0.1796875 0.06640625 0.03203125
0 0.34609375 0.80625 0.05859375 0.03203125
0 0.128125 0.72890625 0.06015625 0.03359375
1 0.334375 0.64921875 0.33359375 0.10234375
0 0.0453125 0.65546875 0.0875 0.03671875
0 0.5171875 0.8578125 0.0890625 0.028125
0 0.51640625 0.8609375 0.08359375 0.02421875
1 0.78671875 0.7484375 0.3421875 0.115625
0 0.81328125 0.31875 0.0296875 0.021875
0 0.87109375 0.209375 0.0140625 0.015625
0 0.8109375 0.30625 0.0265625 0.01484375
0 0.9328125 0.50859375 0.0421875 0.02890625
0 0.7609375 0.46875 0.0296875 0.021875
0 0.846875 0.44296875 0.0328125 0.028125
0 0.39296875 0.23984375 0.0453125 0.0359375
0 0.71015625 0.28046875 0.04140625 0.028125
0 0.46640625 0.1625 0.0390625 0.02734375
0 0.4109375 0.27421875 0.0359375 0.03125
0 0.67265625 0.27890625 0.03359375 0.0203125
0 0.7515625 0.33125 0.0234375 0.02890625
0 0.38359375 0.2875 0.02890625 0.02265625
0 0.59453125 0.34609375 0.01640625 0.0140625
0 0.453125 0.2140625 0.01484375 0.0109375
0 0.56171875 0.3140625 0.0140625 0.01328125
0 0.38125 0.15625 0.0125 0.009375
0 0.5640625 0.259375 0.0140625 0.009375
0 0.6109375 0.36015625 0.01640625 0.01484375
0 0.62890625 0.3765625 0.01640625 0.01484375
0 0.57890625 0.3296875 0.0140625 0.0140625
0 0.7 0.471875 0.0421875 0.02890625
0 0.3078125 0.5109375 0.02109375 0.0171875
0 0.678125 0.4234375 0.01640625 0.01484375
0 0.453125 0.45859375 0.01875 0.01328125
0 0.69609375 0.43984375 0.01640625 0.0140625
0 0.66171875 0.40703125 0.01484375 0.0125
0 0.6453125 0.39453125 0.0140625 0.009375
0 0.33046875 0.71484375 0.0234375 0.0140625
0 0.2890625 0.7875 0.05 0.02734375
0 0.246875 0.703125 0.01484375 0.009375
0 0.34375 0.66796875 0.0171875 0.01328125
0 0.4328125 0.859375 0.0609375 0.0265625
0 0.50078125 0.80390625 0.0234375 0.0140625
0 0.45625 0.79453125 0.0234375 0.01015625
0 0.5953125 0.82109375 0.03125 0.01796875
0 0.49453125 0.859375 0.0421875 0.01875
0 0.3234375 0.6140625 0.0203125 0.01953125
0 0.3296875 0.6390625 0.0375 0.01875
0 0.27578125 0.765625 0.0125 0.01015625
0 0.28125 0.1046875 0.03515625 0.0234375
0 0.1859375 0.7265625 0.0109375 0.00859375
0 0.0265625 0.71484375 0.04609375 0.0296875
0 0.0453125 0.6921875 0.0125 0.0078125
0 0.2078125 0.77578125 0.0515625 0.0171875
0 0.14609375 0.74453125 0.01484375 0.00859375
0 0.81640625 0.84140625 0.0390625 0.01953125
0 0.78984375 0.846875 0.03125 0.01484375
0 0.85390625 0.834375 0.01484375 0.00546875
0 0.709375 0.84375 0.0328125 0.01953125
0 0.69921875 0.834375 0.01015625 0.0078125
0 0.6890625 0.82890625 0.0265625 0.01015625
0 0.6453125 0.82734375 0.05625 0.01875
0 0.57890625 0.82109375 0.02109375 0.01796875
0 0.5515625 0.8171875 0.0203125 0.00859375
0 0.5484375 0.81328125 0.0171875 0.01015625
0 0.3859375 0.77890625 0.03359375 0.0203125
0 0.40859375 0.78046875 0.0265625 0.0140625
0 0.40546875 0.7890625 0.0203125 0.00859375
0 0.34765625 0.778125 0.01875 0.00859375
0 0.3296875 0.775 0.01484375 0.00859375
0 0.31640625 0.76953125 0.0109375 0.0078125
0 0.2984375 0.76171875 0.0203125 0.009375
0 0.26171875 0.7625 0.0171875 0.01015625
0 0.24609375 0.76015625 0.0125 0.00625
0 0.2328125 0.75859375 0.00859375 0.0046875
0 0.225 0.7671875 0.0328125 0.01796875
0 0.23984375 0.78984375 0.04765625 0.0171875
0 0.20234375 0.75703125 0.0625 0.02890625
0 0.0953125 0.7359375 0.01875 0.0078125
1 0.521875 0.74765625 0.1671875 0.1078125
1 0.61953125 0.73828125 0.3140625 0.1578125
0 0.7296875 0.634375 0.02734375 0.01875
0 0.8203125 0.5734375 0.025 0.0140625
0 0.8359375 0.57109375 0.02109375 0.0171875
0 0.86875 0.26796875 0.02890625 0.025
0 0.7265625 0.2828125 0.0203125 0.01484375
0 0.66015625 0.2921875 0.02265625 0.0125
0 0.6203125 0.2015625 0.0484375 0.028125