0 0.19375 0.278125 0.1984375 0.20390625
0 0.75625 0.815625 0.1984375 0.20234375
0 0.1765625 0.6765625 0.22265625 0.1921875
0 0.403125 0.84453125 0.13359375 0.21328125
0 0.83359375 0.70234375 0.18515625 0.18515625
0 0.81171875 0.25625 0.19453125 0.1984375
0 0.13203125 0.55859375 0.190625 0.171875
0 0.32421875 0.1625 0.2078125 0.19609375
0 0.26640625 0.78359375 0.184375 0.19296875
0 0.58125 0.8453125 0.17734375 0.19609375
0 0.87421875 0.39609375 0.1890625 0.14140625
0 0.87734375 0.5359375 0.16171875 0.1296875
0 0.65390625 0.171875 0.1703125 0.19765625
0 0.14609375 0.41171875 0.171875 0.13046875
0 0.48359375 0.11875 0.15078125 0.21328125