0 0.83828125 0.6046875 0.14375 0.165625
0 0.49375 0.13125 0.171875 0.1640625
0 0.47578125 0.69140625 0.1375 0.15078125
0 0.63828125 0.86171875 0.1734375 0.17578125
0 0.80703125 0.28359375 0.16171875 0.16640625
0 0.7796875 0.75546875 0.165625 0.165625
0 0.33671875 0.84453125 0.16171875 0.16953125
0 0.484375 0.87265625 0.13203125 0.1375
0 0.16875 0.43203125 0.15234375 0.1375
0 0.21875 0.2828125 0.1625 0.1546875
0 0.2234375 0.7234375 0.16640625 0.165625
0 0.63046875 0.34921875 0.16015625 0.1703125
0 0.459375 0.32265625 0.15234375 0.15703125
0 0.3484375 0.44921875 0.13203125 0.13203125
0 0.334375 0.1859375 0.1453125 0.1625
0 0.67109375 0.16328125 0.1625 0.1796875
0 0.36640625 0.5875 0.13828125 0.1203125
0 0.1578125 0.58359375 0.15703125 0.13359375
0 0.853125 0.4375 0.16015625 0.1625
0 0.671875 0.5015625 0.1296875 0.12265625
0 0.628125 0.64921875 0.1546875 0.13984375