0 0.6453125 0.1765625 0.15078125 0.1265625
0 0.13359375 0.46171875 0.146875 0.1546875
0 0.68671875 0.54765625 0.1375 0.12109375
0 0.875 0.40703125 0.15859375 0.1546875
0 0.321875 0.16953125 0.15078125 0.14375
0 0.7875 0.253125 0.14765625 0.14765625
0 0.821875 0.70390625 0.153125 0.14375
0 0.86796875 0.56171875 0.12421875 0.1171875
0 0.3921875 0.8203125 0.12109375 0.13828125
0 0.25 0.75234375 0.1375 0.146875
0 0.68828125 0.80234375 0.14765625 0.14921875
0 0.36640625 0.35234375 0.1546875 0.14296875
0 0.31953125 0.51875 0.14140625 0.1359375
0 0.43125 0.64375 0.11875 0.11875
0 0.16796875 0.6265625 0.14765625 0.128125
0 0.18671875 0.28828125 0.1640625 0.14375
0 0.5703125 0.64296875 0.10546875 0.1265625
0 0.54140625 0.84921875 0.115625 0.14375
0 0.48046875 0.14140625 0.146875 0.14296875
0 0.521875 0.3296875 0.109375 0.1171875
0 0.6640625 0.39140625 0.12421875 0.13984375