0 0.1796875 0.5078125 0.06875 0.05
0 0.35546875 0.5265625 0.0859375 0.06484375
0 0.10859375 0.55390625 0.07109375 0.05625
0 0.5765625 0.78046875 0.02265625 0.015625
0 0.24765625 0.378125 0.0734375 0.05546875
0 0.30859375 0.23984375 0.0734375 0.04765625
0 0.8734375 0.52890625 0.02265625 0.0140625
0 0.9390625 0.890625 0.0171875 0.0140625
0 0.809375 0.62734375 0.02109375 0.015625
0 0.3921875 0.58125 0.075 0.0546875
0 0.440625 0.85859375 0.02109375 0.015625
0 0.78125 0.60703125 0.02109375 0.01484375
0 0.96328125 0.2328125 0.02265625 0.0171875
0 0.4171875 0.61875 0.03515625 0.02734375
0 0.50546875 0.49375 0.0671875 0.0671875
0 0.6171875 0.815625 0.02109375 0.0171875
0 0.5078125 0.41171875 0.075 0.0859375
0 0.50234375 0.7359375 0.0125 0.01015625
0 0.7359375 0.70234375 0.0203125 0.021875
0 0.9515625 0.48984375 0.02109375 0.01328125
0 0.76171875 0.6859375 0.0203125 0.0171875
0 0.9515625 0.27578125 0.0203125 0.01484375
0 0.61015625 0.528125 0.0203125 0.01484375
0 0.04140625 0.91328125 0.02109375 0.0109375
0 0.77421875 0.06328125 0.03359375 0.025
0 0.6984375 0.06640625 0.10390625 0.04765625
0 0.946875 0.1546875 0.03125 0.02265625
0 0.86796875 0.16171875 0.025 0.0125
0 0.846875 0.16875 0.0109375 0.01015625
0 0.8390625 0.17421875 0.0140625 0.0125
0 0.67109375 0.18828125 0.01015625 0.00859375
0 0.9953125 0.23515625 0.00859375 0.01796875
0 0.74921875 0.3109375 0.01484375 0.0125
0 0.5875 0.28671875 0.01484375 0.01015625
0 0.8125 0.3625 0.0078125 0.0109375
0 0.83359375 0.42265625 0.0109375 0.0109375
0 0.5921875 0.4 0.0140625 0.0078125
0 0.76796875 0.51015625 0.0140625 0.015625
0 0.75 0.51015625 0.01875 0.015625
0 0.76015625 0.51953125 0.01015625 0.01328125
0 0.98046875 0.5453125 0.00859375 0.01328125
0 0.9734375 0.5390625 0.01484375 0.0078125
0 0.73359375 0.59921875 0.0109375 0.0171875
0 0.72421875 0.596875 0.02109375 0.01796875
0 0.61875 0.53125 0.0171875 0.015625
0 0.71796875 0.70390625 0.01640625 0.0171875
0 0.86328125 0.69765625 0.10625 0.0765625
0 0.8671875 0.75 0.0890625 0.08984375
0 0.92421875 0.8 0.0734375 0.0875
0 0.77421875 0.93046875 0.0109375 0.0125
0 0.65 0.88515625 0.0171875 0.015625
0 0.48046875 0.65859375 0.0203125 0.009375
0 0.2203125 0.73203125 0.01875 0.01015625
0 0.5265625 0.54296875 0.02265625 0.01953125
0 0.50234375 0.54375 0.02265625 0.0203125
0 0.46640625 0.39296875 0.02109375 0.02265625
0 0.51171875 0.17421875 0.0140625 0.0109375
0 0.4765625 0.178125 0.01015625 0.009375
0 0.46875 0.1765625 0.0109375 0.01015625
0 0.2328125 0.11015625 0.0359375 0.01875
0 0.1390625 0.1703125 0.0359375 0.01796875
0 0.3421875 0.05234375 0.01640625 0.01796875
0 0.540625 0.05078125 0.01015625 0.0078125