0 0.18203125 0.4703125 0.07890625 0.05703125
0 0.3515625 0.509375 0.0984375 0.07421875
0 0.10234375 0.5078125 0.0828125 0.0640625
0 0.5171875 0.7859375 0.025 0.01875
0 0.2765625 0.35 0.08515625 0.0640625
0 0.365625 0.2203125 0.0828125 0.05625
0 0.8625 0.57265625 0.025 0.0171875
0 0.85234375 0.9375 0.0203125 0.015625
0 0.77890625 0.6625 0.0234375 0.01796875
0 0.3765625 0.5671875 0.08515625 0.0625
0 0.36640625 0.846875 0.0234375 0.01796875
0 0.75546875 0.6390625 0.0234375 0.0171875
0 0.39375 0.6078125 0.03984375 0.03125
0 0.50703125 0.49453125 0.08125 0.075
0 0.55 0.825 0.025 0.01875
0 0.52578125 0.4140625 0.0921875 0.09375
0 0.453125 0.73359375 0.01484375 0.0109375
0 0.69140625 0.728125 0.0234375 0.0234375
0 0.94765625 0.54296875 0.0234375 0.01484375
0 0.7203125 0.71484375 0.0234375 0.01875
0 0.990625 0.33203125 0.01875 0.0171875
0 0.60234375 0.540625 0.02265625 0.0171875
0 0.86171875 0.10078125 0.0390625 0.02890625
0 0.7859375 0.0953125 0.1125 0.059375
0 0.934375 0.209375 0.02734375 0.01484375
0 0.91171875 0.2140625 0.0140625 0.0109375
0 0.903125 0.21875 0.01484375 0.01328125
0 0.734375 0.2125 0.0109375 0.009375
0 0.7859375 0.3421875 0.0171875 0.0140625
0 0.63046875 0.3 0.0171875 0.0125
0 0.8375 0.40078125 0.01015625 0.0125
0 0.8453125 0.46328125 0.0140625 0.0125
0 0.6125 0.41171875 0.01484375 0.009375
0 0.7625 0.54140625 0.0171875 0.01796875
0 0.7453125 0.5390625 0.02109375 0.01796875
0 0.75234375 0.55 0.0125 0.0140625
0 0.965625 0.60078125 0.0109375 0.0140625
0 0.959375 0.59453125 0.01640625 0.009375
0 0.71015625 0.625 0.01484375 0.01796875
0 0.7015625 0.62265625 0.025 0.01953125
0 0.6109375 0.54453125 0.0203125 0.01796875
0 0.6734375 0.7265625 0.0203125 0.01875
0 0.8171875 0.73828125 0.12109375 0.08828125
0 0.8109375 0.78984375 0.10625 0.09921875
0 0.85703125 0.84609375 0.09140625 0.09453125
0 0.68125 0.95703125 0.0140625 0.01328125
0 0.5671875 0.89765625 0.0203125 0.01796875
0 0.4484375 0.65390625 0.02109375 0.0109375
0 0.17578125 0.69609375 0.02109375 0.0125
0 0.5171875 0.5453125 0.0265625 0.02265625
0 0.49296875 0.54375 0.0265625 0.0234375
0 0.4890625 0.38984375 0.0265625 0.02421875
0 0.5796875 0.1796875 0.01640625 0.01328125
0 0.54375 0.1796875 0.0109375 0.01015625
0 0.53671875 0.17734375 0.0140625 0.0109375
0 0.3171875 0.08359375 0.03984375 0.02265625
0 0.21171875 0.13203125 0.03984375 0.021875
0 0.4375 0.0390625 0.0203125 0.01953125
0 0.63359375 0.0609375 0.0109375 0.00859375