0 0.8734375 0.46171875 0.0609375 0.05
0 0.70703125 0.52109375 0.0546875 0.0390625
0 0.29140625 0.54296875 0.05 0.02265625
0 0.6453125 0.540625 0.06640625 0.04375
0 0.9171875 0.35859375 0.05859375 0.04140625
0 0.82890625 0.59140625 0.0671875 0.0390625
0 0.76875 0.44140625 0.04375 0.03125
0 0.315625 0.375 0.05625 0.02890625
0 0.5265625 0.471875 0.0734375 0.0625
0 0.2546875 0.48828125 0.06875 0.0515625
0 0.55546875 0.4359375 0.0546875 0.03828125
0 0.93671875 0.5546875 0.04140625 0.02890625
0 0.7546875 0.66015625 0.0421875 0.02265625
0 0.81796875 0.5640625 0.0375 0.02421875
0 0.3765625 0.4640625 0.05625 0.03125
0 0.390625 0.4921875 0.0609375 0.02734375
0 0.09140625 0.384375 0.04140625 0.02421875
0 0.19609375 0.571875 0.0375 0.015625
0 0.1203125 0.49375 0.03359375 0.025
0 0.63046875 0.590625 0.0453125 0.034375
0 0.07890625 0.4421875 0.0390625 0.0203125
0 0.1515625 0.5296875 0.0421875 0.0171875
0 0.4546875 0.54921875 0.04140625 0.025
0 0.06484375 0.421875 0.04375 0.02265625
0 0.1671875 0.4484375 0.06015625 0.0328125
0 0.2234375 0.4578125 0.0859375 0.05703125
0 0.8609375 0.67578125 0.01484375 0.009375
0 0.40234375 0.5984375 0.0171875 0.0109375
0 0.0078125 0.41875 0.01484375 0.00625
0 0.13203125 0.51328125 0.0390625 0.0203125
0 0.0171875 0.49140625 0.0125 0.01015625
0 0.00390625 0.50234375 0.0078125 0.01015625
0 0.0046875 0.55 0.0046875 0.0125
0 0.2953125 0.5203125 0.0375 0.03203125
0 0.1953125 0.428125 0.0125 0.00625
0 0.31328125 0.57578125 0.02265625 0.0078125
0 0.31875 0.56875 0.0125 0.00625
0 0.25625 0.62578125 0.0125 0.00625
0 0.30703125 0.6421875 0.01015625 0.0078125
0 0.253125 0.66953125 0.0140625 0.00859375
0 0.22265625 0.67734375 0.02265625 0.009375
0 0.09609375 0.6484375 0.01484375 0.0125
0 0.121875 0.634375 0.0109375 0.0046875
0 0.178125 0.6234375 0.0109375 0.00859375
0 0.08359375 0.653125 0.0109375 0.01015625
0 0.10859375 0.58828125 0.0109375 0.01015625
0 0.01640625 0.609375 0.0109375 0.0078125
0 0.0109375 0.6140625 0.01015625 0.00859375
0 0.553125 0.65078125 0.0359375 0.021875
0 0.6515625 0.60859375 0.0625 0.03125
0 0.64609375 0.59921875 0.0078125 0.0078125
0 0.3984375 0.4265625 0.02734375 0.00859375
0 0.5265625 0.36171875 0.04140625 0.02890625
0 0.8390625 0.64453125 0.01640625 0.01015625
0 0.909375 0.48203125 0.0703125 0.03671875
0 0.99375 0.44765625 0.00859375 0.0125
0 0.9828125 0.4 0.01484375 0.009375
0 0.98359375 0.32421875 0.01640625 0.00859375
1 0.946875 0.315625 0.0546875 0.02421875
0 0.890625 0.3265625 0.0109375 0.00390625