0 0.87421875 0.47109375 0.05859375 0.04765625
0 0.70546875 0.5265625 0.05390625 0.03828125
0 0.2890625 0.5375 0.0484375 0.021875
0 0.64375 0.54375 0.0640625 0.0421875
0 0.9234375 0.36953125 0.0578125 0.0390625
0 0.82421875 0.6 0.06640625 0.0375
0 0.77109375 0.4484375 0.0421875 0.0296875
0 0.32109375 0.3703125 0.0546875 0.02734375
0 0.528125 0.47265625 0.07109375 0.0609375
0 0.2546875 0.48203125 0.06640625 0.05
0 0.55859375 0.4375 0.05390625 0.0375
0 0.934375 0.56640625 0.03984375 0.028125
0 0.74765625 0.66640625 0.04140625 0.021875
0 0.81484375 0.571875 0.0359375 0.0234375
0 0.37890625 0.4609375 0.0546875 0.02890625
0 0.39140625 0.4890625 0.06015625 0.025
0 0.096875 0.3734375 0.03984375 0.0234375
0 0.19296875 0.5640625 0.0359375 0.01484375
0 0.12109375 0.48359375 0.0328125 0.02421875
0 0.6265625 0.59453125 0.04375 0.03359375
0 0.08203125 0.43125 0.0375 0.01953125
0 0.15078125 0.52109375 0.04140625 0.015625
0 0.4515625 0.54765625 0.03984375 0.02421875
0 0.06875 0.41015625 0.0421875 0.021875
0 0.16953125 0.43984375 0.05859375 0.03125
0 0.22578125 0.45078125 0.08359375 0.05546875
0 0.853125 0.68515625 0.01484375 0.009375
0 0.3984375 0.5953125 0.0171875 0.0109375
0 0.0109375 0.40546875 0.01640625 0.00625
0 0.13125 0.503125 0.0375 0.01953125
0 0.01796875 0.478125 0.0125 0.01015625
0 0.00390625 0.4890625 0.0078125 0.01015625
0 0.00234375 0.53671875 0.0046875 0.0125
0 0.2953125 0.515625 0.0359375 0.03125
0 0.19921875 0.4203125 0.0125 0.00625
0 0.31015625 0.5703125 0.02265625 0.00625
0 0.315625 0.5640625 0.0125 0.00625
0 0.25078125 0.61953125 0.0125 0.00625
0 0.30078125 0.63671875 0.01015625 0.0078125
0 0.2453125 0.6625 0.0140625 0.00859375
0 0.2140625 0.66953125 0.02265625 0.00859375
0 0.0890625 0.6375 0.01484375 0.0125
0 0.115625 0.62421875 0.0109375 0.0046875
0 0.17265625 0.615625 0.0109375 0.00859375
0 0.0765625 0.6421875 0.0109375 0.01015625
0 0.1046875 0.578125 0.0109375 0.01015625
0 0.0109375 0.596875 0.0109375 0.0078125
0 0.00625 0.6015625 0.01015625 0.00859375
0 0.54609375 0.6515625 0.03515625 0.0203125
0 0.646875 0.61171875 0.0609375 0.02890625
0 0.64140625 0.603125 0.0078125 0.0078125
0 0.4015625 0.42421875 0.02734375 0.0078125
0 0.5328125 0.3625 0.03984375 0.028125
0 0.8328125 0.653125 0.01640625 0.01015625
0 0.91015625 0.49296875 0.06875 0.034375
0 0.9953125 0.4609375 0.00859375 0.0125
0 0.9875 0.4125 0.01484375 0.009375
0 0.99140625 0.3359375 0.0171875 0.009375
1 0.9546875 0.32734375 0.05390625 0.0234375
0 0.8984375 0.33671875 0.0109375 0.00390625