0 0.515625 0.70234375 0.1 0.0703125
0 0.48203125 0.46796875 0.08515625 0.06015625
0 0.53515625 0.60234375 0.08515625 0.059375
0 0.5078125 0.36171875 0.0625 0.0625
0 0.56015625 0.73984375 0.08125 0.065625
0 0.6640625 0.6375 0.1046875 0.0984375
0 0.3203125 0.35546875 0.0953125 0.05703125
0 0.4140625 0.57578125 0.0640625 0.0484375
0 0.6359375 0.8296875 0.03515625 0.025
0 0.53515625 0.0765625 0.0671875 0.0546875
0 0.4890625 0.03359375 0.06015625 0.04765625
0 0.91328125 0.29375 0.05625 0.0359375
0 0.0140625 0.1625 0.028125 0.0875
0 0.23515625 0.121875 0.0515625 0.0578125
0 0.69453125 0.271875 0.1421875 0.10859375
0 0.85 0.5484375 0.0515625 0.034375
0 0.634375 0.390625 0.1171875 0.1078125
0 0.7171875 0.38515625 0.1265625 0.1046875
0 0.2609375 0.11640625 0.0375 0.04375
0 0.33359375 0.08359375 0.0875 0.0765625
0 0.5171875 0.12109375 0.03125 0.03359375
0 0.95859375 0.35546875 0.0390625 0.04140625
0 0.89453125 0.49296875 0.1140625 0.1
0 0.90234375 0.49765625 0.0265625 0.025
0 0.9203125 0.6078125 0.1453125 0.13515625
0 0.8546875 0.740625 0.05625 0.03671875
0 0.82890625 0.73984375 0.025 0.021875
0 0.7546875 0.76015625 0.02109375 0.01484375
0 0.559375 0.8765625 0.0546875 0.0609375
0 0.60859375 0.95625 0.03515625 0.0265625
0 0.5921875 0.63984375 0.0328125 0.01953125
0 0.39765625 0.59765625 0.03984375 0.0265625
0 0.23671875 0.51875 0.04140625 0.028125
0 0.57109375 0.4546875 0.02109375 0.01875
0 0.17578125 0.43984375 0.05859375 0.04609375
0 0.0546875 0.4796875 0.109375 0.1375
0 0.178125 0.7984375 0.0578125 0.04296875
0 0.2265625 0.8515625 0.05625 0.0390625
0 0.1046875 0.92890625 0.02890625 0.028125
0 0.1203125 0.36640625 0.19765625 0.15546875