0 0.46875 0.7015625 0.0875 0.06015625
0 0.4890625 0.465625 0.075 0.05078125
0 0.5109375 0.60546875 0.075 0.05
0 0.5390625 0.36484375 0.05 0.05703125
0 0.50390625 0.74453125 0.06875 0.05703125
0 0.6296875 0.65625 0.0859375 0.08828125
0 0.35625 0.334375 0.08515625 0.046875
0 0.3984375 0.5640625 0.0546875 0.0421875
0 0.5578125 0.8421875 0.0296875 0.021875
0 0.6328125 0.0875 0.0578125 0.04765625
0 0.596875 0.0390625 0.0515625 0.0421875
0 0.9546875 0.35078125 0.05 0.0296875
0 0.0671875 0.10078125 0.07890625 0.078125
0 0.3265625 0.09296875 0.03984375 0.053125
0 0.74453125 0.30078125 0.12265625 0.09453125
0 0.83359375 0.59296875 0.0453125 0.02890625
0 0.6578125 0.409375 0.09609375 0.096875
0 0.740625 0.41484375 0.10625 0.09296875
0 0.353125 0.090625 0.02890625 0.04140625
0 0.4328125 0.06875 0.07265625 0.06875
0 0.6046875 0.1296875 0.025 0.03125
0 0.98515625 0.4171875 0.0296875 0.0375
0 0.88984375 0.54453125 0.0953125 0.0890625
0 0.896875 0.55 0.02109375 0.02265625
0 0.8890625 0.6609375 0.11875 0.12109375
0 0.79296875 0.7828125 0.05 0.03125
0 0.76796875 0.77890625 0.02109375 0.01875
0 0.68984375 0.78984375 0.01875 0.01328125
0 0.47109375 0.878125 0.0421875 0.05625
0 0.5015625 0.96328125 0.0296875 0.02265625
0 0.55859375 0.64921875 0.02890625 0.015625
0 0.3765625 0.5828125 0.03515625 0.02265625
0 0.2359375 0.484375 0.0359375 0.0234375
0 0.58046875 0.46484375 0.0171875 0.0171875
0 0.19453125 0.3984375 0.05 0.040625
0 0.05390625 0.42109375 0.1078125 0.125
0 0.1140625 0.75234375 0.05 0.0375
0 0.14921875 0.8109375 0.0484375 0.03359375
0 0.01171875 0.8703125 0.0234375 0.025
0 0.15703125 0.31875 0.16875 0.1359375