0 0.540625 0.29921875 0.08984375 0.06171875
0 0.50859375 0.534375 0.07734375 0.05234375
0 0.49453125 0.39453125 0.07734375 0.0515625
0 0.4546875 0.634375 0.05234375 0.0578125
0 0.5078125 0.25546875 0.07109375 0.059375
0 0.37734375 0.33984375 0.08984375 0.08984375
0 0.6359375 0.66953125 0.0875 0.0484375
0 0.6046875 0.4390625 0.0578125 0.04375
0 0.4578125 0.15625 0.03125 0.02265625
0 0.3484375 0.909375 0.06015625 0.05
0 0.38203125 0.95859375 0.05390625 0.04296875
0 0.0390625 0.6375 0.0515625 0.03125
0 0.9140625 0.91015625 0.0828125 0.0796875
0 0.6546875 0.9109375 0.0421875 0.0546875
0 0.24609375 0.69296875 0.1265625 0.09765625
0 0.1703125 0.39765625 0.04609375 0.0296875
0 0.33828125 0.5859375 0.1015625 0.09921875
0 0.25546875 0.578125 0.11015625 0.0953125
0 0.62734375 0.9125 0.03125 0.0421875
0 0.54765625 0.9328125 0.0765625 0.0703125
0 0.37734375 0.86796875 0.0265625 0.03203125
0 0.01328125 0.56953125 0.0265625 0.03828125
0 0.1125 0.4453125 0.0984375 0.0921875
0 0.10546875 0.43984375 0.02265625 0.0234375
0 0.11796875 0.32890625 0.1234375 0.1234375
0 0.2203125 0.209375 0.0515625 0.03203125
0 0.2453125 0.2140625 0.02265625 0.01953125
0 0.3234375 0.20546875 0.01875 0.0140625
0 0.54609375 0.12265625 0.0453125 0.05703125
0 0.5203125 0.03671875 0.03125 0.0234375
0 0.4484375 0.34921875 0.0296875 0.0171875
0 0.62734375 0.42109375 0.0359375 0.0234375
0 0.76328125 0.52265625 0.0375 0.02421875
0 0.4171875 0.5328125 0.01875 0.0171875
0 0.80078125 0.609375 0.0515625 0.04140625
0 0.9421875 0.590625 0.1140625 0.12734375
0 0.89765625 0.2578125 0.0515625 0.03828125
0 0.86484375 0.1984375 0.05 0.034375
0 0.99609375 0.1421875 0.0078125 0.0265625
0 0.834375 0.68984375 0.175 0.140625