0 0.39296875 0.43515625 0.11640625 0.08515625
0 0.78046875 0.6078125 0.0890625 0.0453125
0 0.4953125 0.30390625 0.075 0.06171875
0 0.39609375 0.36015625 0.0796875 0.05703125
0 0.6296875 0.3359375 0.08125 0.07109375
0 0.7671875 0.2703125 0.04765625 0.03828125
0 0.9359375 0.4375 0.04140625 0.0296875
0 0.8796875 0.4375 0.04765625 0.0359375
0 0.44296875 0.3234375 0.04375 0.03125
0 0.2421875 0.2015625 0.0625 0.0375
0 0.09296875 0.30859375 0.03359375 0.0296875
0 0.13984375 0.21328125 0.03515625 0.03125
0 0.3296875 0.24609375 0.04609375 0.05234375
0 0.30078125 0.64296875 0.08125 0.02265625
0 0.11640625 0.4421875 0.05 0.040625
0 0.228125 0.29765625 0.2171875 0.13828125
0 0.23984375 0.61015625 0.075 0.02421875
0 0.45078125 0.54140625 0.0484375 0.03359375
0 0.18046875 0.51015625 0.05625 0.01796875
0 0.725 0.57890625 0.0453125 0.01953125
0 0.2765625 0.2109375 0.01875 0.0125
0 0.2703125 0.12890625 0.0140625 0.01484375
0 0.2296875 0.3296875 0.0265625 0.0234375
0 0.47265625 0.1296875 0.03515625 0.009375
0 0.3921875 0.20234375 0.02734375 0.01953125
0 0.4171875 0.19453125 0.0203125 0.0140625
0 0.359375 0.32421875 0.01640625 0.0140625
0 0.92421875 0.27109375 0.0328125 0.02734375
0 0.92265625 0.296875 0.01484375 0.01015625
0 0.19375 0.39296875 0.03984375 0.0234375
0 0.15234375 0.49765625 0.0453125 0.01875
0 0.1984375 0.34375 0.03359375 0.021875
0 0.3390625 0.640625 0.0140625 0.01875
0 0.3609375 0.52734375 0.0296875 0.0109375
0 0.34140625 0.51015625 0.0171875 0.01328125
0 0.5359375 0.578125 0.02109375 0.01015625
0 0.96875 0.46328125 0.0375 0.0234375
0 0.9328125 0.628125 0.0265625 0.0203125
0 0.9375 0.6609375 0.01484375 0.009375
0 0.87109375 0.54609375 0.01015625 0.0109375
0 0.990625 0.57578125 0.00859375 0.0078125
0 0.67734375 0.45625 0.01484375 0.0109375
0 0.89921875 0.74453125 0.03125 0.0203125
0 0.9171875 0.696875 0.025 0.01875
0 0.884375 0.69765625 0.0140625 0.009375
0 0.325 0.25625 0.0140625 0.01328125
0 0.471875 0.1203125 0.02890625 0.00859375
0 0.91328125 0.596875 0.0578125 0.02734375
0 0.8984375 0.60625 0.06484375 0.02734375
0 0.92578125 0.57109375 0.1484375 0.02265625