0 0.6125 0.559375 0.1234375 0.09140625
0 0.21015625 0.4078125 0.0921875 0.05
0 0.5234375 0.69453125 0.0796875 0.065625
0 0.61640625 0.634375 0.08515625 0.0609375
0 0.3859375 0.6703125 0.0875 0.075
0 0.2546875 0.74375 0.0515625 0.04140625
0 0.0703125 0.58515625 0.04375 0.03203125
0 0.12734375 0.58203125 0.0515625 0.03828125
0 0.5734375 0.6734375 0.04609375 0.0328125
0 0.784375 0.784375 0.06640625 0.040625
0 0.9234375 0.66953125 0.0359375 0.03203125
0 0.8859375 0.7671875 0.0375 0.0328125
0 0.69296875 0.74453125 0.0515625 0.0546875
0 0.6859375 0.34609375 0.08359375 0.0265625
0 0.88828125 0.5375 0.05390625 0.04296875
0 0.78984375 0.6875 0.2296875 0.14921875
0 0.74921875 0.3765625 0.07734375 0.028125
0 0.5453125 0.45625 0.0515625 0.03671875
0 0.8171875 0.47265625 0.0578125 0.0203125
0 0.26796875 0.43359375 0.04609375 0.021875
0 0.74921875 0.77734375 0.0203125 0.01328125
0 0.76328125 0.85859375 0.01484375 0.015625
0 0.7859375 0.65546875 0.02890625 0.02421875
0 0.56171875 0.86796875 0.0359375 0.0109375
0 0.63515625 0.79140625 0.02890625 0.0203125
0 0.6109375 0.8 0.02109375 0.01484375
0 0.65703125 0.66796875 0.0171875 0.01484375
0 0.0984375 0.75078125 0.03515625 0.02890625
0 0.09765625 0.72421875 0.01640625 0.0109375
0 0.815625 0.590625 0.0421875 0.025
0 0.846875 0.484375 0.04609375 0.0203125
0 0.815625 0.6390625 0.0359375 0.0234375
0 0.64765625 0.3515625 0.01484375 0.01953125
0 0.6359375 0.465625 0.03125 0.01328125
0 0.6578125 0.48203125 0.01875 0.0140625
0 0.4578125 0.42421875 0.02265625 0.0109375
0 0.0359375 0.5609375 0.03984375 0.025
0 0.05625 0.39453125 0.02734375 0.021875
0 0.0484375 0.3625 0.01640625 0.01015625
0 0.12578125 0.4734375 0.0109375 0.0125
0 0.0046875 0.45 0.00859375 0.0078125
0 0.3265625 0.553125 0.01640625 0.0125
0 0.07890625 0.27734375 0.0328125 0.02265625
0 0.06484375 0.32578125 0.0265625 0.01953125
0 0.0984375 0.32265625 0.01484375 0.01015625
0 0.69765625 0.734375 0.01484375 0.0140625
0 0.56328125 0.87734375 0.0296875 0.01015625
0 0.07890625 0.425 0.06015625 0.0296875
0 0.0921875 0.41484375 0.0671875 0.03125
0 0.071875 0.45078125 0.14375 0.0296875