0 0.8234375 0.784375 0.09375 0.07421875
1 0.6390625 0.3296875 0.2328125 0.090625
0 0.86171875 0.84140625 0.0453125 0.0390625
1 0.11953125 0.4796875 0.05 0.0671875
0 0.7390625 0.7734375 0.0421875 0.034375
0 0.23828125 0.5984375 0.0421875 0.05703125
0 0.80078125 0.85546875 0.05625 0.0453125
1 0.3015625 0.42109375 0.07109375 0.075
1 0.0296875 0.4671875 0.05859375 0.1359375
0 0.584375 0.5765625 0.03984375 0.0359375
0 0.9140625 0.82578125 0.03984375 0.03125
0 0.91171875 0.721875 0.0265625 0.0125
0 0.6125 0.36484375 0.04609375 0.0171875
0 0.46875 0.44296875 0.02734375 0.02890625
0 0.61171875 0.3515625 0.0296875 0.0125
0 0.49765625 0.43359375 0.0359375 0.009375
0 0.1546875 0.60234375 0.03515625 0.025
0 0.03359375 0.52421875 0.0359375 0.02265625
0 0.40625 0.1640625 0.0484375 0.01953125
0 0.46484375 0.2140625 0.0390625 0.015625
1 0.0359375 0.26953125 0.02265625 0.0359375
1 0.97734375 0.54609375 0.0453125 0.07578125
1 0.5625 0.51875 0.1546875 0.071875
1 0.03828125 0.57578125 0.0765625 0.0375
1 0.12578125 0.63984375 0.2515625 0.05546875
1 0.7515625 0.63984375 0.4015625 0.31015625
1 0.7203125 0.58359375 0.46640625 0.36796875
1 0.9734375 0.35625 0.05234375 0.09453125
0 0.34921875 0.31953125 0.03359375 0.03125
0 0.584375 0.3203125 0.0234375 0.00859375
0 0.55 0.3140625 0.0140625 0.0203125
0 0.5078125 0.44296875 0.03125 0.01328125
0 0.50625 0.48984375 0.01015625 0.00625
0 0.51953125 0.48984375 0.0109375 0.00546875
0 0.5765625 0.49921875 0.0109375 0.00390625
0 0.52734375 0.609375 0.02109375 0.01953125
0 0.5609375 0.675 0.01484375 0.0171875