0 0.14453125 0.2375 0.0859375 0.06875
1 0.38125 0.67890625 0.225 0.0765625
0 0.1 0.18359375 0.04140625 0.03671875
1 0.88125 0.4953125 0.0421875 0.06484375
0 0.23046875 0.24296875 0.0390625 0.03203125
0 0.74921875 0.384375 0.0359375 0.05546875
0 0.159375 0.165625 0.0515625 0.0421875
1 0.70703125 0.56640625 0.0640625 0.07109375
1 0.975 0.5015625 0.05 0.1328125
0 0.40703125 0.42890625 0.0359375 0.03359375
0 0.04921875 0.20234375 0.0359375 0.02890625
0 0.0640625 0.30625 0.025 0.01015625
0 0.40390625 0.6421875 0.0453125 0.0140625
0 0.5375 0.5546875 0.025 0.02734375
0 0.40546875 0.6546875 0.02890625 0.01015625
0 0.51015625 0.56640625 0.03515625 0.0078125
0 0.8328125 0.375 0.0328125 0.0234375
0 0.96171875 0.4453125 0.03359375 0.0203125
0 0.6328125 0.828125 0.04765625 0.0171875
0 0.56796875 0.7828125 0.0375 0.01328125
1 0.9890625 0.6984375 0.01875 0.034375
1 0.01796875 0.48515625 0.0359375 0.07421875
1 0.4359375 0.48515625 0.1484375 0.0625
1 0.95703125 0.39296875 0.0859375 0.0328125
1 0.86640625 0.3359375 0.2671875 0.03828125
1 0.2328125 0.37734375 0.36875 0.28671875
1 0.27109375 0.43046875 0.42890625 0.34140625
1 0.0328125 0.675 0.065625 0.090625
0 0.67109375 0.6703125 0.0296875 0.02890625
0 0.43671875 0.684375 0.02265625 0.00625
0 0.471875 0.68828125 0.0109375 0.01953125
0 0.49921875 0.55703125 0.0296875 0.0109375
0 0.4953125 0.5109375 0.01015625 0.00546875
0 0.48203125 0.5109375 0.0109375 0.0046875
0 0.4234375 0.50625 0.0109375 0.003125
0 0.46015625 0.39296875 0.01875 0.01875
0 0.41953125 0.3296875 0.0140625 0.015625