1 0.6390625 0.50859375 0.1609375 0.1765625
1 0.48984375 0.421875 0.14765625 0.17890625
1 0.41015625 0.86796875 0.1375 0.109375
1 0.53203125 0.8625 0.1359375 0.10703125
1 0.5921875 0.77578125 0.13125 0.10390625
0 0.7390625 0.11953125 0.0921875 0.0625
1 0.7953125 0.425 0.16484375 0.18125
1 0.3015625 0.10234375 0.14140625 0.115625
0 0.35703125 0.49296875 0.08125 0.065625
0 0.209375 0.384375 0.15390625 0.17890625
0 0.4296875 0.15 0.04140625 0.0390625
1 0.8515625 0.2328125 0.1421875 0.1609375
0 0.53828125 0.16015625 0.0609375 0.13515625
0 0.3390625 0.4421875 0.06484375 0.03828125
0 0.4453125 0.30703125 0.03984375 0.034375
0 0.09140625 0.18203125 0.0421875 0.0390625
0 0.7671875 0.30859375 0.0390625 0.0734375
0 0.1328125 0.1765625 0.0421875 0.034375
0 0.9265625 0.36484375 0.12265625 0.184375
0 0.09375 0.29453125 0.09765625 0.0921875
0 0.1203125 0.4171875 0.12109375 0.12109375
0 0.5671875 0.21875 0.025 0.05546875
0 0.7234375 0.5546875 0.10859375 0.1015625
0 0.4484375 0.39375 0.0171875 0.02421875
0 0.4421875 0.41875 0.0171875 0.0265625
0 0.8796875 0.2328125 0.0125 0.0125
0 0.5671875 0.24765625 0.01640625 0.0421875
0 0.96640625 0.3421875 0.0125 0.0125
0 0.525 0.38671875 0.01015625 0.0125
0 0.1796875 0.56953125 0.0234375 0.01328125
0 0.43828125 0.6375 0.02109375 0.015625
0 0.1359375 0.67265625 0.0203125 0.01328125
0 0.578125 0.815625 0.0484375 0.01484375
0 0.99140625 0.60625 0.01484375 0.0515625
0 0.65625 0.55859375 0.00859375 0.0125
1 0.8 0.6984375 0.0390625 0.040625
0 0.7484375 0.6828125 0.1203125 0.1203125
1 0.3046875 0.0890625 0.0609375 0.04140625
0 0.1 0.36328125 0.0828125 0.0421875
0 0.484375 0.48046875 0.0140625 0.0078125
0 0.5015625 0.46796875 0.0125 0.01328125
0 0.684375 0.48125 0.01015625 0.01015625
0 0.82109375 0.45859375 0.0171875 0.0328125
0 0.80234375 0.46875 0.01484375 0.01328125
0 0.84609375 0.390625 0.00859375 0.01328125