1 0.5265625 0.396875 0.25 0.1390625
1 0.3953125 0.49921875 0.25234375 0.128125
1 0.946875 0.60234375 0.09609375 0.10859375
1 0.95234375 0.5109375 0.0953125 0.10859375
1 0.875 0.46015625 0.1515625 0.10859375
0 0.04453125 0.28359375 0.04375 0.07109375
1 0.43125 0.271875 0.2578125 0.14140625
1 0.0171875 0.609375 0.034375 0.109375
0 0.47578125 0.60625 0.0953125 0.0671875
0 0.3171875 0.7046875 0.25390625 0.1328125
0 0.028125 0.515625 0.05625 0.034375
1 0.18203125 0.21015625 0.22890625 0.12265625
0 0.07421875 0.4375 0.1421875 0.05625
0 0.40625 0.6140625 0.0578125 0.05234375
0 0.23828125 0.5203125 0.05 0.03359375
0 0.03515625 0.77109375 0.05625 0.0359375
0 0.2734375 0.28125 0.1015625 0.03671875
0 0.0328125 0.740625 0.05 0.0359375
0 0.365625 0.16796875 0.2578125 0.1109375
0 0.184375 0.78125 0.1328125 0.0828125
0 0.3515625 0.77421875 0.17265625 0.103125
0 0.134375 0.4203125 0.0765625 0.02421875
0 0.5953125 0.3390625 0.14609375 0.0921875
0 0.35390625 0.52734375 0.03359375 0.015625
0 0.3859375 0.534375 0.0359375 0.015625
0 0.1859375 0.1890625 0.0171875 0.01015625
0 0.17265625 0.4234375 0.0578125 0.0171875
0 0.33984375 0.1359375 0.0171875 0.01015625
0 0.35234375 0.46953125 0.0171875 0.00859375
0 0.559375 0.746875 0.0203125 0.01875
0 0.6765625 0.56015625 0.0234375 0.01796875
0 0.69140625 0.7890625 0.0203125 0.015625
0 0.9265625 0.475 0.025 0.0375
0 0.6921875 0.14453125 0.0703125 0.0171875
0 0.59375 0.3890625 0.0171875 0.0078125
1 0.79453125 0.296875 0.0578125 0.0328125
0 0.76796875 0.334375 0.17109375 0.10234375
0 0.2765625 0.78359375 0.06484375 0.065625
0 0.47265625 0.509375 0.0109375 0.0109375
0 0.4578125 0.49609375 0.01875 0.01015625
0 0.49453125 0.36015625 0.01484375 0.00859375
0 0.478125 0.25625 0.0453125 0.0171875
0 0.48984375 0.271875 0.01875 0.0125
0 0.39140625 0.23046875 0.01875 0.0078125