0 0.87890625 0.82578125 0.0234375 0.0171875
0 0.4921875 0.55078125 0.0578125 0.0390625
1 0.4609375 0.74453125 0.2328125 0.12578125
0 0.16328125 0.546875 0.01640625 0.0234375
0 0.19375 0.52421875 0.0296875 0.021875
0 0.2328125 0.6625 0.01640625 0.0125
0 0.03125 0.67421875 0.01640625 0.0171875
0 0.196875 0.615625 0.02890625 0.02265625
0 0.2890625 0.6296875 0.0171875 0.01328125
0 0.4015625 0.8046875 0.03125 0.0203125
0 0.340625 0.45234375 0.0234375 0.0140625
0 0.590625 0.44296875 0.1171875 0.09921875
0 0.9046875 0.8078125 0.03515625 0.028125
0 0.0453125 0.67421875 0.01640625 0.01796875
0 0.05078125 0.5875 0.04609375 0.0265625
0 0.2078125 0.60234375 0.0265625 0.01015625
0 0.17890625 0.546875 0.01484375 0.02734375
0 0.21875 0.484375 0.04609375 0.02734375
0 0.43828125 0.58984375 0.025 0.0125
0 0.471875 0.596875 0.10390625 0.06015625
0 0.5140625 0.73984375 0.11640625 0.04140625
0 0.63359375 0.71953125 0.0625 0.04609375
0 0.6671875 0.71875 0.06484375 0.0375
0 0.4859375 0.84765625 0.01484375 0.0109375
0 0.47265625 0.84296875 0.0109375 0.00390625
0 0.49296875 0.87109375 0.00859375 0.0078125
0 0.5171875 0.86328125 0.0171875 0.009375
0 0.5359375 0.85546875 0.01484375 0.00625
0 0.55390625 0.871875 0.025 0.01015625
0 0.57890625 0.871875 0.0046875 0.00546875
0 0.5828125 0.87109375 0.00390625 0.00390625
0 0.62578125 0.87421875 0.0203125 0.01015625
0 0.87265625 0.60234375 0.0296875 0.02265625
0 0.896875 0.4609375 0.01484375 0.0109375
0 0.7609375 0.5359375 0.0296875 0.02265625
0 0.6515625 0.46328125 0.0484375 0.04140625
0 0.65859375 0.371875 0.0125 0.00859375
0 0.628125 0.2734375 0.01640625 0.075
0 0.60546875 0.2234375 0.0125 0.015625
0 0.58828125 0.21875 0.0171875 0.01484375
0 0.6578125 0.16328125 0.01875 0.02890625
0 0.50703125 0.3375 0.07890625 0.0671875
0 0.5734375 0.40390625 0.0765625 0.06640625
0 0.4125 0.20078125 0.01484375 0.03828125
0 0.41015625 0.23046875 0.01875 0.01875
0 0.42578125 0.21875 0.01484375 0.0375
0 0.3359375 0.41171875 0.0421875 0.02734375
0 0.2203125 0.31328125 0.02109375 0.009375
0 0.2046875 0.32734375 0.01484375 0.01484375
0 0.26015625 0.3234375 0.1046875 0.01875
0 0.025 0.29609375 0.0328125 0.028125
0 0.03125 0.16015625 0.03359375 0.05078125
0 0.853125 0.25078125 0.0109375 0.009375
0 0.9484375 0.13984375 0.01484375 0.00546875
1 0.8953125 0.3234375 0.11875 0.17265625
1 0.896875 0.6796875 0.0671875 0.04609375
1 0.90546875 0.753125 0.1765625 0.209375
1 0.83828125 0.81640625 0.21875 0.13984375
1 0.7890625 0.63515625 0.34140625 0.2859375
1 0.57734375 0.65625 0.3375 0.20234375