0 0.93515625 0.21640625 0.02265625 0.01796875
0 0.5671875 0.50546875 0.05234375 0.04296875
1 0.8265625 0.5296875 0.1671875 0.17421875
0 0.5625 0.75234375 0.03125 0.0125
0 0.5328125 0.7296875 0.02890625 0.02265625
0 0.71640625 0.7 0.01640625 0.0125
0 0.73203125 0.8515625 0.02265625 0.0125
0 0.65390625 0.72734375 0.0296875 0.021875
0 0.6734375 0.65859375 0.0171875 0.01328125
0 0.90703125 0.5734375 0.02734375 0.0234375
0 0.4359375 0.61953125 0.01875 0.01796875
0 0.4234375 0.43203125 0.1328125 0.08828125
0 0.9109375 0.19609375 0.0375 0.0265625
0 0.7328125 0.840625 0.0234375 0.0125
0 0.6171875 0.83671875 0.03515625 0.034375
0 0.6359375 0.71875 0.0140625 0.01953125
0 0.5625 0.740625 0.0359375 0.0109375
0 0.4796875 0.7109375 0.0359375 0.034375
0 0.6203125 0.54609375 0.01640625 0.01875
0 0.62890625 0.52109375 0.0796875 0.078125
0 0.81953125 0.4890625 0.0546875 0.0875
0 0.7921875 0.4 0.0609375 0.046875
0 0.79140625 0.37421875 0.05 0.0484375
0 0.9640625 0.5109375 0.01484375 0.0109375
0 0.9578125 0.5203125 0.0046875 0.00859375
0 0.99453125 0.5046875 0.0109375 0.00625
0 0.984375 0.4875 0.0125 0.01328125
0 0.97421875 0.4734375 0.00859375 0.0109375
0 0.99453125 0.459375 0.0109375 0.01875
0 0.9953125 0.440625 0.0078125 0.00390625
0 0.9953125 0.43828125 0.0046875 0.003125
0 0.9953125 0.40546875 0.00859375 0.01484375
0 0.6359375 0.22109375 0.0296875 0.02265625
0 0.44765625 0.20234375 0.01484375 0.0109375
0 0.54765625 0.30390625 0.0296875 0.02265625
0 0.4515625 0.3859375 0.0546875 0.03671875
0 0.3296875 0.38125 0.0109375 0.009375
0 0.19765625 0.40390625 0.1 0.0125
0 0.13046875 0.42109375 0.02109375 0.009375
0 0.125 0.43359375 0.0203125 0.01328125
0 0.05078125 0.38125 0.0390625 0.0140625
0 0.28359375 0.49453125 0.08984375 0.059375
0 0.371875 0.4453125 0.0890625 0.05703125
0 0.10078125 0.565625 0.0515625 0.0109375
0 0.140625 0.5671875 0.025 0.0140625
0 0.12421875 0.55546875 0.05 0.0109375
0 0.38203125 0.62265625 0.0359375 0.03203125
0 0.25078125 0.709375 0.0125 0.015625
0 0.26953125 0.721875 0.0203125 0.0109375
0 0.26484375 0.6796875 0.025 0.07890625
0 0.22890625 0.8625 0.0375 0.0375
0 0.04765625 0.85390625 0.0671875 0.03125
0 0.046875 0.88125 0.0703125 0.03203125
0 0.1671875 0.23515625 0.0125 0.00859375
0 0.01953125 0.1640625 0.0078125 0.0109375
1 0.2640625 0.20390625 0.2296875 0.0890625
1 0.73984375 0.20234375 0.0609375 0.05078125
1 0.8390625 0.16640625 0.28125 0.190625
1 0.9140625 0.24609375 0.17109375 0.1640625
1 0.68046875 0.28359375 0.38125 0.25546875
1 0.7078125 0.4421875 0.2703125 0.253125