0 0.07890625 0.7953125 0.02109375 0.0171875
0 0.4328125 0.49609375 0.05 0.0421875
1 0.17265625 0.47890625 0.16015625 0.1703125
0 0.42578125 0.24921875 0.03125 0.0109375
0 0.45703125 0.27109375 0.02734375 0.021875
0 0.27421875 0.30546875 0.01640625 0.0125
0 0.2515625 0.1546875 0.02265625 0.0109375
0 0.3359375 0.2765625 0.02890625 0.0203125
0 0.31953125 0.34609375 0.0171875 0.01328125
0 0.08984375 0.4375 0.0265625 0.02265625
0 0.5578125 0.37890625 0.0171875 0.01796875
0 0.5796875 0.56640625 0.12890625 0.084375
0 0.10390625 0.8140625 0.0359375 0.025
0 0.2515625 0.165625 0.0234375 0.0109375
0 0.3671875 0.16640625 0.03359375 0.03359375
0 0.35390625 0.28515625 0.0125 0.01953125
0 0.4265625 0.2609375 0.0359375 0.01015625
0 0.5109375 0.28828125 0.03515625 0.03359375
0 0.378125 0.45703125 0.01484375 0.01875
0 0.3703125 0.48203125 0.0765625 0.07578125
0 0.18125 0.51953125 0.0515625 0.0859375
0 0.2125 0.6078125 0.05859375 0.0453125
0 0.21484375 0.6328125 0.04765625 0.04765625
0 0.0359375 0.5015625 0.01484375 0.0109375
0 0.0421875 0.49140625 0.0046875 0.00859375
0 0.0046875 0.5078125 0.009375 0.00625
0 0.01640625 0.525 0.0125 0.01328125
0 0.0265625 0.5390625 0.00859375 0.0109375
0 0.00625 0.553125 0.0125 0.01875
0 0.0078125 0.571875 0.0078125 0.00390625
0 0.0078125 0.575 0.0046875 0.003125
0 0.00625 0.60703125 0.0125 0.01484375
0 0.3765625 0.7828125 0.02890625 0.021875
0 0.56640625 0.79609375 0.01484375 0.0109375
0 0.46171875 0.696875 0.02890625 0.021875
0 0.55390625 0.6125 0.05390625 0.0359375
0 0.6765625 0.6140625 0.0109375 0.009375
0 0.80703125 0.58828125 0.1 0.009375
0 0.8734375 0.56953125 0.02109375 0.00859375
0 0.878125 0.55625 0.0203125 0.0125
0 0.9546875 0.60703125 0.0390625 0.01328125
0 0.71640625 0.49921875 0.0875 0.05703125
0 0.63046875 0.5515625 0.0859375 0.05546875
0 0.89609375 0.42421875 0.0515625 0.01015625
0 0.85625 0.4234375 0.025 0.01328125
0 0.87265625 0.434375 0.05 0.01015625
0 0.6125 0.37421875 0.03515625 0.03125
0 0.7390625 0.28359375 0.0109375 0.015625
0 0.7203125 0.271875 0.0203125 0.01015625
0 0.7265625 0.3140625 0.02109375 0.078125
0 0.7546875 0.13046875 0.0359375 0.03671875
0 0.9359375 0.134375 0.06640625 0.02890625
0 0.93515625 0.10703125 0.06875 0.0296875
0 0.84453125 0.75546875 0.0125 0.00859375
0 0.99609375 0.8234375 0.0078125 0.0109375
1 0.74921875 0.78984375 0.2265625 0.08359375
1 0.2734375 0.80390625 0.05859375 0.0484375
1 0.1765625 0.8421875 0.27265625 0.18359375
1 0.0890625 0.7640625 0.178125 0.159375
1 0.3296875 0.72109375 0.3703125 0.246875
1 0.2953125 0.5640625 0.25859375 0.246875