0 0.32109375 0.478125 0.1 0.07421875
0 0.48203125 0.59765625 0.0734375 0.05234375
0 0.4640625 0.53515625 0.06640625 0.04375
0 0.81796875 0.79765625 0.07734375 0.046875
0 0.61953125 0.5265625 0.07734375 0.05078125
0 0.65625 0.50234375 0.07109375 0.05078125
0 0.62734375 0.4734375 0.0765625 0.0546875
0 0.65859375 0.159375 0.05390625 0.04140625
0 0.7890625 0.5265625 0.0984375 0.0390625
0 0.89765625 0.56640625 0.0359375 0.034375
0 0.6234375 0.26484375 0.0421875 0.0359375
0 0.696875 0.18125 0.05 0.04765625
0 0.93828125 0.25859375 0.0359375 0.03359375
0 0.7671875 0.86484375 0.05625 0.03125
0 0.8109375 0.21640625 0.13125 0.0890625
1 0.89453125 0.75 0.1296875 0.0859375
0 0.45234375 0.565625 0.0515625 0.028125
0 0.70625 0.39140625 0.06015625 0.03203125
0 0.6453125 0.328125 0.05 0.040625
0 0.9421875 0.51484375 0.0296875 0.046875
0 0.6671875 0.41640625 0.08125 0.04609375
0 0.703125 0.43984375 0.0453125 0.0375
0 0.2328125 0.55390625 0.0375 0.02734375
0 0.94921875 0.43671875 0.04140625 0.065625
0 0.8375 0.66953125 0.04375 0.0453125
0 0.7078125 0.3640625 0.05625 0.0328125
0 0.9890625 0.35390625 0.02109375 0.03828125
0 0.63203125 0.43984375 0.0671875 0.034375
1 0.259375 0.45859375 0.0765625 0.0546875
1 0.896875 0.67578125 0.1578125 0.09453125
0 0.33203125 0.24296875 0.0296875 0.0234375
0 0.0765625 0.17734375 0.01484375 0.0109375
0 0.5171875 0.2125 0.01875 0.0125
0 0.78671875 0.3515625 0.01484375 0.01875
0 0.41875 0.8234375 0.04140625 0.0265625
0 0.52265625 0.71875 0.03984375 0.02421875
0 0.30078125 0.77890625 0.0171875 0.01328125
0 0.896875 0.7265625 0.02734375 0.01953125
0 0.9078125 0.88828125 0.0328125 0.01953125
0 0.9484375 0.740625 0.0125 0.015625
0 0.4703125 0.384375 0.0578125 0.02265625
0 0.4828125 0.39765625 0.07109375 0.0234375
0 0.3921875 0.45234375 0.0765625 0.025
0 0.2640625 0.44609375 0.02109375 0.0109375
0 0.39453125 0.4390625 0.20234375 0.04609375
0 0.15234375 0.428125 0.2875 0.06484375
1 0.97578125 0.615625 0.0203125 0.0375