0 0.7703125 0.48203125 0.09375 0.0734375
0 0.45703125 0.64140625 0.0984375 0.06640625
0 0.62109375 0.2765625 0.0890625 0.05703125
1 0.6828125 0.6328125 0.2328125 0.14375
0 0.2609375 0.6109375 0.09375 0.06484375
0 0.565625 0.70078125 0.075 0.09453125
0 0.36796875 0.39765625 0.1015625 0.1015625
0 0.15 0.5015625 0.06640625 0.05234375
0 0.525 0.78984375 0.0734375 0.10234375
0 0.6765625 0.4640625 0.0671875 0.0390625
0 0.96171875 0.56171875 0.075 0.06640625
0 0.69921875 0.26875 0.08125 0.05234375
0 0.5703125 0.51484375 0.0515625 0.03828125
1 0.95390625 0.4375 0.0921875 0.140625
0 0.7421875 0.325 0.07734375 0.05546875
0 0.42578125 0.13125 0.04765625 0.040625
0 0.5484375 0.62578125 0.05234375 0.0359375
0 0.63203125 0.4453125 0.05 0.03828125
0 0.5375 0.4921875 0.05390625 0.0359375
1 0.8296875 0.5046875 0.1859375 0.1203125
1 0.0734375 0.32109375 0.13984375 0.1265625
0 0.653125 0.18359375 0.06640625 0.0234375
0 0.8515625 0.0875 0.0734375 0.0296875
1 0.06796875 0.42890625 0.1296875 0.08984375
0 0.50078125 0.20234375 0.0359375 0.028125
0 0.8515625 0.715625 0.0390625 0.0265625
1 0.07109375 0.365625 0.1296875 0.08828125
0 0.85390625 0.6421875 0.0453125 0.028125
0 0.52109375 0.34375 0.03359375 0.028125
0 0.31484375 0.24140625 0.0171875 0.02265625
0 0.0953125 0.28671875 0.03359375 0.0125
0 0.79453125 0.20078125 0.025 0.01328125
0 0.9609375 0.29453125 0.03359375 0.0203125
0 0.7953125 0.21484375 0.02265625 0.0109375
0 0.63359375 0.63203125 0.0234375 0.02265625
0 0.9609375 0.3671875 0.025 0.0171875
0 0.23671875 0.7609375 0.0265625 0.021875
0 0.19296875 0.84921875 0.025 0.01875
0 0.515625 0.8671875 0.0140625 0.01015625
0 0.4609375 0.78125 0.0140625 0.0125
0 0.50546875 0.7015625 0.0234375 0.01796875
1 0.04140625 0.3 0.01875 0.009375
1 0.0140625 0.290625 0.01875 0.01796875
1 0.0359375 0.31328125 0.0171875 0.01796875
1 0.06796875 0.3578125 0.02109375 0.0171875
0 0.246875 0.44921875 0.0109375 0.009375
0 0.12890625 0.69765625 0.00859375 0.00546875
0 0.553125 0.83984375 0.0140625 0.01015625
0 0.67734375 0.6546875 0.0140625 0.034375
0 0.8265625 0.55 0.02734375 0.0109375
0 0.840625 0.46484375 0.0125 0.01328125
0 0.734375 0.5171875 0.0515625 0.02265625
0 0.721875 0.52734375 0.0625 0.03125
0 0.98046875 0.275 0.01640625 0.01328125
1 0.9734375 0.284375 0.05234375 0.0515625