0 0.7703125 0.478125 0.0921875 0.071875
0 0.46015625 0.6421875 0.09765625 0.065625
0 0.61640625 0.27578125 0.0875 0.05625
1 0.6859375 0.63046875 0.22890625 0.140625
0 0.2640625 0.6140625 0.0921875 0.0640625
0 0.5703125 0.7 0.07265625 0.09375
0 0.365625 0.4 0.0984375 0.1
0 0.15 0.50625 0.06484375 0.0515625
0 0.53203125 0.7890625 0.07109375 0.1015625
0 0.67578125 0.46171875 0.06640625 0.03828125
0 0.96328125 0.55546875 0.0734375 0.065625
0 0.69375 0.26640625 0.0796875 0.0515625
0 0.57109375 0.51328125 0.05 0.0375
1 0.9546875 0.43125 0.08984375 0.13984375
0 0.73828125 0.32109375 0.0765625 0.0546875
0 0.4171875 0.13203125 0.04609375 0.0390625
0 0.5515625 0.62578125 0.0515625 0.034375
0 0.63046875 0.44296875 0.0484375 0.0375
0 0.5375 0.49140625 0.05234375 0.034375
1 0.8296875 0.50078125 0.18359375 0.1171875
1 0.06875 0.32734375 0.1375 0.125
0 0.6453125 0.18203125 0.06640625 0.02265625
0 0.8421875 0.0828125 0.07265625 0.02890625
1 0.06640625 0.43515625 0.12734375 0.08828125
0 0.49375 0.20234375 0.03515625 0.028125
0 0.85703125 0.7109375 0.0390625 0.025
1 0.06796875 0.37109375 0.12734375 0.0859375
0 0.85703125 0.6375 0.04375 0.02734375
0 0.5171875 0.34296875 0.0328125 0.028125
0 0.30859375 0.24375 0.0171875 0.02265625
0 0.090625 0.2921875 0.03359375 0.0125
0 0.7875 0.196875 0.025 0.01328125
0 0.95546875 0.28828125 0.03359375 0.0203125
0 0.78828125 0.2109375 0.02265625 0.0109375
0 0.63671875 0.6296875 0.0234375 0.02265625
0 0.9578125 0.3609375 0.025 0.0171875
0 0.24296875 0.7640625 0.0265625 0.021875
0 0.2015625 0.853125 0.025 0.01875
0 0.52421875 0.86640625 0.0140625 0.01015625
0 0.4671875 0.78203125 0.0140625 0.0125
0 0.5109375 0.7015625 0.0234375 0.01796875
1 0.03671875 0.30625 0.01875 0.009375
1 0.009375 0.296875 0.01875 0.01796875
1 0.03203125 0.31875 0.0171875 0.01796875
1 0.06484375 0.36328125 0.02109375 0.0171875
0 0.2453125 0.45234375 0.0109375 0.009375
0 0.1328125 0.70234375 0.00859375 0.00546875
0 0.5609375 0.8390625 0.0140625 0.01015625
0 0.68125 0.65234375 0.0125 0.034375
0 0.82734375 0.5453125 0.02734375 0.0109375
0 0.83984375 0.46015625 0.0125 0.01328125
0 0.73515625 0.5140625 0.0515625 0.021875
0 0.72265625 0.52421875 0.0609375 0.0296875
0 0.97578125 0.26875 0.01640625 0.01328125
1 0.971875 0.27890625 0.05625 0.05078125