0 0.4765625 0.296875 0.09765625 0.0703125
0 0.6890625 0.53203125 0.0890625 0.07421875
0 0.20234375 0.409375 0.0765625 0.06640625
1 0.6765625 0.3625 0.19140625 0.17421875
0 0.64765625 0.67890625 0.0859375 0.0703125
0 0.76796875 0.45078125 0.1265625 0.05625
0 0.3640625 0.59921875 0.13515625 0.07578125
0 0.50234375 0.7625 0.0703125 0.05
0 0.8859375 0.48125 0.1359375 0.05546875
0 0.4515625 0.36796875 0.05234375 0.05078125
0 0.5828125 0.15390625 0.0890625 0.05625
0 0.1921875 0.35078125 0.0703125 0.0609375
0 0.51953125 0.446875 0.0515625 0.03828125
1 0.4171875 0.1578125 0.1875 0.0703125
0 0.26640625 0.31796875 0.0734375 0.0578125
0 0.0171875 0.55546875 0.03359375 0.034375
0 0.66796875 0.46328125 0.04765625 0.0390625
0 0.4265625 0.40078125 0.0515625 0.0375
0 0.4890625 0.471875 0.04765625 0.040625
1 0.50625 0.25234375 0.16015625 0.13984375
1 0.26171875 0.8203125 0.16875 0.1046875
0 0.078125 0.38515625 0.03125 0.05
1 0.40546875 0.8234375 0.1203125 0.09765625
0 0.103125 0.49921875 0.0375 0.02734375
0 0.7875 0.2359375 0.03515625 0.02890625
1 0.3203125 0.82109375 0.1171875 0.09765625
0 0.68984375 0.23515625 0.0375 0.03359375
0 0.29140625 0.484375 0.0375 0.025
0 0.1546875 0.6390625 0.0296875 0.01328125
0 0.215625 0.803125 0.01640625 0.025
0 0.10078125 0.27890625 0.0171875 0.01875
0 0.2265625 0.1546875 0.02734375 0.025
0 0.11953125 0.27890625 0.01484375 0.0171875
0 0.67578125 0.4 0.0296875 0.01796875
0 0.32265625 0.1546875 0.02265625 0.01875
0 0.8484375 0.69765625 0.02890625 0.01953125
0 0.965625 0.73046875 0.025 0.01875
0 0.9890625 0.48828125 0.0140625 0.01015625
0 0.87578125 0.5296875 0.01640625 0.01015625
0 0.76875 0.49609375 0.0234375 0.01796875
1 0.23359375 0.84375 0.0125 0.0140625
1 0.2203125 0.8640625 0.0234375 0.0140625
1 0.25078125 0.84765625 0.0234375 0.01328125
1 0.3109375 0.8234375 0.02265625 0.015625
0 0.43203125 0.68984375 0.0125 0.00859375
0 0.7640625 0.778125 0.0078125 0.00625
0 0.953125 0.46015625 0.0140625 0.01015625
0 0.70625 0.3671875 0.04609375 0.01015625
0 0.56640625 0.25546875 0.01484375 0.0203125
0 0.45234375 0.24453125 0.0171875 0.009375
0 0.5234375 0.32421875 0.0296875 0.03828125
0 0.5359375 0.33359375 0.04140625 0.046875
0 0.2 0.13984375 0.0171875 0.0125
1 0.21328125 0.1421875 0.06875 0.04296875