0 0.2640625 0.24296875 0.1171875 0.0375
0 0.80078125 0.84375 0.07109375 0.05
0 0.4890625 0.78359375 0.1125 0.0453125
0 0.21171875 0.2859375 0.07265625 0.0328125
0 0.2140625 0.43828125 0.03984375 0.0390625
0 0.3171875 0.34140625 0.11484375 0.034375
0 0.72578125 0.68828125 0.03359375 0.04765625
0 0.2375 0.60546875 0.0484375 0.04140625
0 0.325 0.38046875 0.05234375 0.02734375
0 0.13203125 0.190625 0.0609375 0.034375
0 0.62734375 0.36953125 0.07109375 0.021875
0 0.7484375 0.44453125 0.06640625 0.02421875
0 0.2484375 0.703125 0.04609375 0.0390625
0 0.9515625 0.6734375 0.03984375 0.025
0 0.4546875 0.4375 0.10390625 0.02890625
0 0.76015625 0.71015625 0.04375 0.084375
0 0.45390625 0.4046875 0.1078125 0.0296875
0 0.9546875 0.7859375 0.03984375 0.02265625
0 0.72265625 0.74140625 0.02109375 0.03125
0 0.8546875 0.82421875 0.0171875 0.01328125
0 0.3859375 0.7875 0.0171875 0.0140625
0 0.771875 0.38125 0.0265625 0.01484375
0 0.70234375 0.48359375 0.0171875 0.01953125
0 0.515625 0.64296875 0.01875 0.0140625
0 0.2171875 0.57578125 0.0140625 0.0140625
0 0.76875 0.18125 0.0125 0.00625
0 0.390625 0.1765625 0.0203125 0.01484375
0 0.4828125 0.2734375 0.0234375 0.01484375
0 0.4875 0.30546875 0.0171875 0.0109375
0 0.39296875 0.21015625 0.02265625 0.01484375
0 0.059375 0.403125 0.0140625 0.02421875
0 0.43828125 0.240625 0.0171875 0.0140625
0 0.42890625 0.14140625 0.0203125 0.0125
0 0.92109375 0.2546875 0.0125 0.00625
0 0.99765625 0.5421875 0.0046875 0.01796875
0 0.99140625 0.53203125 0.0171875 0.01953125
0 0.20546875 0.5765625 0.0140625 0.0171875