0 0.23984375 0.25546875 0.1203125 0.04375
0 0.83203125 0.82734375 0.075 0.05234375
0 0.515625 0.78359375 0.11484375 0.05078125
0 0.1921875 0.3015625 0.075 0.03671875
0 0.20859375 0.453125 0.04375 0.04140625
0 0.30234375 0.35078125 0.1171875 0.040625
0 0.7421875 0.675 0.0375 0.0484375
0 0.24765625 0.61875 0.05234375 0.04375
0 0.3140625 0.38984375 0.0546875 0.0296875
0 0.10390625 0.2109375 0.0640625 0.0375
0 0.61484375 0.3625 0.07265625 0.025
0 0.74296875 0.43125 0.0671875 0.02734375
0 0.2671875 0.71640625 0.05 0.0421875
0 0.96640625 0.64921875 0.0421875 0.02734375
0 0.4484375 0.43984375 0.1046875 0.03359375
0 0.77890625 0.69609375 0.0515625 0.0859375
0 0.4453125 0.40703125 0.11015625 0.0359375
0 0.97890625 0.7609375 0.0421875 0.025
0 0.74453125 0.72890625 0.0234375 0.03125
0 0.884375 0.8046875 0.01875 0.0140625
0 0.41328125 0.7921875 0.0171875 0.01484375
0 0.7609375 0.3671875 0.0265625 0.015625
0 0.70078125 0.47265625 0.01875 0.0203125
0 0.52890625 0.6421875 0.01875 0.01484375
0 0.225 0.590625 0.01484375 0.01484375
0 0.7390625 0.1671875 0.0140625 0.0078125
0 0.3609375 0.18359375 0.0203125 0.01484375
0 0.46171875 0.275 0.0234375 0.015625
0 0.46953125 0.30703125 0.01875 0.0125
0 0.3671875 0.21640625 0.02265625 0.015625
0 0.0515625 0.4265625 0.01640625 0.025
0 0.4140625 0.24453125 0.0171875 0.01484375
0 0.3953125 0.1453125 0.02109375 0.01328125
0 0.89765625 0.23359375 0.0140625 0.0078125
0 0.9984375 0.515625 0.00234375 0.01796875
0 0.99140625 0.50546875 0.0171875 0.0203125
0 0.2140625 0.5921875 0.01484375 0.01796875