0 0.72421875 0.76328125 0.11640625 0.034375
0 0.215625 0.1484375 0.06875 0.04765625
0 0.5234375 0.2171875 0.11015625 0.0421875
0 0.778125 0.72109375 0.07109375 0.03125
0 0.7828125 0.56953125 0.0390625 0.03828125
0 0.67578125 0.66328125 0.1140625 0.03203125
0 0.2828125 0.30625 0.03125 0.046875
0 0.7671875 0.4015625 0.04765625 0.040625
0 0.66953125 0.62421875 0.0515625 0.0265625
0 0.85390625 0.81875 0.06015625 0.0328125
0 0.36640625 0.62734375 0.0703125 0.01953125
0 0.2484375 0.54921875 0.06484375 0.02265625
0 0.7609375 0.303125 0.0453125 0.03828125
0 0.05703125 0.31484375 0.0390625 0.02421875
0 0.5421875 0.5640625 0.10234375 0.0265625
0 0.25 0.28359375 0.03984375 0.08359375
0 0.5421875 0.596875 0.10625 0.02734375
0 0.059375 0.20234375 0.0390625 0.021875
0 0.2890625 0.253125 0.0203125 0.0296875
0 0.16015625 0.1671875 0.0171875 0.01328125
0 0.6265625 0.21640625 0.01640625 0.0140625
0 0.22265625 0.61171875 0.025 0.0140625
0 0.296875 0.5109375 0.01640625 0.01953125
0 0.49140625 0.35625 0.0171875 0.0140625
0 0.7859375 0.43125 0.0125 0.0140625
0 0.21640625 0.81171875 0.0125 0.00625
0 0.59453125 0.82578125 0.01875 0.0140625
0 0.50625 0.7265625 0.02265625 0.0140625
0 0.50390625 0.69453125 0.0171875 0.0109375
0 0.59296875 0.7921875 0.02109375 0.0140625
0 0.9359375 0.60859375 0.0125 0.02421875
0 0.55 0.76015625 0.01640625 0.0140625
0 0.5546875 0.8609375 0.0203125 0.0109375
0 0.0671875 0.73359375 0.0109375 0.00625
0 0.003125 0.44453125 0.00625 0.01796875
0 0.0109375 0.45546875 0.01640625 0.01953125
0 0.79765625 0.43125 0.0125 0.0171875