0 0.4046875 0.31875 0.08984375 0.06953125
0 0.3265625 0.3234375 0.08359375 0.0671875
0 0.2078125 0.38359375 0.06875 0.05
0 0.04921875 0.41171875 0.08984375 0.0734375
0 0.890625 0.36328125 0.08359375 0.053125
0 0.57109375 0.309375 0.0453125 0.03125
0 0.48125 0.23359375 0.0375 0.03359375
0 0.128125 0.45859375 0.04375 0.04296875
0 0.14921875 0.39765625 0.04140625 0.046875
0 0.1609375 0.29140625 0.0265625 0.02265625
0 0.69921875 0.22890625 0.02890625 0.021875
0 0.5265625 0.28515625 0.0328125 0.0265625
0 0.4421875 0.67421875 0.02109375 0.0140625
0 0.83046875 0.35078125 0.05859375 0.0390625
0 0.14375 0.6546875 0.0328125 0.01796875
0 0.4921875 0.26796875 0.0296875 0.02890625
0 0.61171875 0.32578125 0.0390625 0.025
0 0.32421875 0.559375 0.02734375 0.03671875
0 0.2921875 0.07890625 0.0203125 0.01015625
0 0.36796875 0.75859375 0.02109375 0.01484375
0 0.2421875 0.7890625 0.01875 0.01328125
0 0.5625 0.6015625 0.0453125 0.0328125
0 0.2 0.86796875 0.0171875 0.0125
0 0.4515625 0.63984375 0.03359375 0.02265625
0 0.184375 0.15078125 0.03984375 0.021875
0 0.39140625 0.1796875 0.02109375 0.01484375
0 0.1359375 0.484375 0.03359375 0.0296875
0 0.03515625 0.540625 0.04765625 0.03671875
0 0.2640625 0.590625 0.0328125 0.04140625
0 0.26953125 0.61796875 0.01875 0.01484375
0 0.321875 0.8421875 0.0171875 0.01328125
0 0.6078125 0.775 0.0203125 0.0171875
0 0.70390625 0.8796875 0.03125 0.02265625
0 0.7125 0.72265625 0.02890625 0.0234375
0 0.96171875 0.78828125 0.0296875 0.01875
0 0.6765625 0.55234375 0.0359375 0.03828125
0 0.5765625 0.6125 0.04140625 0.0328125
0 0.8828125 0.5453125 0.03515625 0.03359375
0 0.91328125 0.52265625 0.05625 0.0765625
0 0.98515625 0.4265625 0.01875 0.028125
0 0.7296875 0.35390625 0.0421875 0.0328125
0 0.9546875 0.2890625 0.0515625 0.0421875
0 0.9421875 0.1453125 0.04140625 0.034375
0 0.5359375 0.4 0.01875 0.0171875