0 0.42578125 0.31328125 0.0828125 0.06484375
0 0.34765625 0.3125 0.0765625 0.0625
0 0.22265625 0.36484375 0.0640625 0.04609375
0 0.0609375 0.3828125 0.0828125 0.06875
0 0.9046875 0.38984375 0.07890625 0.0484375
0 0.59296875 0.3140625 0.0421875 0.028125
0 0.5125 0.23359375 0.03359375 0.03203125
0 0.134375 0.434375 0.0390625 0.040625
0 0.1625 0.375 0.0359375 0.0453125
0 0.1859375 0.26953125 0.0234375 0.0203125
0 0.7296875 0.24296875 0.0265625 0.01953125
0 0.5515625 0.28828125 0.0296875 0.02421875
0 0.42265625 0.66953125 0.0203125 0.01328125
0 0.846875 0.37265625 0.0546875 0.0359375
0 0.1265625 0.63046875 0.03125 0.015625
0 0.51875 0.26875 0.02734375 0.02734375
0 0.63203125 0.33359375 0.0359375 0.0234375
0 0.31796875 0.54765625 0.0234375 0.034375
0 0.3421875 0.0671875 0.01875 0.009375
0 0.3390625 0.74921875 0.0203125 0.0140625
0 0.209375 0.77109375 0.0171875 0.0125
0 0.55078125 0.60546875 0.04140625 0.0296875
0 0.1578125 0.846875 0.01640625 0.0109375
0 0.43515625 0.6359375 0.03125 0.0203125
0 0.2265625 0.13203125 0.0375 0.01875
0 0.0109375 0.15234375 0.021875 0.0203125
0 0.42890625 0.1734375 0.0203125 0.0140625
0 0.1390625 0.46015625 0.0296875 0.028125
0 0.03203125 0.51015625 0.04375 0.03359375
0 0.2546875 0.57421875 0.02734375 0.0390625
0 0.25625 0.60234375 0.0171875 0.0140625
0 0.2828125 0.8296875 0.01640625 0.0125
0 0.575 0.78125 0.01875 0.015625
0 0.65859375 0.89140625 0.02890625 0.0203125
0 0.6859375 0.7359375 0.0265625 0.021875
0 0.9265625 0.81796875 0.02890625 0.0171875
0 0.66953125 0.56328125 0.0328125 0.03671875
0 0.5640625 0.6171875 0.0375 0.03125
0 0.8765625 0.5703125 0.03125 0.03203125
0 0.90859375 0.54921875 0.04765625 0.07421875
0 0.99140625 0.4578125 0.0171875 0.028125
0 0.7453125 0.36953125 0.0390625 0.0296875
0 0.9765625 0.31953125 0.04609375 0.0390625
0 0.98046875 0.175 0.0390625 0.0328125
0 0.546875 0.40234375 0.0171875 0.015625