0 0.07890625 0.6765625 0.07265625 0.0515625
0 0.54921875 0.696875 0.02734375 0.02265625
0 0.26015625 0.59296875 0.0296875 0.028125
0 0.87109375 0.6046875 0.0296875 0.0234375
0 0.10703125 0.4546875 0.0421875 0.03359375
0 0.04765625 0.5453125 0.0484375 0.03203125
0 0.14453125 0.74375 0.0875 0.05546875
0 0.42265625 0.60859375 0.03359375 0.0203125
0 0.4671875 0.43359375 0.04375 0.02734375
0 0.18203125 0.553125 0.0328125 0.03203125
0 0.9234375 0.57734375 0.03125 0.025
0 0.5140625 0.15546875 0.07890625 0.06015625
0 0.44609375 0.30625 0.05625 0.0359375
0 0.721875 0.68671875 0.03125 0.02421875
0 0.1640625 0.20078125 0.0390625 0.03359375
0 0.63046875 0.86953125 0.03515625 0.0265625
0 0.65390625 0.8484375 0.02734375 0.025
1 0.515625 0.85546875 0.08515625 0.053125
1 0.5890625 0.81015625 0.29375 0.16953125
0 0.6171875 0.51328125 0.0359375 0.01953125
0 0.5859375 0.48125 0.0390625 0.0203125
0 0.6328125 0.1921875 0.03359375 0.03359375
0 0.6734375 0.196875 0.0390625 0.03828125
0 0.86328125 0.16171875 0.0390625 0.015625
0 0.98828125 0.45 0.0234375 0.0265625
0 0.3015625 0.128125 0.03984375 0.02265625
0 0.08984375 0.12578125 0.03984375 0.0328125
1 0.6484375 0.171875 0.1171875 0.08046875