0 0.084375 0.33671875 0.0671875 0.0546875
0 0.253125 0.40703125 0.06640625 0.05234375
0 0.57734375 0.35078125 0.04765625 0.05546875
0 0.421875 0.61328125 0.0859375 0.04296875
0 0.5359375 0.434375 0.05234375 0.05078125
0 0.6515625 0.478125 0.0734375 0.08046875
0 0.49765625 0.34609375 0.03984375 0.0328125
0 0.55625 0.6828125 0.09765625 0.05078125
0 0.4359375 0.671875 0.04609375 0.02890625
0 0.91171875 0.3890625 0.0328125 0.05
0 0.1265625 0.4421875 0.0875 0.06640625
0 0.25234375 0.23515625 0.04609375 0.0390625
0 0.353125 0.2578125 0.0390625 0.03203125
0 0.8453125 0.58359375 0.0484375 0.040625
0 0.6921875 0.8046875 0.0375 0.03125
0 0.9375 0.82265625 0.04609375 0.04765625
0 0.87890625 0.821875 0.04375 0.0359375
0 0.2734375 0.5578125 0.075 0.06953125
0 0.53984375 0.71171875 0.14765625 0.0578125
0 0.87109375 0.340625 0.0734375 0.05625
0 0.9015625 0.48515625 0.02734375 0.046875
0 0.928125 0.4703125 0.06484375 0.08984375
0 0.8921875 0.57890625 0.0609375 0.09453125
0 0.8671875 0.63046875 0.025 0.0390625
0 0.8796875 0.64140625 0.01640625 0.0328125
0 0.8296875 0.646875 0.02265625 0.01953125
0 0.865625 0.6984375 0.0171875 0.02265625
0 0.85 0.696875 0.02109375 0.0140625
0 0.84765625 0.7203125 0.0125 0.01953125
0 0.79765625 0.696875 0.0140625 0.0125
0 0.8609375 0.76015625 0.01875 0.021875
0 0.8015625 0.7734375 0.1453125 0.1453125
0 0.8484375 0.89609375 0.0203125 0.01484375
0 0.778125 0.859375 0.0125 0.009375
0 0.51328125 0.85078125 0.01484375 0.0109375
0 0.4109375 0.66015625 0.03125 0.01953125
0 0.3015625 0.571875 0.0171875 0.01484375
0 0.2984375 0.57734375 0.0109375 0.0140625
0 0.3828125 0.53828125 0.14609375 0.0484375
0 0.27890625 0.5828125 0.01484375 0.01328125
0 0.2609375 0.6015625 0.0328125 0.02890625
0 0.20390625 0.57890625 0.0140625 0.0125
0 0.12890625 0.51328125 0.0140625 0.0109375
0 0.1546875 0.515625 0.11875 0.075
0 0.1140625 0.47265625 0.04765625 0.02265625
0 0.11875 0.44375 0.0171875 0.00859375
0 0.0515625 0.5140625 0.103125 0.1
0 0.1453125 0.60546875 0.0390625 0.0296875
0 0.14296875 0.65859375 0.10859375 0.090625
0 0.221875 0.7578125 0.0296875 0.028125
0 0.23671875 0.78203125 0.0390625 0.02890625
0 0.16015625 0.71171875 0.025 0.0109375
0 0.159375 0.7328125 0.01015625 0.009375
0 0.00234375 0.65390625 0.0046875 0.00625
0 0.01640625 0.58046875 0.025 0.01875
0 0.003125 0.57734375 0.00625 0.01328125
0 0.0140625 0.55546875 0.0109375 0.009375
0 0.00234375 0.58515625 0.0046875 0.00859375
0 0.60546875 0.46171875 0.0390625 0.0296875
0 0.56796875 0.4921875 0.04375 0.1359375
0 0.57265625 0.49609375 0.00625 0.01328125
1 0.30546875 0.59296875 0.1125 0.07578125
1 0.06796875 0.6578125 0.0359375 0.04296875
1 0.1 0.68359375 0.0484375 0.03125
1 0.0703125 0.68828125 0.02265625 0.03125