0 0.7765625 0.45390625 0.0984375 0.05703125
1 0.9390625 0.50859375 0.0359375 0.028125
0 0.62578125 0.490625 0.05625 0.040625
0 0.19140625 0.38359375 0.03125 0.021875
0 0.51640625 0.56171875 0.06484375 0.04609375
0 0.903125 0.465625 0.025 0.028125
0 0.56328125 0.36640625 0.05859375 0.06484375
0 0.825 0.421875 0.0828125 0.03828125
0 0.9046875 0.5953125 0.02890625 0.0234375
0 0.0578125 0.22734375 0.05 0.0359375
0 0.7078125 0.56640625 0.06875 0.08125
0 0.840625 0.57265625 0.02890625 0.02421875
0 0.46171875 0.184375 0.07109375 0.04140625
0 0.27421875 0.2765625 0.0203125 0.0140625
0 0.90390625 0.35390625 0.03359375 0.021875
0 0.259375 0.309375 0.02109375 0.01328125
0 0.77578125 0.41328125 0.0578125 0.028125
0 0.71796875 0.3015625 0.0859375 0.025
0 0.08125 0.371875 0.02265625 0.0140625
0 0.1234375 0.3328125 0.02109375 0.01328125
0 0.13046875 0.28046875 0.0203125 0.0171875
0 0.16953125 0.671875 0.05859375 0.0484375
0 0.10546875 0.55078125 0.0609375 0.03828125
0 0.53125 0.5921875 0.0546875 0.04296875
0 0.83203125 0.3078125 0.03125 0.01953125
0 0.7171875 0.29453125 0.0234375 0.00859375
0 0.59375 0.290625 0.0203125 0.01328125
0 0.6375 0.196875 0.02890625 0.01953125
0 0.44453125 0.259375 0.01640625 0.0046875
0 0.4453125 0.26328125 0.02890625 0.00625
0 0.3296875 0.17421875 0.07734375 0.0109375
0 0.18125 0.17109375 0.02734375 0.02734375
0 0.003125 0.2703125 0.00625 0.0140625
0 0.2359375 0.29765625 0.01640625 0.015625
0 0.40390625 0.3296875 0.01875 0.00546875
0 0.36171875 0.33515625 0.07109375 0.009375
0 0.3625 0.3421875 0.0734375 0.00859375
0 0.0984375 0.465625 0.03125 0.046875
0 0.1125 0.46171875 0.0171875 0.0546875
0 0.1296875 0.45625 0.0234375 0.053125
0 0.13671875 0.44765625 0.03359375 0.0484375
0 0.0078125 0.50390625 0.015625 0.0171875
0 0.0203125 0.534375 0.03984375 0.034375
0 0.021875 0.5734375 0.04375 0.03671875
0 0.02421875 0.6109375 0.0484375 0.053125
0 0.09609375 0.5546875 0.01484375 0.00859375
0 0.2125 0.521875 0.0140625 0.009375
0 0.0734375 0.6984375 0.01484375 0.0125
0 0.33046875 0.70078125 0.0109375 0.01015625
0 0.3796875 0.65078125 0.0109375 0.009375
0 0.45234375 0.54140625 0.0296875 0.01484375
0 0.740625 0.559375 0.03515625 0.0421875
0 0.759375 0.540625 0.01484375 0.00859375
0 0.7875 0.4703125 0.0171875 0.0078125
1 0.5171875 0.46875 0.12734375 0.103125
1 0.41484375 0.46875 0.0921875 0.10390625
1 0.31953125 0.47578125 0.22734375 0.09453125
1 0.19765625 0.45625 0.15 0.11875
1 0.228125 0.615625 0.1296875 0.09375
0 0.04140625 0.346875 0.025 0.0125
0 0.5765625 0.6484375 0.0109375 0.00625
0 0.5671875 0.67734375 0.00859375 0.00546875
0 0.71015625 0.65859375 0.01875 0.0109375
0 0.6953125 0.70390625 0.0171875 0.00859375
0 0.8703125 0.6765625 0.01875 0.0109375
0 0.9328125 0.71953125 0.0171875 0.0109375
0 0.9671875 0.6375 0.01484375 0.01015625