0 0.434375 0.559375 0.16015625 0.0890625
0 0.4171875 0.7609375 0.13515625 0.07109375
0 0.89921875 0.36484375 0.09375 0.0953125
0 0.52890625 0.353125 0.06015625 0.0328125
0 0.39609375 0.42109375 0.10390625 0.1171875
0 0.66953125 0.7421875 0.0546875 0.03203125
0 0.28984375 0.275 0.0609375 0.04453125
0 0.1234375 0.4171875 0.04609375 0.03125
0 0.6953125 0.353125 0.0546875 0.02734375
0 0.8578125 0.2984375 0.0609375 0.03125
0 0.63125 0.74609375 0.06640625 0.0328125
0 0.11796875 0.790625 0.04765625 0.02578125
0 0.0890625 0.2984375 0.1109375 0.0921875
0 0.7515625 0.72265625 0.04609375 0.025
0 0.9609375 0.509375 0.02265625 0.01328125
0 0.6640625 0.20703125 0.04609375 0.0203125
0 0.71015625 0.3140625 0.02734375 0.015625
0 0.29296875 0.43984375 0.02734375 0.01875
0 0.75234375 0.49296875 0.0234375 0.0109375
0 0.65078125 0.6796875 0.025 0.0140625
0 0.85625 0.7453125 0.0421875 0.01328125
0 0.7625 0.65078125 0.02265625 0.0125
0 0.35859375 0.70390625 0.0265625 0.01015625
0 0.4015625 0.71796875 0.02265625 0.0109375
0 0.2359375 0.7546875 0.03125 0.01796875
0 0.1625 0.73203125 0.0234375 0.0109375
0 0.2671875 0.72890625 0.02890625 0.0109375
0 0.878125 0.21796875 0.07109375 0.04375
0 0.67265625 0.3875 0.0625 0.05546875
0 0.67734375 0.37578125 0.025 0.01875
0 0.69140625 0.39296875 0.0265625 0.0203125
0 0.3921875 0.25703125 0.16875 0.078125
0 0.4921875 0.2890625 0.0484375 0.02421875
0 0.4671875 0.29609375 0.1828125 0.05703125