0 0.5921875 0.546875 0.1359375 0.078125
0 0.9421875 0.59140625 0.1078125 0.06640625
0 0.3328125 0.25546875 0.1609375 0.0375
0 0.24765625 0.45859375 0.05 0.0296875
0 0.34453125 0.54375 0.2 0.0390625
0 0.95390625 0.4484375 0.05 0.0265625
0 0.234375 0.8046875 0.04609375 0.02421875
0 0.06953125 0.57734375 0.07109375 0.028125
0 0.2890625 0.69453125 0.0484375 0.021875
1 0.0328125 0.7890625 0.06484375 0.021875
0 0.27734375 0.36640625 0.04140625 0.02734375
0 0.209375 0.2671875 0.04609375 0.03046875
0 0.953125 0.4703125 0.0484375 0.0328125
0 0.9421875 0.76171875 0.03984375 0.0234375
0 0.07578125 0.6921875 0.1515625 0.0484375
0 0.93359375 0.39921875 0.0375 0.02265625
0 0.596875 0.24609375 0.02109375 0.0109375
0 0.01484375 0.35859375 0.0296875 0.0234375
0 0.2109375 0.3515625 0.0234375 0.01328125
0 0.35859375 0.60390625 0.0296875 0.0125
0 0.53203125 0.359375 0.01640625 0.01171875
0 0.840625 0.44765625 0.02109375 0.01171875
0 0.99140625 0.3453125 0.0171875 0.02265625
0 0.809375 0.38046875 0.01875 0.0109375
0 0.83203125 0.61328125 0.0140625 0.01328125
0 0.86484375 0.5921875 0.01640625 0.0109375
0 0.90078125 0.690625 0.0265625 0.015625
0 0.803125 0.80625 0.02109375 0.0109375
0 0.8484375 0.72734375 0.01640625 0.01171875
0 0.8609375 0.66875 0.01640625 0.01484375
0 0.07265625 0.24140625 0.0671875 0.03359375
0 0.33359375 0.38515625 0.0921875 0.0265625
0 0.31328125 0.38046875 0.03125 0.0109375
0 0.3453125 0.37578125 0.0328125 0.01171875
0 0.05703125 0.51796875 0.1140625 0.08515625
0 0.1296875 0.46796875 0.0359375 0.02421875
0 0.13671875 0.48203125 0.07265625 0.096875