0 0.578125 0.44609375 0.14609375 0.08125
0 0.6390625 0.24609375 0.12265625 0.0640625
0 0.07421875 0.60703125 0.075 0.09296875
0 0.4390625 0.64453125 0.0546875 0.0296875
0 0.5859375 0.58515625 0.0796875 0.11484375
0 0.384375 0.24765625 0.05 0.0296875
0 0.66015625 0.73828125 0.05390625 0.04140625
0 0.85625 0.60859375 0.04140625 0.02890625
0 0.27421875 0.63203125 0.0515625 0.025
0 0.1015625 0.67578125 0.05625 0.02734375
0 0.4234375 0.246875 0.0609375 0.02890625
0 0.9421875 0.2375 0.04375 0.02421875
0 0.8640625 0.728125 0.09375 0.0875
0 0.2984375 0.26171875 0.0421875 0.02265625
0 0.0453125 0.45859375 0.0203125 0.0125
0 0.2734375 0.7796875 0.0421875 0.01796875
0 0.2515625 0.6703125 0.025 0.0140625
0 0.6921875 0.57421875 0.0234375 0.01796875
0 0.2484375 0.4890625 0.02265625 0.01015625
0 0.3890625 0.31171875 0.02265625 0.0125
0 0.19921875 0.23203125 0.04140625 0.0109375
0 0.27265625 0.33203125 0.02109375 0.0109375
0 0.684375 0.3078125 0.025 0.00859375
0 0.64453125 0.28984375 0.02109375 0.01015625
0 0.8171875 0.26484375 0.02890625 0.015625
0 0.8859375 0.2921875 0.02265625 0.01015625
0 0.78125 0.2890625 0.02734375 0.01015625
0 0.0640625 0.75390625 0.0640625 0.0390625
0 0.3046875 0.59921875 0.05234375 0.053125
0 0.296875 0.6109375 0.02109375 0.01796875
0 0.28671875 0.59296875 0.02265625 0.01875
0 0.5546875 0.74765625 0.1578125 0.06796875
0 0.4625 0.71015625 0.04375 0.021875
0 0.4875 0.7046875 0.1765625 0.04609375