0 0.37734375 0.37421875 0.07265625 0.0515625
0 0.55 0.48828125 0.0609375 0.03828125
0 0.8296875 0.434375 0.0453125 0.0328125
0 0.1828125 0.6890625 0.06484375 0.0375
0 0.6546875 0.35546875 0.03125 0.02734375
0 0.97734375 0.32109375 0.0453125 0.0421875
0 0.8046875 0.55234375 0.04609375 0.04765625
0 0.46328125 0.403125 0.0359375 0.015625
0 0.53515625 0.42421875 0.04140625 0.0265625
0 0.75234375 0.68203125 0.06015625 0.0359375
0 0.9125 0.4953125 0.0765625 0.0390625
0 0.10546875 0.63671875 0.05390625 0.0328125
0 0.72265625 0.2765625 0.0296875 0.0078125
0 0.71640625 0.48984375 0.05390625 0.03203125
0 0.1890625 0.34765625 0.04765625 0.01875
0 0.865625 0.39921875 0.0453125 0.0203125
0 0.3609375 0.26640625 0.0328125 0.0109375
0 0.671875 0.51015625 0.05234375 0.03671875
0 0.9203125 0.3890625 0.0234375 0.0296875
0 0.93671875 0.61171875 0.04765625 0.03359375
0 0.909375 0.41953125 0.0796875 0.02421875
0 0.95390625 0.52734375 0.0484375 0.03125
0 0.90234375 0.43984375 0.05390625 0.0203125
0 0.0234375 0.70390625 0.0453125 0.0734375
0 0.12890625 0.39765625 0.0265625 0.0203125
0 0.01484375 0.39765625 0.0109375 0.00546875
0 0.21328125 0.45 0.01875 0.0625
0 0.18984375 0.46640625 0.0140625 0.028125
0 0.12734375 0.5140625 0.05390625 0.00859375
0 0.1265625 0.5296875 0.0546875 0.0109375
0 0.0875 0.54765625 0.08359375 0.0125
0 0.2546875 0.7140625 0.0125 0.009375
0 0.36875 0.71171875 0.0125 0.01015625
0 0.40546875 0.53671875 0.08984375 0.02421875
0 0.5234375 0.52265625 0.01640625 0.00546875
0 0.5234375 0.51640625 0.0171875 0.00625
0 0.465625 0.41640625 0.03125 0.009375
0 0.3125 0.375 0.04609375 0.04375
0 0.4859375 0.32890625 0.02109375 0.021875
0 0.39609375 0.2734375 0.0203125 0.01953125
0 0.36953125 0.27421875 0.01484375 0.0046875
0 0.34140625 0.27578125 0.03125 0.00859375
0 0.7234375 0.2828125 0.02890625 0.0078125
0 0.79921875 0.2703125 0.01640625 0.00546875
0 0.83515625 0.2765625 0.02109375 0.01796875
0 0.846875 0.30546875 0.00859375 0.00625
0 0.93203125 0.33203125 0.0234375 0.01953125
0 0.7265625 0.3484375 0.0140625 0.021875
0 0.775 0.51796875 0.02265625 0.03359375
0 0.88828125 0.54921875 0.01640625 0.0109375
0 0.91875 0.58515625 0.0359375 0.0328125
0 0.9625 0.596875 0.0109375 0.00625
0 0.79609375 0.69765625 0.0109375 0.0078125
0 0.1546875 0.58359375 0.0046875 0.009375
1 0.1046875 0.4640625 0.12890625 0.1
1 0.3359375 0.48046875 0.15625 0.10234375
1 0.2390625 0.56171875 0.1703125 0.1125
1 0.47734375 0.6625 0.13125 0.12109375