0 0.66796875 0.4078125 0.06875 0.0546875
0 0.515625 0.5375 0.0515625 0.04609375
0 0.5875 0.74765625 0.04375 0.03359375
0 0.24765625 0.26171875 0.05 0.0484375
0 0.6921875 0.615625 0.0359375 0.0234375
0 0.73828125 0.8578125 0.05625 0.03359375
0 0.43046875 0.728125 0.0640625 0.034375
0 0.62890625 0.47265625 0.02109375 0.02734375
0 0.6015625 0.5265625 0.03515625 0.03125
0 0.2578125 0.6890625 0.04765625 0.0453125
0 0.50625 0.809375 0.05234375 0.05703125
0 0.3171875 0.2046875 0.04375 0.040625
0 0.79765625 0.6671875 0.01015625 0.02265625
0 0.5140625 0.6625 0.0421875 0.040625
0 0.703125 0.26640625 0.025 0.0359375
0 0.634375 0.77421875 0.02734375 0.03359375
0 0.81171875 0.3953125 0.01484375 0.02421875
0 0.4859375 0.62890625 0.0484375 0.0390625
0 0.6484375 0.815625 0.03984375 0.01796875
0 0.3515625 0.82734375 0.0453125 0.0359375
0 0.60703125 0.80703125 0.0328125 0.06015625
0 0.46328125 0.83984375 0.04140625 0.03671875
0 0.58046875 0.8015625 0.02734375 0.040625
0 0.228125 0.1421875 0.09765625 0.03359375
0 0.6359375 0.221875 0.02734375 0.01953125
0 0.6359375 0.1359375 0.0078125 0.00859375
0 0.5671875 0.28515625 0.08359375 0.0140625
0 0.54453125 0.2671875 0.0375 0.01015625
0 0.48125 0.22109375 0.0109375 0.040625
0 0.4609375 0.2203125 0.01484375 0.04140625
0 0.43671875 0.190625 0.01640625 0.0625
0 0.21484375 0.315625 0.0125 0.009375
0 0.21796875 0.4015625 0.0140625 0.009375
0 0.45078125 0.42890625 0.0328125 0.0671875
0 0.4703125 0.51796875 0.0078125 0.0125
0 0.478125 0.51796875 0.00859375 0.01328125
0 0.6109375 0.47421875 0.0125 0.0234375
0 0.6671875 0.359375 0.05859375 0.034375
0 0.728125 0.4890625 0.02890625 0.015625
0 0.8015625 0.421875 0.0265625 0.01484375
0 0.80078125 0.40234375 0.00625 0.0109375
0 0.7984375 0.38125 0.0109375 0.0234375
0 0.7890625 0.6671875 0.01015625 0.021875
0 0.80625 0.72421875 0.0078125 0.0125
0 0.79765625 0.75078125 0.0234375 0.015625
0 0.759375 0.76015625 0.00859375 0.00625
0 0.72421875 0.8234375 0.0265625 0.01796875
0 0.7015625 0.66953125 0.02890625 0.01015625
0 0.47578125 0.70625 0.0453125 0.0171875
0 0.434375 0.790625 0.01484375 0.0125
0 0.3859375 0.8140625 0.04375 0.02734375
0 0.3703125 0.846875 0.00859375 0.00859375
0 0.2359375 0.721875 0.01015625 0.00859375
0 0.3890625 0.24140625 0.0125 0.00390625
1 0.5484375 0.203125 0.13359375 0.096875
1 0.52578125 0.3765625 0.1359375 0.1171875
1 0.41796875 0.30390625 0.15 0.12734375
1 0.2828125 0.4828125 0.1609375 0.0984375