1 0.83203125 0.44609375 0.10859375 0.0703125
1 0.71953125 0.38203125 0.1046875 0.07109375
0 0.15078125 0.5421875 0.1140625 0.0859375
0 0.24140625 0.428125 0.0578125 0.0453125
0 0.16484375 0.653125 0.05 0.0359375
0 0.29296875 0.70390625 0.0578125 0.0359375
0 0.1046875 0.63671875 0.04765625 0.03671875
0 0.2453125 0.59765625 0.05859375 0.03671875
0 0.5265625 0.3296875 0.06875 0.05234375
0 0.6515625 0.23203125 0.11875 0.06171875
0 0.08359375 0.39296875 0.0453125 0.0421875
0 0.18046875 0.2828125 0.06015625 0.05234375
0 0.4671875 0.246875 0.06875 0.05546875
0 0.08359375 0.47734375 0.0390625 0.03125
0 0.475 0.42109375 0.0171875 0.01328125
0 0.934375 0.51796875 0.05234375 0.034375
0 0.04296875 0.81171875 0.0296875 0.021875
1 0.5859375 0.6109375 0.16875 0.1078125
0 0.4296875 0.6703125 0.0359375 0.03203125
1 0.521875 0.6984375 0.11484375 0.0765625
0 0.409375 0.4609375 0.10625 0.05703125
0 0.64375 0.571875 0.0375 0.03125
0 0.3578125 0.578125 0.0171875 0.0140625
0 0.14140625 0.72734375 0.0125 0.01015625
0 0.78828125 0.6328125 0.0125 0.00859375
0 0.64375 0.665625 0.0375 0.01796875
0 0.803125 0.49375 0.04375 0.02421875
0 0.7671875 0.42265625 0.0375 0.02734375
0 0.84609375 0.45390625 0.0109375 0.0109375
0 0.978125 0.46796875 0.02734375 0.1125
0 0.5640625 0.3515625 0.02734375 0.01953125
0 0.65859375 0.21015625 0.025 0.0109375
0 0.85625 0.2828125 0.0421875 0.03125
0 0.01171875 0.32578125 0.0234375 0.0265625
0 0.02109375 0.528125 0.03984375 0.03203125
0 0.0671875 0.54609375 0.0515625 0.08359375
0 0.43984375 0.484375 0.0375 0.028125
0 0.4734375 0.4828125 0.03125 0.025
0 0.47421875 0.50703125 0.0375 0.02734375
0 0.40546875 0.6703125 0.01875 0.01015625
0 0.5 0.753125 0.01484375 0.01015625
0 0.478125 0.83671875 0.01484375 0.0109375
0 0.1640625 0.7640625 0.01015625 0.009375
0 0.09921875 0.7734375 0.0140625 0.00859375
0 0.0078125 0.83515625 0.015625 0.0234375
1 0.70546875 0.63984375 0.1765625 0.1078125
1 0.8046875 0.62109375 0.10234375 0.0703125
1 0.72109375 0.5640625 0.17109375 0.065625