1 0.6234375 0.7375 0.11015625 0.0921875
1 0.6890625 0.64375 0.11015625 0.0890625
0 0.38984375 0.24765625 0.13125 0.09765625
0 0.55390625 0.296875 0.06875 0.05
0 0.2453125 0.27578125 0.0546875 0.0421875
0 0.19921875 0.37890625 0.05625 0.04765625
0 0.25859375 0.228125 0.0546875 0.04140625
0 0.33203125 0.3265625 0.0578125 0.05
0 0.72890625 0.49296875 0.0796875 0.059375
0 0.8765625 0.57109375 0.1 0.09765625
0 0.57578125 0.175 0.0625 0.040625
0 0.7359375 0.2296875 0.07890625 0.05234375
0 0.828125 0.4359375 0.08359375 0.06015625
0 0.46484375 0.18828125 0.04609375 0.03359375
0 0.6 0.46875 0.0203125 0.01484375
0 0.54453125 0.82421875 0.05390625 0.04375
0 0.0171875 0.21015625 0.0328125 0.025
1 0.3671875 0.58125 0.16875 0.14140625
0 0.26484375 0.47421875 0.04765625 0.03203125
1 0.2421875 0.54765625 0.11875 0.09765625
0 0.53671875 0.4265625 0.0921875 0.0875
0 0.428125 0.61796875 0.04609375 0.0328125
0 0.375 0.40703125 0.02109375 0.01484375
0 0.14453125 0.26953125 0.01484375 0.0109375
0 0.3703125 0.734375 0.0125 0.01015625
0 0.30390625 0.6328125 0.02890625 0.03125
0 0.55546875 0.7234375 0.0390625 0.03671875
0 0.64375 0.6859375 0.04140625 0.03203125
0 0.6140625 0.74921875 0.01640625 0.01015625
0 0.6171875 0.84921875 0.15234375 0.03828125
0 0.70546875 0.52421875 0.0296875 0.0234375
0 0.90625 0.571875 0.01875 0.0203125
0 0.84140625 0.73046875 0.04765625 0.03671875
0 0.65234375 0.11171875 0.0390625 0.021875
0 0.38828125 0.15 0.0484375 0.034375
0 0.371875 0.18671875 0.1171875 0.05078125
0 0.5109375 0.453125 0.0421875 0.03203125
0 0.51796875 0.478125 0.0390625 0.02734375
0 0.48671875 0.48203125 0.04140625 0.03203125
0 0.2609375 0.45703125 0.01640625 0.015625
0 0.1671875 0.5390625 0.01640625 0.01328125
0 0.053125 0.53671875 0.0171875 0.01328125
0 0.1 0.29296875 0.0140625 0.00859375
0 0.0765625 0.24609375 0.0140625 0.0109375
1 0.3484375 0.67421875 0.1703125 0.146875
1 0.3890625 0.74453125 0.10859375 0.0875
1 0.45 0.67421875 0.1140625 0.13671875