1 0.1859375 0.59609375 0.1234375 0.08359375
1 0.3109375 0.64453125 0.1203125 0.08359375
0 0.834375 0.4125 0.1328125 0.09921875
0 0.77109375 0.53671875 0.0671875 0.0515625
0 0.79453125 0.30546875 0.0578125 0.04140625
0 0.65625 0.271875 0.06484375 0.0421875
0 0.8578125 0.3140625 0.0546875 0.0421875
0 0.72890625 0.3703125 0.06640625 0.04375
0 0.5140625 0.671875 0.0796875 0.0609375
0 0.4125 0.78359375 0.13125 0.07578125
0 0.934375 0.55078125 0.05390625 0.04765625
0 0.86484375 0.671875 0.07109375 0.059375
0 0.59140625 0.7453125 0.0796875 0.0640625
0 0.91484375 0.46875 0.0453125 0.0359375
0 0.54296875 0.57421875 0.0203125 0.01484375
0 0.06796875 0.5390625 0.06015625 0.04140625
0 0.87734375 0.1328125 0.03515625 0.025
1 0.3890625 0.40234375 0.19140625 0.128125
0 0.5296875 0.3234375 0.0421875 0.03671875
1 0.4328125 0.30703125 0.13125 0.090625
0 0.5984375 0.5265625 0.1171875 0.0703125
0 0.3421875 0.44765625 0.04375 0.0359375
0 0.621875 0.4046875 0.0203125 0.015625
0 0.80078125 0.2296875 0.01484375 0.0125
0 0.1859375 0.40703125 0.0140625 0.01015625
0 0.3203125 0.35546875 0.04140625 0.02265625
0 0.203125 0.5453125 0.0484375 0.0296875
0 0.2546875 0.6109375 0.04375 0.03203125
0 0.16953125 0.590625 0.0140625 0.0125
0 0.03671875 0.59453125 0.05390625 0.1140625
0 0.471875 0.6546875 0.03125 0.0234375
0 0.4109375 0.80625 0.02734375 0.0140625
0 0.19921875 0.76015625 0.0484375 0.0359375
0 0.96484375 0.41015625 0.04609375 0.03671875
0 0.915625 0.3984375 0.0703125 0.0890625
0 0.5625 0.5078125 0.04375 0.0328125
0 0.5296875 0.51328125 0.0359375 0.02890625
0 0.5234375 0.48984375 0.04375 0.03203125
0 0.55390625 0.3203125 0.02109375 0.0125
0 0.44140625 0.25 0.0171875 0.0125
0 0.44375 0.165625 0.0171875 0.01328125
0 0.76953125 0.19609375 0.0125 0.01015625
0 0.83125 0.17890625 0.01484375 0.01015625
0 0.90703125 0.1046875 0.02109375 0.025
1 0.26484375 0.3890625 0.1984375 0.1296875
1 0.171875 0.42109375 0.1171875 0.0828125
1 0.2671875 0.465625 0.18359375 0.0875