0 0.0671875 0.2578125 0.09375 0.08046875
0 0.18828125 0.07578125 0.0921875 0.0796875
0 0.4171875 0.6828125 0.03515625 0.03125
0 0.396875 0.78671875 0.0359375 0.028125
0 0.6734375 0.73828125 0.06640625 0.0734375
0 0.20546875 0.63515625 0.03515625 0.0328125
0 0.825 0.209375 0.12265625 0.053125
0 0.8875 0.1265625 0.12109375 0.0515625
0 0.89921875 0.35390625 0.0203125 0.0109375
0 0.9328125 0.5359375 0.0265625 0.01875
0 0.64453125 0.6265625 0.02734375 0.03203125
0 0.8953125 0.515625 0.0453125 0.02890625
0 0.5640625 0.87421875 0.0296875 0.02734375
0 0.4609375 0.78125 0.01484375 0.02265625
0 0.5125 0.74296875 0.0296875 0.0390625
0 0.9609375 0.87734375 0.0734375 0.05625
0 0.03046875 0.77109375 0.0265625 0.0265625
0 0.49453125 0.715625 0.03359375 0.03828125
0 0.40625 0.615625 0.03359375 0.02890625
0 0.7984375 0.865625 0.01484375 0.015625
0 0.81015625 0.86796875 0.0109375 0.01015625
0 0.63125 0.80703125 0.0375 0.01875
0 0.6640625 0.74296875 0.01484375 0.021875
0 0.62421875 0.703125 0.03984375 0.0203125
0 0.765625 0.7328125 0.01484375 0.0125
0 0.77421875 0.73828125 0.01484375 0.01015625
0 0.83359375 0.68203125 0.0125 0.0140625
0 0.49140625 0.7546875 0.0203125 0.01484375
0 0.4734375 0.72578125 0.0203125 0.01796875
0 0.28046875 0.70390625 0.0296875 0.009375
0 0.08359375 0.8 0.0390625 0.01953125
0 0.10390625 0.87265625 0.0375 0.01796875
0 0.1671875 0.88671875 0.02109375 0.015625
0 0.18359375 0.87734375 0.02890625 0.034375
0 0.30703125 0.88671875 0.02109375 0.0109375
0 0.19609375 0.48984375 0.03984375 0.03125
0 0.10703125 0.440625 0.03515625 0.01015625
0 0.30078125 0.40859375 0.02734375 0.02265625
0 0.35703125 0.37265625 0.03359375 0.0125
0 0.1515625 0.34453125 0.0171875 0.01953125
0 0.1515625 0.32578125 0.01640625 0.01015625
0 0.1390625 0.19375 0.0203125 0.009375
0 0.146875 0.17734375 0.02109375 0.0109375
0 0.67578125 0.12109375 0.03515625 0.05
0 0.6546875 0.13515625 0.02265625 0.02265625
0 0.9703125 0.2578125 0.01640625 0.0109375
0 0.9015625 0.4109375 0.0765625 0.02734375
0 0.7328125 0.51015625 0.0421875 0.02421875
0 0.77421875 0.5078125 0.05625 0.02734375
1 0.79140625 0.5671875 0.1390625 0.10703125
0 0.2953125 0.57421875 0.0171875 0.00546875
0 0.2640625 0.5765625 0.01875 0.00546875
1 0.21640625 0.534375 0.0578125 0.09375
1 0.40625 0.5265625 0.36015625 0.10703125
1 0.603125 0.5171875 0.05390625 0.0953125
0 0.5171875 0.4609375 0.0203125 0.00546875
1 0.33671875 0.4265625 0.0546875 0.0921875
1 0.53125 0.4171875 0.3609375 0.109375
1 0.72421875 0.40859375 0.0578125 0.0953125
1 0.83125 0.29921875 0.05859375 0.096875
1 0.6390625 0.30625 0.3640625 0.10703125
1 0.4390625 0.3140625 0.0546875 0.09375