0 0.97109375 0.3421875 0.0578125 0.059375
0 0.7 0.65 0.11484375 0.046875
0 0.38203125 0.49765625 0.0890625 0.040625
0 0.8875 0.4421875 0.08125 0.0328125
0 0.390625 0.56328125 0.0921875 0.04296875
0 0.96640625 0.5203125 0.0515625 0.0234375
0 0.4203125 0.3375 0.10625 0.0359375
0 0.5515625 0.4703125 0.07265625 0.040625
0 0.0640625 0.321875 0.0828125 0.0453125
0 0.94375 0.5828125 0.04765625 0.02109375
0 0.0859375 0.28203125 0.1046875 0.0390625
0 0.74921875 0.48984375 0.06640625 0.03203125
0 0.88984375 0.59921875 0.0640625 0.0234375
0 0.5953125 0.525 0.0640625 0.04375
0 0.43203125 0.45703125 0.15625 0.02578125
0 0.1734375 0.56171875 0.04765625 0.02578125
0 0.2078125 0.44609375 0.0375 0.0203125
0 0.80703125 0.5640625 0.03515625 0.02734375
0 0.6984375 0.6140625 0.04140625 0.01953125
0 0.82421875 0.6296875 0.0390625 0.0203125
0 0.10625 0.71328125 0.03984375 0.0125
0 0.1578125 0.4359375 0.09375 0.02421875
0 0.18125 0.715625 0.10234375 0.0140625
0 0.28671875 0.58515625 0.01015625 0.0046875
0 0.3765625 0.72421875 0.02265625 0.00703125
0 0.50234375 0.61328125 0.11640625 0.05390625
0 0.5234375 0.62109375 0.1265625 0.05703125
0 0.85546875 0.55 0.0328125 0.021875