0 0.93359375 0.6984375 0.1328125 0.06640625
0 0.22421875 0.62109375 0.1078125 0.05625
0 0.48046875 0.44609375 0.0921875 0.04296875
0 0.703125 0.66328125 0.0765625 0.0390625
0 0.3421875 0.4640625 0.0984375 0.0453125
0 0.2828125 0.2609375 0.08125 0.0375
0 0.553125 0.71484375 0.05234375 0.02578125
0 0.8265625 0.43046875 0.08359375 0.05078125
0 0.02265625 0.24453125 0.0453125 0.04140625
0 0.5734375 0.5171875 0.0921875 0.0359375
0 0.78515625 0.2625 0.10390625 0.04765625
0 0.4171875 0.71796875 0.05 0.0234375
0 0.87578125 0.26796875 0.0921875 0.05078125
0 0.5734375 0.61015625 0.07265625 0.03203125
0 0.3703125 0.696875 0.05390625 0.03125
0 0.4671875 0.5484375 0.0984375 0.03203125
0 0.5765625 0.46015625 0.0671875 0.0734375
0 0.3015625 0.36484375 0.0578125 0.0234375
0 0.7515625 0.1296875 0.07265625 0.034375
0 0.5546875 0.35625 0.04609375 0.01875
0 0.42734375 0.6515625 0.0609375 0.01796875
0 0.3 0.61328125 0.0453125 0.0203125
0 0.29296875 0.6734375 0.04609375 0.01875
0 0.5640625 0.33203125 0.05859375 0.04453125
0 0.275 0.42109375 0.0109375 0.0046875
0 0.00390625 0.490625 0.0078125 0.01015625
0 0.2609375 0.52421875 0.1234375 0.05625
0 0.2484375 0.5359375 0.13125 0.06171875
0 0.46875 0.67109375 0.0484375 0.01640625