0 0.12578125 0.27578125 0.1234375 0.05859375
0 0.809375 0.39765625 0.09375 0.05
0 0.503125 0.5546875 0.08125 0.0390625
0 0.3484375 0.325 0.06640625 0.03515625
0 0.6453125 0.54609375 0.0875 0.03984375
0 0.6421875 0.75078125 0.07265625 0.0328125
0 0.51171875 0.28359375 0.04609375 0.02265625
0 0.1546875 0.5484375 0.0703125 0.046875
0 0.90859375 0.784375 0.06015625 0.03828125
0 0.43203125 0.478125 0.08359375 0.03046875
0 0.14609375 0.7171875 0.0921875 0.0421875
0 0.6484375 0.28984375 0.04375 0.02109375
0 0.0578125 0.70625 0.07890625 0.04609375
0 0.46015625 0.3859375 0.06484375 0.028125
0 0.68828125 0.31328125 0.04609375 0.028125
0 0.546875 0.4546875 0.09140625 0.0265625
0 0.41171875 0.534375 0.04609375 0.07109375
0 0.65625 0.64609375 0.05234375 0.0203125
0 0.1390625 0.85078125 0.0640625 0.0296875
0 0.403125 0.63828125 0.04140625 0.01640625
0 0.6171875 0.35390625 0.0578125 0.0140625
0 0.7328125 0.40078125 0.03984375 0.01796875
0 0.75703125 0.34140625 0.04140625 0.01640625
0 0.98828125 0.66640625 0.0234375 0.01796875
0 0.00234375 0.24921875 0.0046875 0.01328125
0 0.3859375 0.6625 0.04609375 0.0421875
0 0.98828125 0.63203125 0.0234375 0.046875
0 0.69921875 0.5921875 0.01015625 0.00390625
0 0.99296875 0.54140625 0.0140625 0.01015625
0 0.74453125 0.49140625 0.11015625 0.05
0 0.759375 0.48046875 0.11640625 0.0546875
0 0.5828125 0.3328125 0.0453125 0.0140625