0 0.58359375 0.70234375 0.1390625 0.1
0 0.20078125 0.459375 0.075 0.04609375
0 0.14375 0.546875 0.0953125 0.0765625
0 0.93359375 0.7671875 0.07265625 0.05546875
0 0.8140625 0.3546875 0.10390625 0.071875
0 0.97421875 0.64921875 0.0515625 0.06953125
0 0.58671875 0.6390625 0.075 0.06171875
0 0.5625 0.284375 0.0484375 0.0390625
0 0.3046875 0.66171875 0.09765625 0.11171875
0 0.009375 0.41875 0.01875 0.0390625
0 0.6046875 0.6078125 0.0296875 0.02265625
0 0.2796875 0.3140625 0.0421875 0.03125
0 0.9375 0.8109375 0.0515625 0.02890625
0 0.684375 0.84375 0.0625 0.0328125
0 0.778125 0.8328125 0.05859375 0.028125
1 0.22421875 0.26875 0.22265625 0.11796875
0 0.38359375 0.31875 0.05390625 0.040625
0 0.0078125 0.38359375 0.01484375 0.03359375
0 0.13984375 0.78984375 0.02109375 0.02734375
0 0.31953125 0.7234375 0.02734375 0.01796875
0 0.2765625 0.67265625 0.0203125 0.02890625
0 0.36875 0.71875 0.0734375 0.06875
0 0.38359375 0.73984375 0.01484375 0.00859375
0 0.4265625 0.7078125 0.06640625 0.05546875
0 0.3703125 0.628125 0.02265625 0.0234375
0 0.38203125 0.625 0.02265625 0.01875
0 0.659375 0.771875 0.13125 0.0796875
0 0.64296875 0.84375 0.04765625 0.040625
0 0.69765625 0.565625 0.0171875 0.015625
0 0.6515625 0.67734375 0.0125 0.0125
0 0.8390625 0.675 0.0125 0.01015625
0 0.89375 0.14375 0.06640625 0.090625
0 0.8546875 0.1625 0.0484375 0.0296875
0 0.86171875 0.19296875 0.0515625 0.0375
0 0.5734375 0.16015625 0.0375 0.0125
0 0.340625 0.31328125 0.02265625 0.01796875
0 0.278125 0.22421875 0.02109375 0.009375
1 0.3265625 0.296875 0.175 0.1796875
1 0.4765625 0.25546875 0.22109375 0.14375
1 0.4640625 0.2765625 0.2953125 0.20234375
1 0.6359375 0.27421875 0.2359375 0.26015625
1 0.83515625 0.17109375 0.12734375 0.12109375
1 0.7859375 0.240625 0.25390625 0.2546875