0 0.7828125 0.51015625 0.13359375 0.10390625
0 0.34609375 0.69765625 0.0609375 0.05625
0 0.4359375 0.7671875 0.10234375 0.07109375
0 0.97265625 0.28515625 0.0546875 0.0546875
0 0.42578125 0.22890625 0.09609375 0.078125
0 0.8515625 0.2125 0.0921875 0.046875
0 0.7046875 0.48671875 0.0828125 0.05625
0 0.2515625 0.38203125 0.05234375 0.03671875
0 0.6359375 0.69296875 0.1484375 0.0734375
0 0.228125 0.825 0.05234375 0.02890625
0 0.67109375 0.46328125 0.0296875 0.02265625
0 0.1921875 0.59140625 0.04140625 0.03203125
0 0.98515625 0.4875 0.0296875 0.046875
1 0.115625 0.615625 0.1578125 0.1671875
0 0.23359375 0.5203125 0.05390625 0.040625
0 0.18125 0.81640625 0.0453125 0.03125
0 0.73984375 0.853125 0.0359375 0.015625
0 0.71796875 0.703125 0.0234375 0.0203125
0 0.63984375 0.7171875 0.0390625 0.01484375
0 0.72890625 0.6671875 0.09140625 0.05546875
0 0.7609375 0.6640625 0.0109375 0.0109375
0 0.73515625 0.62265625 0.0734375 0.05
0 0.6171875 0.63515625 0.03125 0.0171875
0 0.615625 0.62578125 0.025 0.0171875
0 0.8953125 0.48046875 0.10625 0.0984375
0 0.97578125 0.51640625 0.0484375 0.0359375
0 0.65 0.38359375 0.02109375 0.01328125
0 0.77421875 0.45390625 0.01640625 0.009375
0 0.8359375 0.3203125 0.0140625 0.009375
0 0.18828125 0.10078125 0.12109375 0.05
0 0.19765625 0.134375 0.03984375 0.03671875
0 0.23828125 0.13984375 0.05 0.03828125
0 0.0984375 0.33203125 0.01640625 0.028125
0 0.2109375 0.5484375 0.0234375 0.0171875
0 0.078125 0.56171875 0.0125 0.015625
1 0.1859375 0.553125 0.23984375 0.13125
1 0.1859375 0.43359375 0.19140625 0.165625
1 0.2078125 0.44921875 0.2703125 0.22109375
1 0.2640625 0.32734375 0.34765625 0.17734375
1 0.20234375 0.1515625 0.1609375 0.0953125
1 0.27265625 0.21015625 0.33984375 0.190625