0 0.21953125 0.5265625 0.11484375 0.08984375
0 0.60546875 0.2859375 0.05 0.05078125
0 0.50078125 0.22890625 0.08984375 0.06015625
0 0.0734375 0.7734375 0.0640625 0.046875
0 0.6359375 0.75703125 0.08125 0.06875
0 0.2203125 0.82890625 0.08515625 0.03671875
0 0.3015625 0.53984375 0.07265625 0.04765625
0 0.77265625 0.58359375 0.04609375 0.03125
0 0.321875 0.32734375 0.1375 0.05625
0 0.6921875 0.14453125 0.04765625 0.0234375
0 0.33984375 0.55859375 0.0265625 0.01953125
0 0.7828125 0.36953125 0.03515625 0.028125
0 0.015625 0.76875 0.03125 0.034375
0 0.0171875 0.5765625 0.03359375 0.04296875
0 0.0140625 0.646875 0.028125 0.040625
1 0.8515625 0.33671875 0.1234375 0.153125
0 0.7578125 0.4453125 0.04609375 0.034375
0 0.740625 0.146875 0.03984375 0.0265625
0 0.18203125 0.18359375 0.03359375 0.0109375
0 0.23828125 0.328125 0.0203125 0.01953125
0 0.31171875 0.3046875 0.0375 0.01015625
0 0.2359375 0.36484375 0.0828125 0.0453125
0 0.2046875 0.37265625 0.00859375 0.01015625
0 0.23984375 0.41015625 0.06484375 0.0421875
0 0.35390625 0.38203125 0.02890625 0.01328125
0 0.35703125 0.39140625 0.02265625 0.0140625
0 0.11484375 0.5703125 0.0875 0.08828125
0 0.0234375 0.54609375 0.046875 0.0296875
0 0.3796875 0.634375 0.01875 0.0109375
0 0.240625 0.58125 0.01484375 0.0078125
0 0.2109375 0.7203125 0.0125 0.0078125
0 0.89921875 0.85234375 0.11484375 0.0359375
0 0.8828125 0.8203125 0.0328125 0.0328125
0 0.84140625 0.8203125 0.0421875 0.03359375
0 0.934375 0.61328125 0.01015625 0.02734375
0 0.7734375 0.41484375 0.02109375 0.0140625
0 0.9015625 0.384375 0.00859375 0.01484375
1 0.796875 0.40703125 0.21875 0.10390625
1 0.825 0.525 0.16015625 0.146875
1 0.8 0.5125 0.22890625 0.19375
1 0.77265625 0.6390625 0.3203125 0.1375
1 0.8734375 0.8046875 0.1453125 0.078125
1 0.79140625 0.75546875 0.31015625 0.1515625