0 0.42890625 0.29765625 0.0796875 0.06640625
1 0.63046875 0.6515625 0.1765625 0.14921875
0 0.6734375 0.75703125 0.0828125 0.059375
1 0.51640625 0.60078125 0.18125 0.15625
1 0.66328125 0.47734375 0.12734375 0.11171875
0 0.9546875 0.72421875 0.04765625 0.03828125
0 0.35078125 0.7375 0.06015625 0.04296875
0 0.228125 0.671875 0.06484375 0.04765625
0 0.8484375 0.69609375 0.05 0.0421875
0 0.97578125 0.63828125 0.0484375 0.0390625
1 0.34375 0.59921875 0.09765625 0.07890625
0 0.3375 0.46171875 0.04375 0.028125
0 0.45234375 0.78828125 0.0375 0.0265625
0 0.48046875 0.49765625 0.06015625 0.04296875
0 0.49765625 0.23984375 0.0375 0.03828125
0 0.52734375 0.71953125 0.04765625 0.04140625
0 0.52734375 0.384375 0.0859375 0.04765625
0 0.52734375 0.48515625 0.06015625 0.04765625
0 0.659375 0.184375 0.04609375 0.03671875
0 0.24453125 0.1421875 0.05234375 0.028125
0 0.73125 0.846875 0.05625 0.0515625
0 0.5828125 0.1578125 0.0484375 0.040625
0 0.6328125 0.16640625 0.04140625 0.03125
1 0.38828125 0.48984375 0.1453125 0.115625
0 0.22265625 0.30859375 0.02265625 0.02265625
0 0.18828125 0.35625 0.04140625 0.01328125
0 0.5109375 0.77578125 0.02890625 0.02421875
0 0.54375 0.7828125 0.0265625 0.02734375
0 0.54765625 0.73515625 0.02265625 0.0234375
0 0.55859375 0.709375 0.03125 0.02421875
0 0.4234375 0.73359375 0.03125 0.0296875
0 0.67890625 0.66328125 0.0140625 0.01015625
0 0.4734375 0.44765625 0.03359375 0.01953125
0 0.35 0.2421875 0.0265625 0.02421875
0 0.3015625 0.1890625 0.0203125 0.015625
0 0.56171875 0.3515625 0.02109375 0.03828125
0 0.52734375 0.35859375 0.0171875 0.01015625
0 0.7578125 0.64609375 0.0203125 0.021875
0 0.82578125 0.78984375 0.01640625 0.0140625
0 0.73203125 0.6484375 0.03515625 0.025
0 0.89140625 0.79453125 0.0125 0.009375
0 0.89140625 0.7234375 0.0109375 0.0109375
0 0.79453125 0.7421875 0.0140625 0.01328125
0 0.7953125 0.5359375 0.02265625 0.0203125
0 0.7765625 0.528125 0.01875 0.01875
0 0.75546875 0.375 0.03515625 0.03203125
0 0.73359375 0.3828125 0.0140625 0.0125
0 0.7953125 0.271875 0.0296875 0.02265625
0 0.8578125 0.13984375 0.02734375 0.0203125
0 0.8578125 0.22578125 0.01875 0.0171875
0 0.98359375 0.21875 0.0203125 0.0171875
0 0.896875 0.27578125 0.0203125 0.0140625
0 0.8890625 0.34140625 0.01640625 0.009375
0 0.8953125 0.33046875 0.0125 0.0140625
0 0.91484375 0.28046875 0.01640625 0.009375
0 0.7390625 0.32421875 0.02109375 0.0171875
1 0.2453125 0.41015625 0.1484375 0.1015625
0 0.2609375 0.3703125 0.0578125 0.0125
0 0.25703125 0.17578125 0.00859375 0.01015625
0 0.25078125 0.17421875 0.0109375 0.0109375
1 0.43046875 0.17734375 0.17734375 0.10390625
0 0.6171875 0.1796875 0.04375 0.03828125
0 0.6328125 0.23515625 0.01484375 0.0125
0 0.546875 0.35859375 0.02109375 0.0390625
1 0.503125 0.40234375 0.0875 0.0765625
0 0.434375 0.51015625 0.0171875 0.03359375
0 0.3890625 0.4890625 0.0328125 0.01015625
0 0.36640625 0.60625 0.0109375 0.01328125
0 0.36484375 0.62109375 0.025 0.0328125
0 0.3453125 0.5828125 0.0609375 0.0265625
0 0.2203125 0.6609375 0.0171875 0.0125
0 0.7265625 0.66328125 0.0296875 0.0171875
1 0.6359375 0.6296875 0.1046875 0.0546875
1 0.5140625 0.59140625 0.04140625 0.03359375
0 0.70625 0.48203125 0.0140625 0.00625
0 0.71640625 0.3265625 0.0203125 0.015625
0 0.6796875 0.3828125 0.1359375 0.103125