0 0.77109375 0.45 0.0875 0.059375
1 0.2953125 0.5953125 0.19609375 0.1296875
0 0.15390625 0.625 0.07734375 0.0609375
1 0.365625 0.51015625 0.20625 0.1328125
1 0.52734375 0.62265625 0.14609375 0.09375
0 0.1921875 0.8375 0.05 0.034375
0 0.1859375 0.38359375 0.05625 0.04375
0 0.27578125 0.29296875 0.0625 0.04765625
0 0.2328125 0.7578125 0.0546875 0.03671875
0 0.30625 0.85625 0.05 0.0375
1 0.3703125 0.38125 0.10390625 0.071875
0 0.5546875 0.37890625 0.0359375 0.03203125
0 0.115625 0.459375 0.03359375 0.028125
0 0.50390625 0.48515625 0.05625 0.04375
0 0.84765625 0.503125 0.05 0.02734375
0 0.20703125 0.5171875 0.05390625 0.034375
0 0.653125 0.52265625 0.0625 0.0640625
0 0.51953125 0.52109375 0.0625 0.04375
0 0.9171875 0.625 0.04765625 0.03359375
0 0.98203125 0.3140625 0.0359375 0.0390625
0 0.03359375 0.6671875 0.0671875 0.04140625
0 0.9546875 0.56796875 0.05234375 0.0359375
0 0.9421875 0.60546875 0.03984375 0.0296875
1 0.51484375 0.41640625 0.1515625 0.10703125
0 0.76015625 0.2953125 0.0296875 0.0171875
0 0.69765625 0.26875 0.01640625 0.03125
0 0.13203125 0.50390625 0.0328125 0.021875
0 0.121875 0.52734375 0.0359375 0.01875
0 0.1859375 0.53125 0.03125 0.0171875
0 0.2203125 0.540625 0.0328125 0.0234375
0 0.18984375 0.43828125 0.03984375 0.02265625
0 0.2796875 0.63125 0.0140625 0.01015625
0 0.5703125 0.48125 0.0265625 0.025
0 0.84609375 0.3921875 0.0328125 0.01953125
0 0.91796875 0.35625 0.02109375 0.01484375
0 0.696875 0.54921875 0.0515625 0.01484375
0 0.68828125 0.52265625 0.0140625 0.01328125
0 0.30078125 0.690625 0.02890625 0.01484375
0 0.08359375 0.8921875 0.01484375 0.009375
0 0.1078125 0.7390625 0.01875 0.0125
0 0.2984375 0.67109375 0.03359375 0.0265625
0 0.1 0.78828125 0.0125 0.009375
0 0.1953125 0.78984375 0.01484375 0.00859375
0 0.17265625 0.71640625 0.0171875 0.01015625
0 0.44765625 0.72109375 0.02734375 0.0171875
0 0.4578125 0.70703125 0.025 0.0140625
0 0.38125 0.91875 0.01640625 0.0125
0 0.6625 0.69375 0.0421875 0.025
0 0.6515625 0.67734375 0.01640625 0.01015625
0 0.7984375 0.72578125 0.0296875 0.02265625
0 0.9734375 0.77421875 0.02734375 0.0203125
0 0.86015625 0.77265625 0.02265625 0.0140625
0 0.86640625 0.86875 0.02265625 0.0171875
0 0.7921875 0.8015625 0.01875 0.01484375
0 0.7046875 0.79453125 0.0125 0.0125
0 0.71953125 0.79921875 0.01875 0.009375
0 0.78515625 0.81484375 0.0125 0.0125
0 0.7296875 0.68203125 0.02265625 0.015625
0 0.7296875 0.928125 0.0171875 0.01328125
1 0.62421875 0.3109375 0.1328125 0.109375
0 0.6765625 0.3234375 0.01484375 0.04296875
0 0.93671875 0.3234375 0.0140625 0.00625
0 0.9390625 0.31875 0.01484375 0.00859375
1 0.93203125 0.45390625 0.1359375 0.13125
0 0.925 0.59375 0.05 0.03203125
0 0.85078125 0.60390625 0.01640625 0.0109375
0 0.6875 0.5375 0.05234375 0.01484375
1 0.6296875 0.50390625 0.1015625 0.06484375
0 0.48828125 0.45078125 0.0453125 0.0125
0 0.5171875 0.41640625 0.0140625 0.02421875
0 0.3609375 0.39765625 0.0171875 0.00859375
0 0.34140625 0.396875 0.04375 0.01796875
0 0.3921875 0.3828125 0.03359375 0.04609375
0 0.290625 0.2875 0.01640625 0.01328125
0 0.278125 0.6671875 0.02265625 0.02265625
1 0.325 0.6 0.07109375 0.078125
1 0.378125 0.509375 0.04375 0.0296875
0 0.5203125 0.65546875 0.00859375 0.01015625
0 0.72734375 0.66484375 0.02109375 0.01484375
0 0.653125 0.63671875 0.13515625 0.1
0 0.74453125 0.9125 0.0125 0.0140625
0 0.7296875 0.91171875 0.01640625 0.01328125