0 0.453125 0.29375 0.08515625 0.06953125
1 0.6125 0.659375 0.1859375 0.15546875
0 0.6421875 0.7671875 0.0859375 0.06171875
1 0.5046875 0.6015625 0.19140625 0.1640625
1 0.66484375 0.4875 0.13515625 0.11640625
0 0.92734375 0.753125 0.05 0.0390625
0 0.3234375 0.7265625 0.0625 0.0453125
0 0.209375 0.653125 0.0671875 0.05
0 0.82421875 0.71796875 0.05234375 0.04375
0 0.9609375 0.66953125 0.05390625 0.040625
1 0.3328125 0.5890625 0.10390625 0.0828125
0 0.3421875 0.45078125 0.0453125 0.02890625
0 0.41875 0.784375 0.03984375 0.02734375
0 0.48046875 0.49609375 0.0625 0.0453125
0 0.528125 0.240625 0.03984375 0.0390625
0 0.5015625 0.7203125 0.05 0.0421875
0 0.540625 0.38671875 0.0890625 0.0515625
0 0.5296875 0.48671875 0.0625 0.05
0 0.6953125 0.19609375 0.0484375 0.0375
0 0.28671875 0.1265625 0.0546875 0.0296875
0 0.68984375 0.86015625 0.06015625 0.053125
0 0.621875 0.16484375 0.0515625 0.0421875
0 0.67109375 0.1765625 0.0421875 0.03203125
1 0.3890625 0.4828125 0.15234375 0.12109375
0 0.2453125 0.29140625 0.025 0.0234375
0 0.20546875 0.3359375 0.0421875 0.0140625
0 0.4796875 0.77578125 0.03125 0.0265625
0 0.5109375 0.78515625 0.02734375 0.028125
0 0.5203125 0.7375 0.025 0.02421875
0 0.534375 0.7125 0.03359375 0.0265625
0 0.396875 0.728125 0.0328125 0.03203125
0 0.659375 0.67421875 0.01484375 0.0109375
0 0.4796875 0.4453125 0.03515625 0.021875
0 0.38046875 0.23359375 0.02890625 0.025
0 0.33828125 0.17734375 0.02109375 0.0171875
0 0.5796875 0.35625 0.0234375 0.0390625
0 0.54375 0.3609375 0.01875 0.0109375
0 0.73984375 0.6625 0.02265625 0.02265625
0 0.790625 0.809375 0.0171875 0.01484375
0 0.7140625 0.66328125 0.0375 0.02734375
0 0.85546875 0.81875 0.0140625 0.01015625
0 0.8640625 0.7484375 0.0125 0.0125
0 0.76484375 0.76015625 0.01484375 0.0140625
0 0.78984375 0.5546875 0.0234375 0.021875
0 0.77265625 0.54609375 0.0203125 0.01953125
0 0.76953125 0.3921875 0.0359375 0.03359375
0 0.74609375 0.3984375 0.01484375 0.01328125
0 0.8203125 0.2921875 0.0328125 0.02421875
0 0.89765625 0.16484375 0.02890625 0.021875
0 0.88828125 0.25 0.0203125 0.01796875
0 0.92109375 0.30234375 0.02109375 0.01484375
0 0.90546875 0.3671875 0.0171875 0.01015625
0 0.9140625 0.35625 0.0140625 0.01484375
0 0.9390625 0.30859375 0.0171875 0.01015625
0 0.7578125 0.340625 0.02265625 0.01796875
1 0.25703125 0.39375 0.1546875 0.10703125
0 0.27734375 0.35546875 0.05859375 0.0140625
0 0.2953125 0.1609375 0.01015625 0.01015625
0 0.2890625 0.15859375 0.0125 0.0125
1 0.46796875 0.17421875 0.18359375 0.11171875
0 0.6546875 0.1890625 0.04609375 0.0390625
0 0.66328125 0.2453125 0.01640625 0.01328125
0 0.56328125 0.3625 0.0234375 0.040625
1 0.5140625 0.403125 0.0921875 0.08046875
0 0.43359375 0.50546875 0.01875 0.034375
0 0.38984375 0.48203125 0.03359375 0.0125
0 0.3546875 0.596875 0.0125 0.0140625
0 0.3515625 0.61171875 0.0265625 0.03359375
0 0.33671875 0.571875 0.0640625 0.028125
0 0.203125 0.6421875 0.01875 0.01328125
0 0.70703125 0.67734375 0.03125 0.01875
1 0.6203125 0.6375 0.10859375 0.059375
1 0.50390625 0.5921875 0.0421875 0.034375
0 0.7078125 0.49609375 0.0140625 0.0078125
0 0.7359375 0.34140625 0.02109375 0.0171875
0 0.6921875 0.3953125 0.1421875 0.1078125