1 0.3234375 0.51640625 0.10859375 0.078125
0 0.8125 0.71015625 0.08515625 0.059375
0 0.8984375 0.40078125 0.0296875 0.02734375
0 0.8578125 0.50859375 0.03125 0.02265625
0 0.76953125 0.53671875 0.02734375 0.02265625
0 0.6890625 0.69140625 0.03125 0.02421875
1 0.5046875 0.61875 0.1125 0.0875
1 0.159375 0.43515625 0.0734375 0.0390625
0 0.8234375 0.56953125 0.02890625 0.02265625
0 0.7953125 0.6125 0.03125 0.021875
0 0.70859375 0.6140625 0.03125 0.04140625
0 0.5546875 0.18359375 0.12890625 0.05
1 0.53984375 0.31328125 0.24765625 0.13125
1 0.8421875 0.33984375 0.1359375 0.09765625
0 0.12265625 0.7234375 0.03984375 0.01953125
0 0.753125 0.8484375 0.03359375 0.0234375
1 0.2640625 0.26171875 0.24609375 0.1125
0 0.3390625 0.365625 0.0546875 0.03671875
0 0.0328125 0.746875 0.01484375 0.025
0 0.67578125 0.5515625 0.02890625 0.025
0 0.50546875 0.7125 0.03515625 0.0421875
0 0.0578125 0.7953125 0.0546875 0.03203125
0 0.4578125 0.77109375 0.04140625 0.0453125
0 0.8015625 0.81796875 0.0390625 0.01953125
0 0.4921875 0.1453125 0.0265625 0.01875
0 0.1703125 0.74453125 0.03984375 0.01953125
1 0.84453125 0.63125 0.1125 0.075
1 0.55234375 0.81796875 0.0546875 0.03203125
1 0.57421875 0.85625 0.0859375 0.0359375
1 0.375 0.80859375 0.1234375 0.090625
1 0.290625 0.8671875 0.1921875 0.0578125
1 0.1390625 0.87890625 0.19609375 0.053125
1 0.603125 0.43671875 0.3203125 0.23125
1 0.8421875 0.28515625 0.1203125 0.0453125
1 0.8296875 0.2203125 0.28359375 0.08515625
1 0.75625 0.184375 0.1578125 0.0640625
1 0.8375 0.1640625 0.14765625 0.05625
1 0.5765625 0.2453125 0.09765625 0.03828125
1 0.4265625 0.38125 0.0671875 0.040625
1 0.3171875 0.4 0.04140625 0.0328125
1 0.30703125 0.38203125 0.0703125 0.03359375
0 0.128125 0.6640625 0.0328125 0.0203125
0 0.23125 0.70390625 0.0375 0.02890625
0 0.26640625 0.70234375 0.04140625 0.02890625
0 0.3140625 0.67578125 0.025 0.01484375
0 0.2765625 0.7453125 0.0421875 0.03203125
0 0.3078125 0.75 0.0484375 0.021875
0 0.39296875 0.721875 0.05 0.03359375
0 0.51171875 0.671875 0.0453125 0.028125
0 0.53046875 0.625 0.02734375 0.0078125
0 0.5671875 0.72109375 0.02890625 0.02265625
0 0.584375 0.66328125 0.0421875 0.0515625
0 0.5734375 0.625 0.01640625 0.01953125
0 0.71953125 0.76953125 0.01640625 0.00859375
0 0.628125 0.85625 0.02890625 0.02421875
0 0.5046875 0.85390625 0.0203125 0.021875
0 0.5015625 0.8703125 0.02265625 0.0125
0 0.41171875 0.8703125 0.025 0.015625
0 0.3828125 0.80546875 0.03515625 0.02421875
0 0.28046875 0.8671875 0.0234375 0.015625
0 0.3734375 0.85 0.0109375 0.009375
0 0.8328125 0.6609375 0.025 0.01015625
0 0.86796875 0.64921875 0.0125 0.009375
0 0.92109375 0.12578125 0.03515625 0.0171875
0 0.66953125 0.134375 0.0171875 0.00859375
0 0.63984375 0.13203125 0.0203125 0.01328125
0 0.5765625 0.1421875 0.02109375 0.0125
0 0.61171875 0.11953125 0.02734375 0.00859375
0 0.63984375 0.1671875 0.0328125 0.015625
0 0.49375 0.171875 0.0390625 0.0265625
0 0.51953125 0.171875 0.01875 0.009375
0 0.4328125 0.16953125 0.01640625 0.00625
0 0.42421875 0.3375 0.0125 0.00625
0 0.3203125 0.23125 0.02734375 0.0140625
0 0.28671875 0.22421875 0.03359375 0.0203125
0 0.18046875 0.2453125 0.03125 0.01796875
0 0.13984375 0.2640625 0.025 0.01953125
0 0.1328125 0.25546875 0.01640625 0.0078125
1 0.6703125 0.403125 0.0296875 0.02890625