1 0.49375 0.36640625 0.0953125 0.07578125
0 0.19296875 0.71484375 0.07265625 0.059375
0 0.59765625 0.80625 0.03359375 0.0203125
0 0.4578125 0.76640625 0.02734375 0.021875
0 0.42734375 0.69765625 0.02734375 0.01875
0 0.22890625 0.625 0.0296875 0.021875
0 0.04921875 0.91875 0.05234375 0.0375
1 0.3421875 0.49375 0.1078125 0.078125
1 0.615625 0.25078125 0.04609375 0.05234375
0 0.37890625 0.7359375 0.02734375 0.01953125
0 0.325 0.71015625 0.0265625 0.021875
0 0.3296875 0.64609375 0.05234375 0.01953125
0 0.0265625 0.96953125 0.05234375 0.0515625
0 0.91640625 0.56875 0.05625 0.09296875
1 0.7453125 0.54609375 0.1546875 0.1765625
1 0.790625 0.89140625 0.0375 0.0421875
1 0.6828125 0.76953125 0.1203125 0.09453125
0 0.2359375 0.1984375 0.02265625 0.02890625
0 0.015625 0.65859375 0.02890625 0.0234375
1 0.83671875 0.34453125 0.1296875 0.17734375
0 0.6921875 0.39140625 0.0453125 0.03828125
0 0.2125 0.1203125 0.0328125 0.02890625
0 0.41640625 0.6265625 0.03125 0.01953125
0 0.2171875 0.48515625 0.05390625 0.02265625
0 0.14609375 0.14375 0.0390625 0.040625
0 0.14296875 0.4453125 0.0578125 0.02734375
0 0.0515625 0.69765625 0.0234375 0.02734375
0 0.971875 0.525 0.02265625 0.01875
0 0.20390625 0.2328125 0.02265625 0.02890625
1 0.2953125 0.7453125 0.09140625 0.07890625
1 0.07265625 0.5109375 0.0390625 0.03828125
1 0.0203125 0.52421875 0.03984375 0.06171875
1 0.10078125 0.3796875 0.1109375 0.0859375
1 0.03046875 0.31171875 0.0609375 0.140625
1 0.02734375 0.18515625 0.0546875 0.16953125
1 0.575 0.5828125 0.28359375 0.221875
1 0.75625 0.77421875 0.05 0.0875
1 0.7546875 0.921875 0.0578125 0.0921875
1 0.8421875 0.77109375 0.08984375 0.209375
1 0.896875 0.71875 0.07265625 0.11328125
1 0.9171875 0.78125 0.0625 0.10703125
1 0.83203125 0.5796875 0.04375 0.0703125
1 0.6640625 0.45546875 0.0484375 0.04765625
1 0.64921875 0.371875 0.04140625 0.028125
1 0.6734375 0.365625 0.0390625 0.05
1 0.5015625 0.028125 0.0671875 0.05625
0 0.053125 0.10234375 0.0296875 0.021875
0 0.2796875 0.0875 0.0359375 0.01953125
0 0.3140625 0.2078125 0.025 0.02265625
0 0.25234375 0.28125 0.0359375 0.0265625
0 0.2515625 0.3078125 0.03515625 0.02890625
0 0.2828125 0.34609375 0.0171875 0.01796875
0 0.19296875 0.31171875 0.0390625 0.02890625
0 0.18515625 0.334375 0.025 0.034375
0 0.21484375 0.40078125 0.04140625 0.034375
0 0.27109375 0.49375 0.03359375 0.03203125
0 0.33203125 0.5125 0.0078125 0.0203125
0 0.20078125 0.53046875 0.02734375 0.01953125
0 0.27578125 0.5484375 0.06640625 0.02734375
0 0.328125 0.54375 0.025 0.01015625
0 0.1234375 0.640625 0.01015625 0.0109375
0 0.01484375 0.56484375 0.0296875 0.01953125
0 0.0296875 0.47265625 0.02734375 0.01328125
0 0.0078125 0.46875 0.01484375 0.015625
0 0.015625 0.40234375 0.01875 0.01796875
0 0.1046875 0.3859375 0.0296875 0.02421875
0 0.03125 0.30390625 0.01875 0.0171875
0 0.04609375 0.375 0.0109375 0.0078125
0 0.25703125 0.73515625 0.0109375 0.01796875
0 0.2703125 0.76171875 0.0109375 0.00859375
0 0.9609375 0.846875 0.0203125 0.025
0 0.9703125 0.65859375 0.01015625 0.0125
0 0.9765625 0.63671875 0.01640625 0.0140625
0 0.96875 0.58828125 0.01484375 0.01484375
0 0.9953125 0.61640625 0.00859375 0.01953125
0 0.9296875 0.63359375 0.01875 0.0234375
0 0.93671875 0.52421875 0.0328125 0.02734375
0 0.93515625 0.54296875 0.0109375 0.01328125
0 0.9453125 0.47890625 0.0078125 0.0125
0 0.72265625 0.4578125 0.0078125 0.009375
0 0.87265625 0.3890625 0.01640625 0.01953125
0 0.88515625 0.36484375 0.025 0.0234375
0 0.865625 0.28359375 0.02109375 0.02265625
0 0.84453125 0.2515625 0.025 0.0171875
0 0.85703125 0.24765625 0.00859375 0.0109375
0 0.584375 0.1171875 0.0234375 0.021875
1 0.61328125 0.6359375 0.0359375 0.0203125