1 0.50625 0.63359375 0.0953125 0.07578125
0 0.80703125 0.28515625 0.07265625 0.059375
0 0.40234375 0.19375 0.03359375 0.0203125
0 0.5421875 0.23359375 0.02734375 0.021875
0 0.57265625 0.30234375 0.02734375 0.01875
0 0.77109375 0.375 0.0296875 0.021875
0 0.95078125 0.08125 0.05234375 0.0375
1 0.6578125 0.50625 0.1078125 0.078125
1 0.384375 0.74921875 0.04609375 0.05234375
0 0.62109375 0.2640625 0.02734375 0.01953125
0 0.675 0.28984375 0.0265625 0.021875
0 0.6703125 0.35390625 0.05234375 0.01953125
0 0.9734375 0.03046875 0.05234375 0.0515625
0 0.08359375 0.43125 0.05625 0.09296875
1 0.2546875 0.45390625 0.1546875 0.1765625
1 0.209375 0.10859375 0.0375 0.0421875
1 0.3171875 0.23046875 0.1203125 0.09453125
0 0.7640625 0.8015625 0.02265625 0.02890625
0 0.984375 0.34140625 0.02890625 0.0234375
1 0.16328125 0.65546875 0.1296875 0.17734375
0 0.3078125 0.60859375 0.0453125 0.03828125
0 0.7875 0.8796875 0.0328125 0.02890625
0 0.58359375 0.3734375 0.03125 0.01953125
0 0.7828125 0.51484375 0.05390625 0.02265625
0 0.85390625 0.85625 0.0390625 0.040625
0 0.85703125 0.5546875 0.0578125 0.02734375
0 0.9484375 0.30234375 0.0234375 0.02734375
0 0.028125 0.475 0.02265625 0.01875
0 0.79609375 0.7671875 0.02265625 0.02890625
1 0.7046875 0.2546875 0.09140625 0.07890625
1 0.92734375 0.4890625 0.0390625 0.03828125
1 0.9796875 0.47578125 0.03984375 0.06171875
1 0.89921875 0.6203125 0.1109375 0.0859375
1 0.96953125 0.68828125 0.0609375 0.140625
1 0.97265625 0.81484375 0.0546875 0.16953125
1 0.425 0.4171875 0.28359375 0.221875
1 0.24453125 0.22578125 0.05 0.0875
1 0.2453125 0.078125 0.0578125 0.0921875
1 0.1578125 0.22890625 0.08984375 0.209375
1 0.103125 0.28125 0.07265625 0.11328125
1 0.0828125 0.21875 0.0625 0.10703125
1 0.16796875 0.42109375 0.04375 0.0703125
1 0.3359375 0.54453125 0.0484375 0.04765625
1 0.35078125 0.628125 0.04140625 0.028125
1 0.3265625 0.634375 0.0390625 0.05
1 0.4984375 0.971875 0.0671875 0.05625
0 0.946875 0.89765625 0.0296875 0.021875
0 0.7203125 0.9125 0.0359375 0.01953125
0 0.6859375 0.7921875 0.025 0.02265625
0 0.74765625 0.71875 0.0359375 0.0265625
0 0.7484375 0.6921875 0.03515625 0.02890625
0 0.7171875 0.65390625 0.0171875 0.01796875
0 0.80703125 0.68828125 0.0390625 0.02890625
0 0.81484375 0.665625 0.025 0.034375
0 0.78515625 0.59921875 0.04140625 0.034375
0 0.72890625 0.50625 0.03359375 0.03203125
0 0.66796875 0.4875 0.0078125 0.0203125
0 0.79921875 0.46953125 0.02734375 0.01953125
0 0.72421875 0.4515625 0.06640625 0.02734375
0 0.671875 0.45625 0.025 0.01015625
0 0.8765625 0.359375 0.01015625 0.0109375
0 0.98515625 0.43515625 0.0296875 0.01953125
0 0.97109375 0.52734375 0.02734375 0.01328125
0 0.9921875 0.53125 0.01484375 0.015625
0 0.984375 0.59765625 0.01875 0.01796875
0 0.8953125 0.6140625 0.0296875 0.02421875
0 0.96875 0.69609375 0.01875 0.0171875
0 0.95390625 0.625 0.0109375 0.0078125
0 0.74296875 0.26484375 0.0109375 0.01796875
0 0.7296875 0.23828125 0.0109375 0.00859375
0 0.0390625 0.153125 0.0203125 0.025
0 0.0296875 0.34140625 0.01015625 0.0125
0 0.0234375 0.36328125 0.01640625 0.0140625
0 0.03125 0.41171875 0.01484375 0.01484375
0 0.0046875 0.38359375 0.00859375 0.01953125
0 0.0703125 0.36640625 0.01875 0.0234375
0 0.06328125 0.47578125 0.0328125 0.02734375
0 0.06484375 0.45703125 0.0109375 0.01328125
0 0.0546875 0.52109375 0.0078125 0.0125
0 0.27734375 0.5421875 0.0078125 0.009375
0 0.12734375 0.6109375 0.01640625 0.01953125
0 0.11484375 0.63515625 0.025 0.0234375
0 0.134375 0.71640625 0.02109375 0.02265625
0 0.15546875 0.7484375 0.025 0.0171875
0 0.14296875 0.75234375 0.00859375 0.0109375
0 0.415625 0.8828125 0.0234375 0.021875
1 0.38671875 0.3640625 0.0359375 0.0203125