0 0.3390625 0.8484375 0.13359375 0.07890625
0 0.29453125 0.43515625 0.025 0.0203125
0 0.36640625 0.384375 0.03125 0.0203125
0 0.621875 0.7640625 0.0578125 0.04375
0 0.45078125 0.8109375 0.1375 0.0984375
0 0.6046875 0.7921875 0.0359375 0.0203125
0 0.2234375 0.40703125 0.02890625 0.01953125
0 0.546875 0.81328125 0.0578125 0.03125
0 0.66328125 0.69453125 0.0109375 0.01015625
0 0.78515625 0.73515625 0.0296875 0.01796875
0 0.80703125 0.83671875 0.025 0.01796875
0 0.74609375 0.8578125 0.02109375 0.0109375
0 0.690625 0.52890625 0.01484375 0.01484375
0 0.51484375 0.26640625 0.0296875 0.0203125
0 0.10078125 0.2984375 0.0359375 0.0109375
0 0.02421875 0.5375 0.03984375 0.02421875
1 0.05078125 0.7359375 0.02734375 0.03671875
1 0.1984375 0.7671875 0.1609375 0.1078125
1 0.2171875 0.5578125 0.0765625 0.040625
1 0.521875 0.690625 0.1703125 0.11328125
1 0.45546875 0.571875 0.0671875 0.05625
1 0.521875 0.4765625 0.0453125 0.03359375
1 0.5328125 0.4609375 0.30390625 0.221875
1 0.59921875 0.37265625 0.17265625 0.13203125
1 0.69609375 0.3234375 0.18125 0.1265625
1 0.8109375 0.46484375 0.13359375 0.10859375
0 0.846875 0.2578125 0.01640625 0.0140625
0 0.896875 0.25546875 0.03984375 0.025
1 0.434375 0.24609375 0.14140625 0.075