0 0.0421875 0.39765625 0.08359375 0.10390625
0 0.5765625 0.34296875 0.02890625 0.01953125
0 0.64609375 0.39375 0.02890625 0.02421875
0 0.1546875 0.6046875 0.0609375 0.0453125
0 0.0828125 0.4796875 0.1375 0.10703125
0 0.1171875 0.59375 0.02890625 0.028125
0 0.609375 0.2875 0.02890625 0.02265625
0 0.08515625 0.5515625 0.04375 0.04375
0 0.24921875 0.63203125 0.0140625 0.00859375
0 0.2015625 0.72578125 0.025 0.0234375
0 0.0671875 0.74765625 0.025 0.01953125
0 0.0359375 0.703125 0.01640625 0.015625
0 0.47109375 0.64453125 0.0203125 0.0125
0 0.81171875 0.49921875 0.02890625 0.0234375
0 0.50234375 0.0921875 0.0265625 0.021875
0 0.746875 0.190625 0.01640625 0.02734375
0 0.425 0.14609375 0.03359375 0.03125
1 0.1625 0.1765625 0.05 0.021875
1 0.128125 0.2875 0.1515625 0.12578125
1 0.40859375 0.2921875 0.0578125 0.0578125
1 0.2484375 0.5265625 0.15859375 0.1328125
1 0.4015625 0.4703125 0.07890625 0.053125
1 0.53125 0.51484375 0.04765625 0.0359375
1 0.553125 0.52265625 0.31015625 0.2375
1 0.67421875 0.56796875 0.18359375 0.13515625
1 0.7453125 0.6375 0.17734375 0.14140625
1 0.56328125 0.73046875 0.15 0.10625
0 0.840625 0.746875 0.01875 0.01328125
0 0.8453125 0.784375 0.03515625 0.03125
1 0.83515625 0.4375 0.1078125 0.10859375