0 0.42734375 0.18125 0.09375 0.06953125
0 0.471875 0.08515625 0.0703125 0.06484375
0 0.31875 0.403125 0.1125 0.08046875
0 0.97578125 0.63828125 0.0484375 0.09765625
0 0.6921875 0.32734375 0.0671875 0.04140625
0 0.9078125 0.259375 0.09140625 0.06875
0 0.50078125 0.37890625 0.0375 0.02734375
0 0.6859375 0.165625 0.0609375 0.05
0 0.5421875 0.46796875 0.03125 0.025
0 0.8859375 0.56875 0.05390625 0.08125
0 0.08203125 0.15546875 0.13125 0.08359375
0 0.6828125 0.84921875 0.10859375 0.0953125
0 0.6171875 0.3859375 0.075 0.0546875
0 0.51171875 0.253125 0.03359375 0.03828125
0 0.334375 0.20703125 0.03984375 0.03671875
0 0.73125 0.8140625 0.19375 0.1359375
0 0.67734375 0.01953125 0.05 0.034375
0 0.94609375 0.35625 0.0625 0.04765625
0 0.4453125 0.6015625 0.0453125 0.03359375
0 0.7921875 0.67421875 0.05859375 0.040625
0 0.2921875 0.55390625 0.03984375 0.028125
0 0.58828125 0.753125 0.02890625 0.0234375
0 0.19921875 0.1296875 0.0328125 0.0265625
0 0.1765625 0.26015625 0.02265625 0.01484375
0 0.17421875 0.271875 0.0171875 0.0125
0 0.1328125 0.29375 0.0171875 0.009375
0 0.484375 0.45859375 0.0171875 0.01015625
0 0.1796875 0.63359375 0.0140625 0.009375
0 0.26484375 0.61796875 0.0359375 0.03359375
0 0.0859375 0.71015625 0.0203125 0.01796875
0 0.08671875 0.7265625 0.03984375 0.028125
0 0.1953125 0.76953125 0.01484375 0.009375
0 0.31875 0.79921875 0.0171875 0.01484375
0 0.43984375 0.85859375 0.0328125 0.02421875
0 0.221875 0.95390625 0.00859375 0.01796875
0 0.80234375 0.653125 0.0234375 0.0140625
0 0.6 0.621875 0.0359375 0.01875
0 0.796875 0.5 0.02109375 0.01484375
0 0.95546875 0.309375 0.03984375 0.04140625
0 0.971875 0.35546875 0.025 0.053125
0 0.69140625 0.3046875 0.0328125 0.01875