0 0.93046875 0.51328125 0.08984375 0.0671875
0 0.6640625 0.38671875 0.1046875 0.08125
0 0.21640625 0.83203125 0.12734375 0.0578125
0 0.68515625 0.6765625 0.05234375 0.05
0 0.72890625 0.84921875 0.0890625 0.06640625
0 0.6578125 0.52578125 0.03515625 0.02734375
0 0.896875 0.70625 0.06484375 0.04375
0 0.5328125 0.5375 0.03359375 0.02265625
0 0.33046875 0.76953125 0.10859375 0.0375
0 0.990625 0.2625 0.01875 0.09296875
0 0.03359375 0.5625 0.0671875 0.07578125
0 0.62421875 0.609375 0.07109375 0.0546875
0 0.8203125 0.56015625 0.05 0.02421875
0 0.9171875 0.43984375 0.04765625 0.02890625
0 0.06484375 0.6046875 0.1296875 0.13984375
0 0.59453125 0.85703125 0.0625 0.04609375
0 0.3796875 0.4390625 0.04375 0.0328125
0 0.21171875 0.67734375 0.05234375 0.04296875
0 0.47265625 0.3359375 0.0359375 0.02890625
0 0.1515625 0.51171875 0.03125 0.0203125
0 0.8796875 0.3125 0.01875 0.015625
0 0.86484375 0.30859375 0.01640625 0.01328125
0 0.8453125 0.2734375 0.0109375 0.01328125
0 0.5578125 0.496875 0.0125 0.01328125
0 0.3921875 0.2375 0.0125 0.01015625
0 0.3953125 0.303125 0.04375 0.0265625
0 0.3109375 0.153125 0.02265625 0.0140625
0 0.28984375 0.15 0.0359375 0.02890625
0 0.2109375 0.2203125 0.0125 0.0109375
0 0.14765625 0.3046875 0.0203125 0.0125
0 0.04453125 0.38125 0.03125 0.0234375
0 0.2375 0.690625 0.01875 0.01796875
0 0.3203125 0.54765625 0.0234375 0.0265625
0 0.09765625 0.8375 0.06875 0.02890625
0 0.43828125 0.7171875 0.01875 0.01484375
0 0.65390625 0.87421875 0.05390625 0.028125
0 0.590625 0.8765625 0.07109375 0.0171875
0 0.71484375 0.68046875 0.0234375 0.0234375