0 0.0515625 0.70234375 0.05390625 0.06953125
0 0.19765625 0.56171875 0.03515625 0.02734375
0 0.3109375 0.515625 0.03359375 0.0265625
0 0.36796875 0.19921875 0.10234375 0.0671875
0 0.09765625 0.85859375 0.0625 0.05546875
0 0.31171875 0.69296875 0.05859375 0.0609375
0 0.0671875 0.61484375 0.03515625 0.03125
0 0.39453125 0.15 0.12890625 0.046875
0 0.3859375 0.67421875 0.1046875 0.0625
0 0.63359375 0.85546875 0.0296875 0.02265625
0 0.5796875 0.7921875 0.02890625 0.0265625
0 0.8546875 0.73984375 0.0578125 0.090625
0 0.1828125 0.509375 0.03984375 0.02734375
0 0.7515625 0.38828125 0.0859375 0.0328125
0 0.2390625 0.63984375 0.0265625 0.01953125
0 0.5203125 0.5859375 0.09140625 0.03125
0 0.059375 0.41015625 0.0265625 0.0265625
0 0.1515625 0.1609375 0.0703125 0.05546875
0 0.896875 0.7140625 0.03359375 0.10703125
0 0.16953125 0.796875 0.025 0.0234375
0 0.5375 0.70703125 0.13515625 0.121875
0 0.7078125 0.8609375 0.01875 0.0171875
0 0.9296875 0.740625 0.0359375 0.090625
0 0.9296875 0.63046875 0.0125 0.0125
0 0.93046875 0.515625 0.01640625 0.015625
0 0.94609375 0.428125 0.0203125 0.01328125
0 0.90078125 0.51484375 0.0109375 0.01484375
0 0.8796875 0.35546875 0.0171875 0.01875
0 0.9015625 0.3328125 0.00859375 0.00859375
0 0.9265625 0.33125 0.01640625 0.0125
0 0.8 0.3828125 0.02109375 0.028125
0 0.7375 0.403125 0.03125 0.00859375
0 0.75234375 0.3953125 0.0140625 0.00625
0 0.65390625 0.428125 0.0921875 0.03671875
0 0.35703125 0.4578125 0.01875 0.0171875
0 0.3671875 0.46640625 0.0140625 0.0234375
0 0.65703125 0.16796875 0.0296875 0.01484375
0 0.4453125 0.675 0.0984375 0.04609375
0 0.5109375 0.59765625 0.03515625 0.0078125
1 0.47578125 0.4234375 0.23984375 0.1890625
1 0.5703125 0.23984375 0.31875 0.1796875
1 0.42265625 0.328125 0.1859375 0.2296875