0 0.7546875 0.84375 0.09140625 0.0375
0 0.57109375 0.72890625 0.03515625 0.025
0 0.5140625 0.6421875 0.03359375 0.02421875
0 0.09453125 0.58828125 0.0859375 0.075
0 0.9640625 0.8140625 0.07109375 0.0453125
0 0.75078125 0.64765625 0.07890625 0.0421875
0 0.63828125 0.828125 0.03984375 0.025
0 0.0296875 0.5671875 0.05859375 0.09453125
0 0.728125 0.59140625 0.0796875 0.0765625
0 0.978125 0.4125 0.02890625 0.021875
0 0.8921875 0.45078125 0.03359375 0.0203125
0 0.8328125 0.2421875 0.1203125 0.040625
0 0.5015625 0.73828125 0.03515625 0.02890625
0 0.359375 0.3078125 0.04140625 0.0640625
0 0.6765625 0.70078125 0.025 0.01875
0 0.615625 0.4875 0.0390625 0.0671875
0 0.365625 0.82734375 0.03359375 0.01875
0 0.0359375 0.74921875 0.07109375 0.05078125
0 0.7984375 0.21015625 0.14140625 0.021875
0 0.884375 0.7578125 0.0296875 0.01796875
0 0.77734375 0.47890625 0.1578125 0.09765625
0 0.98828125 0.35625 0.02265625 0.01328125
0 0.8359375 0.1859375 0.1203125 0.02421875
0 0.6890625 0.1828125 0.01640625 0.009375
0 0.5359375 0.178125 0.02109375 0.0109375
0 0.4203125 0.16328125 0.01640625 0.01484375
0 0.5328125 0.2 0.0203125 0.0078125
0 0.3203125 0.21015625 0.025 0.0125
0 0.2921875 0.19375 0.0109375 0.00625
0 0.28984375 0.175 0.01640625 0.0125
0 0.3546875 0.27109375 0.0359375 0.01484375
0 0.37890625 0.31875 0.01015625 0.0234375
0 0.36875 0.30703125 0.00859375 0.01015625
0 0.41015625 0.38203125 0.0453125 0.06875
0 0.4390625 0.60625 0.02265625 0.01328125
0 0.4515625 0.59765625 0.03125 0.009375
0 0.06328125 0.3703125 0.01875 0.021875
0 0.73203125 0.54765625 0.0578125 0.071875
0 0.63046875 0.4953125 0.00859375 0.0265625
1 0.39765625 0.515625 0.2453125 0.1734375
1 0.1546875 0.43828125 0.22890625 0.23359375
1 0.26796875 0.55234375 0.3 0.13203125