0 0.25390625 0.38046875 0.0921875 0.08359375
0 0.471875 0.3859375 0.0671875 0.04375
0 0.40234375 0.65078125 0.10390625 0.06171875
0 0.26171875 0.52265625 0.06484375 0.05625
0 0.4515625 0.6796875 0.0734375 0.03828125
0 0.6390625 0.4765625 0.0421875 0.0671875
0 0.2375 0.3015625 0.0421875 0.03203125
0 0.16953125 0.5859375 0.04375 0.03125
0 0.3578125 0.3234375 0.0421875 0.03203125
0 0.5375 0.59453125 0.0359375 0.0359375
0 0.6140625 0.36328125 0.03515625 0.025
0 0.29921875 0.6625 0.05859375 0.0421875
0 0.4171875 0.36484375 0.0375 0.04609375
0 0.72890625 0.37890625 0.0328125 0.0265625
0 0.6203125 0.61328125 0.0234375 0.0203125
0 0.4984375 0.47109375 0.0703125 0.02421875
0 0.3109375 0.496875 0.01484375 0.01015625
0 0.7015625 0.6515625 0.025 0.01953125
0 0.70234375 0.228125 0.0375 0.03125
0 0.4703125 0.79609375 0.0796875 0.02890625
0 0.06796875 0.41640625 0.01484375 0.01015625
0 0.3265625 0.3015625 0.03515625 0.025
0 0.5875 0.3421875 0.0375 0.02734375
0 0.5046875 0.534375 0.02890625 0.01796875
0 0.59140625 0.55234375 0.02734375 0.01953125
0 0.7265625 0.68828125 0.04375 0.0296875
0 0.73203125 0.82265625 0.02109375 0.01953125
0 0.3953125 0.55859375 0.03984375 0.02890625
0 0.2609375 0.6421875 0.0265625 0.0203125
0 0.596875 0.67109375 0.01484375 0.0125
0 0.70625 0.74765625 0.01484375 0.01015625
0 0.7296875 0.76484375 0.025 0.0203125
1 0.59296875 0.7953125 0.0390625 0.03125
1 0.6046875 0.796875 0.11640625 0.0953125
1 0.46484375 0.84765625 0.1328125 0.06015625
1 0.41171875 0.8375 0.1203125 0.08125
1 0.3703125 0.7765625 0.125 0.096875
1 0.3375 0.7359375 0.1296875 0.10703125
0 0.2703125 0.78046875 0.0234375 0.096875
0 0.28828125 0.6703125 0.0140625 0.009375
0 0.15390625 0.7859375 0.0109375 0.009375
0 0.2359375 0.6234375 0.01484375 0.00859375
0 0.28203125 0.51875 0.0296875 0.02421875
0 0.0796875 0.5015625 0.01484375 0.01015625
0 0.128125 0.41484375 0.01484375 0.009375
0 0.275 0.38671875 0.0578125 0.02890625
0 0.1171875 0.315625 0.01640625 0.0140625
0 0.19765625 0.17890625 0.0171875 0.01328125
0 0.15859375 0.1625 0.0390625 0.03359375
0 0.12890625 0.15 0.0453125 0.03125
0 0.3546875 0.15 0.01640625 0.01015625
0 0.33515625 0.146875 0.0171875 0.0125
0 0.4796875 0.32734375 0.02265625 0.0078125
0 0.5109375 0.1640625 0.0234375 0.02265625
0 0.52421875 0.1609375 0.00859375 0.01484375
0 0.55625 0.2609375 0.00859375 0.00859375
0 0.55234375 0.2671875 0.0125 0.0171875
0 0.62734375 0.70078125 0.01484375 0.01328125
0 0.7328125 0.86328125 0.02265625 0.0109375
0 0.05078125 0.70703125 0.0109375 0.0109375
0 0.00859375 0.57890625 0.0109375 0.009375