0 0.4125 0.165625 0.0265625 0.0265625
0 0.546875 0.275 0.04375 0.03671875
0 0.615625 0.5609375 0.0484375 0.08046875
0 0.7234375 0.18671875 0.02734375 0.025
0 0.63515625 0.36171875 0.02109375 0.06640625
0 0.22421875 0.24296875 0.0109375 0.0078125
0 0.2234375 0.2515625 0.025 0.0078125
0 0.17578125 0.23984375 0.01875 0.01015625
0 0.28125 0.3265625 0.0078125 0.009375
0 0.46875 0.228125 0.02734375 0.02421875
0 0.475 0.32890625 0.02734375 0.02421875
0 0.3609375 0.15625 0.02265625 0.01875
0 0.34375 0.1515625 0.01484375 0.0109375
0 0.7109375 0.2546875 0.02890625 0.025
0 0.82421875 0.125 0.02109375 0.0171875
0 0.2828125 0.36015625 0.01875 0.015625
0 0.328125 0.396875 0.02109375 0.01328125
0 0.09921875 0.48046875 0.03359375 0.015625
0 0.51015625 0.5203125 0.02265625 0.02734375
0 0.59453125 0.48515625 0.04140625 0.0109375
0 0.5953125 0.3875 0.05 0.0125
0 0.5453125 0.51171875 0.01484375 0.0375
0 0.38125 0.41796875 0.02265625 0.0125
0 0.3484375 0.409375 0.0171875 0.0125
0 0.584375 0.5265625 0.00859375 0.0078125
0 0.209375 0.68046875 0.0109375 0.0078125
0 0.81953125 0.5734375 0.0140625 0.0125
0 0.9921875 0.46328125 0.01484375 0.00546875
0 0.8359375 0.38984375 0.0046875 0.009375
0 0.8609375 0.36875 0.0046875 0.01015625
0 0.8578125 0.28984375 0.01015625 0.01484375
0 0.86328125 0.225 0.00625 0.0140625
0 0.8296875 0.12265625 0.0125 0.01015625
0 0.84296875 0.1203125 0.01484375 0.0125
0 0.40625 0.33359375 0.00859375 0.009375
0 0.17109375 0.3953125 0.00859375 0.00859375
0 0.5953125 0.6578125 0.0375 0.0484375
0 0.5265625 0.67578125 0.0140625 0.01484375
0 0.509375 0.66953125 0.01875 0.01328125
0 0.43125 0.63359375 0.02109375 0.01328125
0 0.31875 0.61953125 0.0125 0.0078125
0 0.26875 0.53828125 0.02265625 0.01015625
0 0.23046875 0.53515625 0.0109375 0.00625
0 0.15703125 0.5109375 0.0109375 0.00625
0 0.1515625 0.50234375 0.01484375 0.00625
0 0.06015625 0.4734375 0.0140625 0.00625
0 0.06953125 0.48359375 0.0234375 0.00625
0 0.634375 0.59609375 0.03125 0.07265625
1 0.21796875 0.515625 0.3390625 0.13359375
1 0.38828125 0.6203125 0.2921875 0.13671875
1 0.04140625 0.29921875 0.0828125 0.05078125
0 0.0078125 0.19609375 0.01484375 0.02265625
0 0.121875 0.228125 0.0109375 0.0125
0 0.1734375 0.215625 0.0140625 0.01015625
0 0.2015625 0.2109375 0.0109375 0.009375
0 0.2515625 0.22421875 0.0109375 0.0078125
0 0.27109375 0.1859375 0.00859375 0.0109375
0 0.2984375 0.159375 0.01640625 0.0109375