0 0.93828125 0.4109375 0.0359375 0.021875
0 0.80234375 0.51953125 0.0515625 0.0359375
0 0.4265625 0.59140625 0.1109375 0.0421875
0 0.93203125 0.6453125 0.03515625 0.02265625
0 0.69296875 0.59140625 0.08984375 0.0203125
0 0.821875 0.27578125 0.0109375 0.009375
0 0.8109375 0.27578125 0.0109375 0.01953125
0 0.82265625 0.2390625 0.01484375 0.01484375
0 0.71484375 0.32421875 0.0125 0.00625
0 0.85859375 0.4578125 0.03359375 0.02265625
0 0.725 0.46953125 0.03359375 0.02265625
0 0.94765625 0.371875 0.0265625 0.01796875
0 0.95234375 0.35859375 0.01640625 0.0125
0 0.83984375 0.64140625 0.0359375 0.0234375
0 0.6703125 0.32734375 0.02265625 0.01484375
0 0.62421875 0.3640625 0.01875 0.0171875
0 0.4984375 0.1984375 0.0234375 0.0265625
0 0.4734375 0.50859375 0.0375 0.01875
0 0.52578125 0.56953125 0.0171875 0.03203125
0 0.65625 0.56328125 0.0203125 0.03828125
0 0.4875 0.534375 0.0515625 0.0140625
0 0.6 0.40546875 0.0171875 0.01796875
0 0.61015625 0.3796875 0.0171875 0.0140625
0 0.4703125 0.565625 0.01015625 0.0078125
0 0.23984375 0.29453125 0.0109375 0.009375
0 0.425 0.74453125 0.0171875 0.0109375
0 0.58359375 0.86640625 0.00859375 0.0109375
0 0.66953125 0.74375 0.0125 0.0046875
0 0.7 0.7609375 0.0140625 0.0046875
0 0.8046875 0.753125 0.02109375 0.00859375
0 0.88984375 0.753125 0.01875 0.00546875
0 0.7140625 0.41796875 0.0125 0.0078125
0 0.61640625 0.24609375 0.0109375 0.0078125
0 0.296875 0.58203125 0.0671875 0.03203125
0 0.26875 0.53203125 0.02109375 0.0109375
0 0.27578125 0.51875 0.01875 0.01484375
0 0.31796875 0.4578125 0.01875 0.0171875
0 0.32890625 0.37265625 0.0109375 0.01015625
0 0.4328125 0.3296875 0.01484375 0.01796875
0 0.434375 0.30078125 0.01015625 0.00859375
0 0.46171875 0.24375 0.01015625 0.00859375
0 0.47265625 0.2390625 0.01015625 0.0109375
0 0.5046875 0.16875 0.01015625 0.01015625
0 0.4921875 0.17578125 0.01015625 0.01796875
0 0.38125 0.6078125 0.0984375 0.028125
1 0.46015625 0.28984375 0.2015625 0.26328125
1 0.33203125 0.42421875 0.20234375 0.22890625
1 0.73515625 0.1421875 0.07265625 0.065625
0 0.86953125 0.11015625 0.03125 0.01328125
0 0.834375 0.19765625 0.0171875 0.009375
0 0.8546875 0.2359375 0.01484375 0.0109375
0 0.86328125 0.25625 0.0140625 0.009375
0 0.84921875 0.29453125 0.0109375 0.009375
0 0.9015625 0.30625 0.01484375 0.0078125
0 0.9390625 0.325 0.01640625 0.01328125