0 0.04921875 0.5421875 0.0359375 0.021875
0 0.20390625 0.44921875 0.0515625 0.0359375
0 0.5890625 0.41796875 0.1109375 0.0421875
0 0.09921875 0.3109375 0.03515625 0.02265625
0 0.32578125 0.3890625 0.08984375 0.0203125
0 0.13984375 0.6890625 0.0109375 0.009375
0 0.15078125 0.68984375 0.0109375 0.01953125
0 0.13203125 0.725 0.01484375 0.01484375
0 0.2546875 0.6515625 0.0125 0.00625
0 0.13671875 0.50390625 0.03359375 0.02265625
0 0.27109375 0.50703125 0.03359375 0.02265625
0 0.0328125 0.5796875 0.0265625 0.01796875
0 0.02578125 0.59296875 0.01640625 0.0125
0 0.1890625 0.32421875 0.0359375 0.0234375
0 0.0296875 0.23046875 0.0140625 0.0171875
0 0.29921875 0.65234375 0.02265625 0.01484375
0 0.3515625 0.621875 0.01875 0.0171875
0 0.4453125 0.79921875 0.0234375 0.0265625
0 0.528125 0.49375 0.0375 0.01875
0 0.4875 0.428125 0.0171875 0.03203125
0 0.35703125 0.42109375 0.0203125 0.03828125
0 0.51875 0.4671875 0.0515625 0.0140625
0 0.3828125 0.5828125 0.0171875 0.01796875
0 0.36953125 0.6078125 0.0171875 0.0140625
0 0.54140625 0.43828125 0.01015625 0.0078125
0 0.7203125 0.73046875 0.0109375 0.009375
0 0.61953125 0.265625 0.0171875 0.0109375
0 0.48515625 0.128125 0.00859375 0.0109375
0 0.37734375 0.240625 0.0125 0.0046875
0 0.35078125 0.2203125 0.0140625 0.0046875
0 0.2453125 0.2171875 0.02109375 0.00859375
0 0.1609375 0.20859375 0.01875 0.00546875
0 0.0265625 0.22734375 0.0046875 0.009375
0 0.27265625 0.55859375 0.0125 0.0078125
0 0.33828125 0.7390625 0.0109375 0.0078125
0 0.71640625 0.43984375 0.0671875 0.03203125
0 0.73515625 0.4921875 0.02109375 0.0109375
0 0.72578125 0.5046875 0.01875 0.01484375
0 0.67265625 0.5609375 0.01875 0.0171875
0 0.6453125 0.64375 0.0109375 0.01015625
0 0.53515625 0.67578125 0.01484375 0.01796875
0 0.528125 0.70390625 0.01015625 0.00859375
0 0.490625 0.7578125 0.01015625 0.00859375
0 0.47890625 0.76171875 0.01015625 0.0109375
0 0.434375 0.82734375 0.01015625 0.01015625
0 0.4484375 0.821875 0.01015625 0.01796875
0 0.63671875 0.40625 0.0984375 0.028125
1 0.50078125 0.7125 0.2015625 0.26328125
1 0.65234375 0.5921875 0.20234375 0.22890625
1 0.2015625 0.8296875 0.07265625 0.065625
0 0.0625 0.84765625 0.03125 0.01328125
0 0.1125 0.7640625 0.0171875 0.009375
0 0.09921875 0.72421875 0.01484375 0.0109375
0 0.0953125 0.70390625 0.0140625 0.009375
0 0.11640625 0.6671875 0.0109375 0.009375
0 0.0671875 0.64921875 0.01484375 0.0078125
0 0.0328125 0.62734375 0.01640625 0.01328125