0 0.4578125 0.6015625 0.0890625 0.06640625
0 0.6265625 0.50625 0.07734375 0.05546875
0 0.0328125 0.82265625 0.065625 0.0515625
0 0.3015625 0.709375 0.0796875 0.046875
0 0.4859375 0.71875 0.0921875 0.0640625
0 0.690625 0.540625 0.0484375 0.05
0 0.69765625 0.5921875 0.05390625 0.0515625
0 0.74609375 0.771875 0.05234375 0.046875
0 0.96171875 0.62109375 0.0609375 0.046875
0 0.37109375 0.62734375 0.0625 0.0421875
0 0.715625 0.634375 0.04765625 0.03359375
0 0.6859375 0.6890625 0.0484375 0.0375
0 0.9734375 0.49140625 0.03984375 0.034375
0 0.6859375 0.74296875 0.05 0.03828125
0 0.434375 0.5125 0.05625 0.03828125
0 0.084375 0.68359375 0.0484375 0.03828125
0 0.17578125 0.40234375 0.04375 0.04296875
0 0.596875 0.221875 0.04140625 0.0265625
0 0.6453125 0.18359375 0.04765625 0.0296875
0 0.1328125 0.39765625 0.05390625 0.028125
0 0.04453125 0.128125 0.04140625 0.0203125
0 0.51640625 0.8375 0.05 0.040625
0 0.984375 0.578125 0.03125 0.05
0 0.14140625 0.328125 0.02265625 0.0203125
0 0.64375 0.3203125 0.0296875 0.02421875
0 0.4640625 0.27890625 0.0203125 0.0140625
0 0.41875 0.27421875 0.0203125 0.028125
0 0.82265625 0.3203125 0.0203125 0.01328125
0 0.834375 0.325 0.01640625 0.0109375
0 0.11796875 0.34453125 0.0265625 0.01875
0 0.11171875 0.54609375 0.0265625 0.01484375
0 0.4125 0.3515625 0.0171875 0.01484375
0 0.5640625 0.496875 0.02109375 0.015625
0 0.8265625 0.38203125 0.0203125 0.01796875
0 0.8015625 0.41875 0.0203125 0.015625
0 0.959375 0.5453125 0.02109375 0.0171875
0 0.7453125 0.690625 0.02109375 0.01484375
0 0.74921875 0.8265625 0.01875 0.0109375
0 0.115625 0.2234375 0.0390625 0.0234375
0 0.3296875 0.4203125 0.05390625 0.03203125
0 0.6171875 0.31171875 0.0375 0.0359375
0 0.7015625 0.59765625 0.0171875 0.0140625
0 0.69140625 0.53203125 0.02109375 0.015625