0 0.1296875 0.29296875 0.1015625 0.06640625
0 0.8125 0.34375 0.0890625 0.0515625
0 0.98828125 0.64296875 0.0234375 0.0359375
0 0.71796875 0.38671875 0.08984375 0.0515625
0 0.9671875 0.27265625 0.06484375 0.04453125
0 0.9078125 0.39375 0.075 0.028125
0 0.72890625 0.33828125 0.07109375 0.03125
0 0.72421875 0.5078125 0.0703125 0.03515625
0 0.1828125 0.71875 0.0625 0.03828125
0 0.5921875 0.24140625 0.06484375 0.04453125
0 0.6671875 0.43984375 0.07109375 0.04609375
0 0.35078125 0.69453125 0.04765625 0.02890625
0 0.7140625 0.4359375 0.03984375 0.0375
0 0.328125 0.7171875 0.05234375 0.02890625
0 0.41484375 0.46484375 0.08125 0.01796875
0 0.390625 0.47890625 0.0546875 0.0171875
0 0.35234375 0.37109375 0.05234375 0.03046875
0 0.93515625 0.5734375 0.03359375 0.02109375
0 0.80234375 0.59921875 0.03125 0.021875
0 0.8453125 0.62265625 0.01640625 0.00859375
0 0.41953125 0.34296875 0.02265625 0.01328125
0 0.6203125 0.4 0.01484375 0.01015625
0 0.3796875 0.3125 0.01484375 0.0125
0 0.30859375 0.58359375 0.02109375 0.0109375
0 0.3046875 0.5015625 0.0203125 0.0109375
0 0.3734375 0.56953125 0.03359375 0.009375
0 0.475 0.64609375 0.02109375 0.01171875
0 0.7296875 0.76484375 0.0203125 0.00859375
0 0.728125 0.740625 0.0171875 0.0078125
0 0.5625 0.2203125 0.01484375 0.003125
0 0.803125 0.7796875 0.0140625 0.00234375