0 0.13125 0.70859375 0.11875 0.05703125
0 0.0859375 0.175 0.1171875 0.06953125
0 0.221875 0.32421875 0.09140625 0.05
0 0.75625 0.21484375 0.06484375 0.0328125
0 0.2984375 0.37734375 0.09140625 0.05078125
0 0.0953125 0.23203125 0.07890625 0.0453125
0 0.3109375 0.2703125 0.05 0.0421875
0 0.2125 0.37109375 0.0546875 0.03984375
0 0.5140625 0.37421875 0.0625 0.0390625
0 0.8890625 0.678125 0.06875 0.03515625
0 0.0390625 0.44765625 0.078125 0.0359375
0 0.3921875 0.40546875 0.0828125 0.03984375
0 0.84609375 0.58359375 0.0515625 0.0265625
0 0.3859375 0.3796875 0.06640625 0.02265625
0 0.8859375 0.596875 0.0515625 0.0296875
0 0.4375 0.54765625 0.0328125 0.0453125
0 0.4625 0.56171875 0.0296875 0.03125
0 0.2703125 0.5828125 0.05390625 0.0296875
0 0.5921875 0.20625 0.0359375 0.01796875
0 0.63125 0.25546875 0.0375 0.01875
0 0.509375 0.153125 0.01875 0.01015625
0 0.6765625 0.3296875 0.0390625 0.0171875
0 0.7171875 0.30625 0.01484375 0.009375
0 0.2203125 0.5453125 0.0234375 0.0125
0 0.32265625 0.43203125 0.0171875 0.00859375
0 0.16640625 0.56796875 0.02265625 0.00859375
0 0.6484375 0.6078125 0.0203125 0.01171875
0 0.50234375 0.61015625 0.0203125 0.0109375
0 0.6234375 0.57109375 0.01640625 0.01875
0 0.759375 0.5140625 0.02109375 0.01171875
0 0.97109375 0.37109375 0.01484375 0.0109375
0 0.928125 0.371875 0.0140625 0.01015625
0 0.61875 0.78359375 0.01484375 0.009375
0 0.8546875 0.7859375 0.01875 0.0109375
0 0.00234375 0.46484375 0.0046875 0.00859375
0 0.99765625 0.32890625 0.0046875 0.0078125