0 0.09453125 0.68515625 0.12890625 0.06328125
0 0.1484375 0.153125 0.1296875 0.07578125
0 0.25625 0.30859375 0.1 0.0546875
0 0.8078125 0.23125 0.07109375 0.03671875
0 0.321875 0.36640625 0.1 0.05546875
0 0.14765625 0.21015625 0.0859375 0.05
0 0.3546875 0.2609375 0.0578125 0.0453125
0 0.23828125 0.35546875 0.0625 0.04296875
0 0.53671875 0.375 0.0703125 0.04296875
0 0.8546875 0.7 0.075 0.03828125
0 0.0515625 0.421875 0.08515625 0.040625
0 0.4109375 0.4 0.08984375 0.0453125
0 0.82890625 0.60390625 0.05625 0.0296875
0 0.40859375 0.3734375 0.0703125 0.02578125
0 0.86640625 0.61875 0.05625 0.03203125
0 0.42890625 0.54375 0.04140625 0.046875
0 0.4515625 0.559375 0.03515625 0.03203125
0 0.25625 0.56875 0.05859375 0.03203125
0 0.6453125 0.21328125 0.03984375 0.0203125
0 0.6765625 0.26484375 0.04140625 0.02109375
0 0.5734375 0.15546875 0.0203125 0.0109375
0 0.70703125 0.34140625 0.04140625 0.01953125
0 0.75234375 0.31953125 0.01640625 0.01015625
0 0.2140625 0.52890625 0.0265625 0.0140625
0 0.3359375 0.421875 0.01875 0.009375
0 0.15546875 0.54765625 0.0234375 0.01015625
0 0.628125 0.615625 0.02265625 0.01328125
0 0.48203125 0.609375 0.02265625 0.0125
0 0.61015625 0.578125 0.0203125 0.01953125
0 0.75546875 0.52890625 0.0234375 0.01328125
0 0.99140625 0.3984375 0.0171875 0.0125
0 0.94921875 0.39765625 0.01484375 0.01015625
0 0.565625 0.7890625 0.01640625 0.01015625
0 0.79921875 0.8046875 0.02109375 0.01171875
0 0.01171875 0.4359375 0.00625 0.00859375