1 0.2640625 0.4796875 0.2265625 0.1421875
1 0.309375 0.31640625 0.23515625 0.1578125
1 0.0703125 0.3984375 0.13984375 0.16953125
0 0.8796875 0.26875 0.05625 0.025
1 0.07421875 0.5671875 0.1484375 0.1625
0 0.6765625 0.64609375 0.05 0.0578125
0 0.640625 0.52890625 0.0859375 0.03828125
0 0.6640625 0.4875 0.05859375 0.04765625
0 0.7 0.33515625 0.05234375 0.02734375
0 0.74765625 0.6625 0.10234375 0.05234375
0 0.78203125 0.440625 0.03515625 0.053125
0 0.6453125 0.3828125 0.04765625 0.0578125
0 0.4484375 0.3703125 0.0546875 0.02421875
0 0.7484375 0.28671875 0.0515625 0.03359375
0 0.6046875 0.409375 0.06484375 0.0421875
0 0.046875 0.7625 0.04765625 0.02890625
0 0.928125 0.4171875 0.05390625 0.08125
0 0.1015625 0.20078125 0.04140625 0.0296875
0 0.953125 0.509375 0.03359375 0.0375
0 0.58828125 0.28828125 0.0328125 0.025
0 0.67578125 0.7828125 0.0140625 0.0125
0 0.4515625 0.25234375 0.03515625 0.0265625
0 0.5734375 0.44453125 0.05 0.028125
0 0.83515625 0.3765625 0.03515625 0.02421875
0 0.02578125 0.25703125 0.05 0.02421875
1 0.95 0.77734375 0.1 0.0625
1 0.8625 0.578125 0.21875 0.1578125
0 0.8796875 0.24296875 0.0546875 0.0234375
0 0.45703125 0.35546875 0.0390625 0.00859375
0 0.4578125 0.34609375 0.02109375 0.0125
0 0.48984375 0.41328125 0.0234375 0.0125
0 0.50234375 0.4234375 0.0390625 0.009375
0 0.4359375 0.51328125 0.0875 0.01484375
0 0.45859375 0.5234375 0.08984375 0.0140625
0 0.4109375 0.53203125 0.0859375 0.01484375
0 0.3640625 0.54921875 0.04375 0.02890625
0 0.48125 0.56015625 0.0484375 0.021875
0 0.5390625 0.55078125 0.0140625 0.0109375
0 0.33671875 0.60390625 0.0109375 0.009375
0 0.42421875 0.71328125 0.0140625 0.0125
0 0.5734375 0.71640625 0.01015625 0.0109375
0 0.5546875 0.81796875 0.0078125 0.00625
0 0.38359375 0.64453125 0.0125 0.0109375
0 0.1015625 0.53671875 0.01484375 0.01015625
0 0.2234375 0.178125 0.1078125 0.02265625
0 0.98515625 0.68984375 0.0296875 0.0234375