0 0.434375 0.471875 0.0984375 0.1109375
0 0.30859375 0.74765625 0.1140625 0.10703125
0 0.4359375 0.15078125 0.09609375 0.071875
0 0.8890625 0.18125 0.0875 0.0375
0 0.08515625 0.146875 0.04609375 0.06953125
0 0.296875 0.1375 0.04140625 0.0328125
0 0.70078125 0.8390625 0.0234375 0.0171875
0 0.484375 0.67421875 0.11484375 0.0734375
0 0.98671875 0.40859375 0.0265625 0.01328125
0 0.9828125 0.334375 0.03359375 0.06484375
0 0.39140625 0.75546875 0.11484375 0.0796875
0 0.8109375 0.1703125 0.075 0.03359375
0 0.6390625 0.20078125 0.08359375 0.0765625
0 0.86796875 0.51015625 0.0203125 0.00625
0 0.8625 0.51875 0.02890625 0.0140625
0 0.6171875 0.72265625 0.1796875 0.0796875
0 0.49296875 0.72578125 0.24140625 0.1109375
0 0.46875 0.8265625 0.0125 0.009375
0 0.1859375 0.60625 0.1140625 0.0890625
0 0.5671875 0.31796875 0.08359375 0.0625
0 0.5703125 0.3609375 0.1296875 0.08828125
0 0.5390625 0.4390625 0.11640625 0.090625
0 0.5859375 0.221875 0.05625 0.06015625
0 0.44609375 0.12890625 0.0921875 0.0390625
0 0.4125 0.2578125 0.0484375 0.0421875
0 0.34609375 0.11875 0.04375 0.0359375
0 0.9296875 0.84921875 0.0078125 0.0125
0 0.6890625 0.846875 0.0296875 0.021875