0 0.4734375 0.553125 0.1359375 0.059375
0 0.85546875 0.603125 0.12890625 0.07109375
0 0.05 0.6015625 0.08359375 0.0625
0 0.01953125 0.26171875 0.0375 0.06171875
0 0.1 0.8765625 0.0890625 0.05234375
0 0.0546875 0.70703125 0.0390625 0.02734375
0 0.915625 0.2984375 0.0203125 0.015625
0 0.73203125 0.484375 0.0828125 0.078125
0 0.303125 0.153125 0.0140625 0.01953125
0 0.20234375 0.13828125 0.0765625 0.07578125
0 0.85390625 0.540625 0.09140625 0.0765625
0 0.0171875 0.3203125 0.034375 0.053125
0 0.08359375 0.44375 0.0921875 0.05234375
0 0.45546875 0.22578125 0.00625 0.0140625
0 0.46796875 0.22890625 0.01484375 0.01953125
0 0.775 0.37890625 0.08125 0.1265625
0 0.7984375 0.46953125 0.1140625 0.16953125
0 0.93515625 0.471875 0.0109375 0.00859375
0 0.6890625 0.715625 0.1046875 0.07421875
0 0.25 0.478125 0.0734375 0.0546875
0 0.30625 0.4703125 0.1015625 0.0859375
0 0.4140625 0.48046875 0.10625 0.07578125
0 0.1203125 0.48046875 0.0734375 0.03359375
0 0.01953125 0.59765625 0.0390625 0.065625
0 0.19453125 0.60234375 0.05 0.03125
0 0.02109375 0.6734375 0.0421875 0.028125
0 0.01875 0.903125 0.0375 0.0265625
0 0.89296875 0.12109375 0.01640625 0.01484375
0 0.92734375 0.30625 0.025 0.01953125