0 0.43203125 0.475 0.08984375 0.10703125
0 0.33203125 0.75703125 0.10625 0.10234375
0 0.4046875 0.15546875 0.09140625 0.06875
0 0.8578125 0.16171875 0.08515625 0.03359375
0 0.053125 0.16953125 0.03984375 0.06875
0 0.2640625 0.14921875 0.03984375 0.03125
0 0.73125 0.828125 0.02265625 0.015625
0 0.50078125 0.67421875 0.11015625 0.06875
0 0.97890625 0.38359375 0.02734375 0.0125
0 0.97578125 0.3078125 0.0484375 0.0625
0 0.41484375 0.76015625 0.11015625 0.075
0 0.7796875 0.15546875 0.07265625 0.03125
0 0.6109375 0.19375 0.07734375 0.07421875
0 0.86796875 0.490625 0.01875 0.00546875
0 0.86328125 0.5 0.02734375 0.01328125
0 0.6375 0.71640625 0.175 0.071875
0 0.5140625 0.72578125 0.23515625 0.09921875
0 0.49921875 0.82734375 0.0125 0.009375
0 0.196875 0.62265625 0.1078125 0.08515625
0 0.55078125 0.315625 0.07890625 0.06015625
0 0.55703125 0.3578125 0.1234375 0.08359375
0 0.53359375 0.4375 0.11015625 0.0859375
0 0.559375 0.21796875 0.0515625 0.0578125
0 0.41171875 0.1328125 0.08984375 0.034375
0 0.38984375 0.2625 0.0453125 0.040625
0 0.3109375 0.12734375 0.04140625 0.03359375
0 0.9609375 0.82578125 0.00625 0.0125
0 0.7203125 0.8359375 0.02890625 0.0203125