0 0.15 0.49921875 0.0828125 0.06875
1 0.284375 0.37421875 0.26484375 0.1890625
1 0.38515625 0.38125 0.33359375 0.134375
0 0.96796875 0.38359375 0.0640625 0.03359375
0 0.03984375 0.83671875 0.0796875 0.04375
0 0.9546875 0.4703125 0.06484375 0.028125
1 0.4890625 0.46875 0.1171875 0.1203125
0 0.89296875 0.30625 0.04765625 0.021875
0 0.7765625 0.4203125 0.0765625 0.0984375
0 0.1265625 0.73203125 0.04375 0.06796875
0 0.6296875 0.775 0.1125 0.08125
0 0.725 0.53125 0.11875 0.084375
0 0.2640625 0.6625 0.0453125 0.0328125
0 0.87421875 0.575 0.1203125 0.12265625
0 0.83828125 0.7515625 0.04140625 0.01796875
0 0.93125 0.68828125 0.04140625 0.01953125
0 0.753125 0.75 0.0265625 0.0140625
0 0.62578125 0.80859375 0.0390625 0.01640625
0 0.4546875 0.675 0.0234375 0.015625
0 0.4796875 0.81875 0.05 0.0109375
0 0.3890625 0.71875 0.02109375 0.01484375
0 0.36171875 0.38671875 0.0234375 0.01328125
0 0.27734375 0.34140625 0.0203125 0.0171875
0 0.175 0.47109375 0.0296875 0.01640625
0 0.85859375 0.25078125 0.02734375 0.01484375
0 0.42734375 0.18671875 0.0203125 0.0125
0 0.1890625 0.21875 0.02734375 0.0109375
0 0.1390625 0.31015625 0.0265625 0.0125
0 0.5140625 0.17265625 0.02109375 0.009375
1 0.5484375 0.4703125 0.14765625 0.1203125
1 0.66171875 0.4203125 0.2171875 0.07890625
1 0.6625 0.3796875 0.2203125 0.065625
1 0.1140625 0.45078125 0.1890625 0.19296875
1 0.03125 0.5359375 0.0625 0.08828125
1 0.0515625 0.54921875 0.103125 0.1171875
0 0.00625 0.76171875 0.0125 0.00546875
0 0.2578125 0.61171875 0.02890625 0.01015625
1 0.3078125 0.66328125 0.3046875 0.1390625
1 0.1875 0.6390625 0.22109375 0.178125
1 0.0765625 0.68515625 0.153125 0.1734375
0 0.54609375 0.79453125 0.06015625 0.0390625
0 0.56015625 0.76953125 0.0734375 0.03515625
0 0.7265625 0.42578125 0.17734375 0.121875
0 0.55546875 0.52421875 0.025 0.0109375