0 0.7109375 0.82109375 0.0953125 0.0609375
0 0.7359375 0.77890625 0.07890625 0.05
0 0.65546875 0.76484375 0.0765625 0.0828125
0 0.68828125 0.7265625 0.07109375 0.053125
0 0.66015625 0.6765625 0.08515625 0.04765625
1 0.40703125 0.76796875 0.12890625 0.165625
1 0.2984375 0.22890625 0.15390625 0.225
0 0.70546875 0.6484375 0.0703125 0.0453125
0 0.7296875 0.6296875 0.0375 0.04296875
1 0.2921875 0.4359375 0.1609375 0.1984375
0 0.60625 0.29296875 0.03359375 0.02421875
0 0.5734375 0.29296875 0.03125 0.025
1 0.321875 0.6125 0.11484375 0.17890625
0 0.75390625 0.63203125 0.02109375 0.0234375
0 0.6875 0.60390625 0.075 0.03125
0 0.69296875 0.66953125 0.0296875 0.0171875