0 0.725 0.815625 0.0921875 0.0578125
0 0.74921875 0.771875 0.0765625 0.04765625
0 0.6671875 0.76015625 0.07265625 0.08046875
0 0.6984375 0.721875 0.06875 0.0515625
0 0.66796875 0.671875 0.08359375 0.04609375
1 0.41953125 0.7703125 0.12109375 0.16328125
1 0.2859375 0.23515625 0.14375 0.221875
0 0.7125 0.64296875 0.06875 0.04296875
0 0.7359375 0.6234375 0.0359375 0.0421875
1 0.2890625 0.4421875 0.15234375 0.1953125
0 0.596875 0.290625 0.0328125 0.0234375
0 0.5640625 0.290625 0.0296875 0.02421875
1 0.32734375 0.6171875 0.10625 0.1765625
0 0.759375 0.625 0.0203125 0.02265625
0 0.6921875 0.5984375 0.075 0.02890625
0 0.70078125 0.6640625 0.02890625 0.015625