1 0.4140625 0.2234375 0.14375 0.10859375
0 0.3359375 0.1015625 0.04609375 0.03359375
0 0.68984375 0.75234375 0.0234375 0.015625
0 0.71328125 0.71953125 0.02109375 0.015625
0 0.534375 0.81640625 0.02734375 0.025
0 0.8421875 0.03125 0.0953125 0.04609375
0 0.3828125 0.521875 0.125 0.0328125
0 0.5640625 0.15390625 0.04140625 0.025
0 0.2703125 0.025 0.04609375 0.0296875
0 0.6109375 0.04609375 0.03984375 0.02421875
0 0.70546875 0.00859375 0.0359375 0.0171875
0 0.92734375 0.0125 0.0421875 0.01953125
0 0.86484375 0.15625 0.02265625 0.01875
0 0.6921875 0.15859375 0.02109375 0.0125
0 0.98359375 0.30390625 0.01015625 0.009375
0 0.77421875 0.26640625 0.03515625 0.0390625
0 0.75546875 0.2953125 0.02109375 0.01796875
0 0.7296875 0.3265625 0.0234375 0.01484375
0 0.82578125 0.39140625 0.0234375 0.01015625
0 0.8671875 0.43359375 0.01640625 0.0078125
0 0.63515625 0.45625 0.0234375 0.021875
0 0.4765625 0.55703125 0.0546875 0.03203125
0 0.66875 0.61875 0.01875 0.0140625
0 0.5890625 0.62109375 0.0984375 0.12734375
0 0.5953125 0.8921875 0.0265625 0.01484375
0 0.9921875 0.92578125 0.01484375 0.02421875
1 0.93671875 0.8328125 0.1265625 0.1625
1 0.196875 0.4046875 0.06484375 0.04375
1 0.19375 0.3609375 0.06875 0.0484375
1 0.1953125 0.3765625 0.07265625 0.078125
1 0.15 0.29609375 0.05859375 0.08828125
1 0.03515625 0.15546875 0.05859375 0.046875
1 0.0359375 0.12109375 0.06015625 0.03203125
1 0.09140625 0.59765625 0.0796875 0.053125
0 0.0921875 0.48671875 0.0203125 0.0140625
0 0.19296875 0.75078125 0.0265625 0.0171875
0 0.0859375 0.83515625 0.0265625 0.01484375
0 0.38984375 0.93515625 0.0296875 0.0296875
0 0.96796875 0.22421875 0.02109375 0.01015625