1 0.3359375 0.675 0.17265625 0.1796875
0 0.21953125 0.3859375 0.0515625 0.0359375
0 0.5234375 0.31796875 0.05390625 0.04296875
0 0.4359375 0.17890625 0.0359375 0.028125
0 0.5046875 0.1640625 0.05234375 0.04296875
0 0.6015625 0.1703125 0.0359375 0.02734375
0 0.7296875 0.24296875 0.04140625 0.028125
0 0.27265625 0.34375 0.0375 0.0328125
0 0.4609375 0.20546875 0.0359375 0.03125
1 0.553125 0.55546875 0.1875 0.2046875
0 0.375 0.2578125 0.0359375 0.03203125
0 0.8546875 0.6921875 0.0453125 0.0515625
0 0.6265625 0.2625 0.03984375 0.04765625
0 0.4265625 0.45234375 0.0421875 0.0328125
0 0.228125 0.8171875 0.0515625 0.04375
1 0.43515625 0.63671875 0.1625 0.19140625
0 0.7484375 0.746875 0.0453125 0.03125
0 0.5171875 0.41484375 0.0375 0.02890625
0 0.66015625 0.1375 0.05390625 0.021875
1 0.68203125 0.51328125 0.1125 0.09921875
1 0.45234375 0.86015625 0.10390625 0.02890625
0 0.57109375 0.35859375 0.075 0.0953125
0 0.66015625 0.61875 0.075 0.09921875
1 0.14140625 0.76015625 0.0625 0.07890625
0 0.6375 0.759375 0.0421875 0.02890625
0 0.3796875 0.41484375 0.04140625 0.034375
0 0.81796875 0.26640625 0.03125 0.02265625
0 0.728125 0.325 0.0390625 0.0203125
0 0.4015625 0.23203125 0.0359375 0.0203125
0 0.3390625 0.25859375 0.0328125 0.0265625
0 0.3390625 0.23359375 0.03515625 0.0265625
0 0.47109375 0.15234375 0.02265625 0.025
0 0.53671875 0.1765625 0.03125 0.02890625
0 0.3421875 0.284375 0.02109375 0.02265625
0 0.69765625 0.59453125 0.02265625 0.01875
0 0.5296875 0.3765625 0.0265625 0.025
0 0.03046875 0.22734375 0.0328125 0.0234375
0 0.24609375 0.2109375 0.03515625 0.02421875
0 0.128125 0.2828125 0.0328125 0.0234375
0 0.1890625 0.23984375 0.03359375 0.025
0 0.184375 0.1390625 0.0140625 0.0140625
0 0.05703125 0.19921875 0.0109375 0.01328125
0 0.2453125 0.325 0.0109375 0.0140625
0 0.065625 0.36171875 0.0109375 0.0125
0 0.01171875 0.3390625 0.0125 0.01328125
0 0.246875 0.73359375 0.02890625 0.02421875
0 0.25390625 0.709375 0.02734375 0.02734375
0 0.0421875 0.6453125 0.01875 0.040625
0 0.10234375 0.67578125 0.01484375 0.01328125
0 0.67265625 0.22578125 0.02890625 0.034375
0 0.39140625 0.3015625 0.01015625 0.0140625
0 0.390625 0.26015625 0.02265625 0.03125
0 0.11875 0.73125 0.0078125 0.00859375
1 0.30703125 0.8109375 0.0859375 0.0875
1 0.37109375 0.85078125 0.06875 0.046875
0 0.86796875 0.590625 0.0453125 0.03125
0 0.88125 0.58125 0.04375 0.03203125
0 0.4984375 0.5625 0.0125 0.01015625
0 0.3953125 0.6203125 0.0109375 0.0109375
0 0.36640625 0.4328125 0.03359375 0.03125