1 0.73671875 0.61953125 0.2375 0.1265625
0 0.353125 0.7125 0.04609375 0.0375
0 0.25703125 0.48515625 0.05625 0.0390625
0 0.07265625 0.55390625 0.0375 0.0265625
0 0.0515625 0.503125 0.05625 0.03828125
0 0.05859375 0.4296875 0.03515625 0.02734375
0 0.153125 0.3328125 0.0359375 0.0296875
0 0.2953125 0.6734375 0.0421875 0.02734375
0 0.1078125 0.534375 0.04140625 0.0265625
1 0.5734375 0.459375 0.26875 0.13671875
0 0.1796875 0.59765625 0.0421875 0.0265625
0 0.75 0.23125 0.0671875 0.0328125
0 0.18125 0.409375 0.0625 0.02890625
0 0.4375 0.55625 0.0421875 0.03125
0 0.92734375 0.6984375 0.0578125 0.0375
1 0.6828125 0.54609375 0.25234375 0.11796875
0 0.825 0.309375 0.03984375 0.0328125
0 0.38671875 0.48828125 0.0375 0.02734375
0 0.0140625 0.38671875 0.02734375 0.040625
1 0.51484375 0.36328125 0.1296875 0.0828125
1 0.98125 0.5296875 0.0375 0.0765625
0 0.3109375 0.44921875 0.1265625 0.0546875
0 0.65546875 0.378125 0.13125 0.0546875
1 0.853125 0.7640625 0.10390625 0.04609375
0 0.84375 0.3921875 0.0375 0.03125
0 0.38828125 0.5921875 0.0453125 0.0296875
0 0.1828125 0.265625 0.0296875 0.0234375
0 0.26328125 0.33203125 0.0265625 0.02890625
0 0.14453125 0.57890625 0.0265625 0.02734375
0 0.18125 0.625 0.03515625 0.02421875
0 0.14765625 0.625 0.03515625 0.0265625
0 0.03671875 0.52734375 0.03359375 0.0171875
0 0.06796875 0.478125 0.0390625 0.02265625
0 0.21484375 0.621875 0.0296875 0.015625
0 0.62265625 0.35078125 0.025 0.0171875
0 0.334375 0.4796875 0.03359375 0.01953125
0 0.1734375 0.88359375 0.0328125 0.0265625
0 0.14453125 0.85625 0.03125 0.02421875
0 0.11875 0.6953125 0.0328125 0.0265625
0 0.2171875 0.7828125 0.03125 0.02421875
0 0.1578125 0.73828125 0.03359375 0.025
0 0.02421875 0.74296875 0.01875 0.01015625
0 0.278125 0.88515625 0.01640625 0.00859375
0 0.10625 0.8375 0.0171875 0.00859375
0 0.2703125 0.69375 0.01875 0.00859375
0 0.3234375 0.828125 0.01640625 0.00859375
0 0.29375 0.86875 0.0171875 0.009375
0 0.81640625 0.6859375 0.0328125 0.021875
0 0.7828125 0.68125 0.0359375 0.01953125
0 0.7015625 0.840625 0.05390625 0.01328125
0 0.74140625 0.79453125 0.0171875 0.0109375
0 0.13125 0.375 0.04609375 0.0203125
0 0.23671875 0.58515625 0.01875 0.0078125
0 0.18203125 0.5859375 0.04140625 0.015625
0 0.81484375 0.78125 0.0109375 0.00546875
1 0.91796875 0.6390625 0.11484375 0.0625
1 0.96953125 0.590625 0.0609375 0.05078125
0 0.6140625 0.22265625 0.03984375 0.0328125
0 0.6015625 0.2125 0.04140625 0.03203125
0 0.5828125 0.50078125 0.0140625 0.009375
0 0.66171875 0.5765625 0.01484375 0.00859375
0 0.4125 0.6015625 0.04140625 0.02421875