1 0.75234375 0.6 0.25390625 0.14453125
0 0.38359375 0.72265625 0.0515625 0.04140625
0 0.25625 0.5046875 0.0609375 0.04296875
0 0.0828125 0.5875 0.04140625 0.02890625
0 0.0546875 0.53828125 0.0609375 0.0421875
0 0.0515625 0.46484375 0.0390625 0.0296875
0 0.13203125 0.3609375 0.03984375 0.0328125
0 0.3203125 0.68828125 0.04609375 0.0296875
0 0.11484375 0.56484375 0.0453125 0.02890625
1 0.5671875 0.45390625 0.2859375 0.1578125
0 0.1953125 0.62265625 0.04609375 0.02890625
0 0.7109375 0.2125 0.07109375 0.0375
0 0.1703125 0.434375 0.06640625 0.03359375
0 0.4453125 0.5609375 0.04609375 0.03359375
0 0.95234375 0.66328125 0.0625 0.0421875
1 0.6890625 0.53203125 0.2671875 0.13671875
0 0.796875 0.28515625 0.04375 0.0359375
0 0.3859375 0.496875 0.04140625 0.0296875
0 0.0078125 0.42421875 0.015625 0.0421875
1 0.4953125 0.36328125 0.14140625 0.0921875
1 0.97890625 0.49140625 0.0421875 0.0796875
0 0.3046875 0.4640625 0.13359375 0.0640625
0 0.6375 0.36640625 0.1375 0.06484375
1 0.88828125 0.73515625 0.11015625 0.053125
0 0.8265625 0.365625 0.04140625 0.03359375
0 0.4015625 0.6 0.0484375 0.03359375
0 0.1515625 0.2921875 0.0328125 0.025
0 0.24140625 0.3515625 0.0296875 0.03125
0 0.1578125 0.60625 0.0296875 0.02890625
0 0.20078125 0.64921875 0.0390625 0.02734375
0 0.1671875 0.6515625 0.0390625 0.02890625
0 0.04296875 0.5640625 0.0359375 0.01953125
0 0.0671875 0.51171875 0.04140625 0.025
0 0.23359375 0.64375 0.0328125 0.01796875
0 0.6015625 0.34140625 0.02734375 0.01875
0 0.3328125 0.49296875 0.0359375 0.02265625
0 0.22890625 0.90703125 0.0359375 0.02890625
0 0.19609375 0.88203125 0.03515625 0.0265625
0 0.1484375 0.72421875 0.0359375 0.02890625
0 0.2578125 0.803125 0.03515625 0.0265625
0 0.19296875 0.76328125 0.0375 0.028125
0 0.0609375 0.77890625 0.0203125 0.0125
0 0.3328125 0.90078125 0.0171875 0.009375
0 0.15546875 0.86640625 0.01875 0.009375
0 0.2984375 0.7109375 0.0203125 0.01015625
0 0.3703125 0.83984375 0.0171875 0.009375
0 0.34609375 0.8828125 0.01875 0.01015625
0 0.840625 0.66015625 0.03515625 0.02421875
0 0.80703125 0.6578125 0.0390625 0.02265625
0 0.7484375 0.82265625 0.0546875 0.0171875
0 0.78125 0.77421875 0.01875 0.0125
0 0.115625 0.4046875 0.0484375 0.02421875
0 0.25 0.6046875 0.0203125 0.009375
0 0.1953125 0.6109375 0.04375 0.01875
0 0.85234375 0.75546875 0.0125 0.00625
1 0.93515625 0.60546875 0.12265625 0.07109375
1 0.97265625 0.55234375 0.0546875 0.05546875
0 0.575 0.21484375 0.04375 0.0359375
0 0.5609375 0.20625 0.0453125 0.034375
0 0.5828125 0.49375 0.01484375 0.01015625
0 0.671875 0.56328125 0.01640625 0.009375
0 0.4265625 0.60703125 0.0453125 0.02734375