0 0.87421875 0.62265625 0.17421875 0.17890625
0 0.11953125 0.63515625 0.12734375 0.14296875
0 0.209375 0.1984375 0.165625 0.16328125
0 0.2609375 0.7890625 0.14296875 0.11171875
0 0.28046875 0.3234375 0.14140625 0.13203125
0 0.2609375 0.6 0.13671875 0.12734375
0 0.590625 0.25234375 0.14453125 0.1015625
0 0.70625 0.1609375 0.14921875 0.14140625
0 0.74609375 0.50078125 0.0984375 0.128125
0 0.22890625 0.4625 0.10703125 0.121875
0 0.7109375 0.35390625 0.11171875 0.13671875
0 0.47734375 0.8578125 0.14453125 0.140625
0 0.53046875 0.3640625 0.12421875 0.1
0 0.40703125 0.6890625 0.13203125 0.11015625
0 0.51796875 0.58359375 0.1140625 0.10390625
0 0.38671875 0.384375 0.09453125 0.11328125
0 0.690625 0.63046875 0.11875 0.115625
0 0.371875 0.53125 0.1 0.11953125
0 0.68515625 0.7828125 0.1390625 0.121875
0 0.61640625 0.4765625 0.08984375 0.128125
0 0.559375 0.69375 0.12265625 0.09453125
0 0.43046875 0.24140625 0.1203125 0.09453125
0 0.46640625 0.1125 0.14765625 0.08828125
0 0.08828125 0.42265625 0.08515625 0.14765625
0 0.87734375 0.36328125 0.1078125 0.18984375