0 0.2359375 0.2140625 0.16171875 0.15078125
0 0.278125 0.8078125 0.13359375 0.10703125
0 0.29765625 0.33671875 0.134375 0.12890625
0 0.26953125 0.60859375 0.12578125 0.12578125
0 0.7203125 0.1984375 0.14140625 0.13515625
0 0.40625 0.7046875 0.12578125 0.10546875
0 0.6046875 0.271875 0.13828125 0.1015625
0 0.50625 0.86484375 0.1359375 0.13359375
0 0.13359375 0.6453125 0.12109375 0.13359375
0 0.74296875 0.5140625 0.096875 0.12265625
0 0.87578125 0.63671875 0.16953125 0.17265625
0 0.68046875 0.646875 0.11484375 0.11171875
0 0.71875 0.36953125 0.109375 0.1296875
0 0.2359375 0.471875 0.09921875 0.11640625
0 0.4453125 0.25 0.1171875 0.08828125
0 0.5515625 0.71484375 0.11796875 0.08984375
0 0.1078125 0.42890625 0.0796875 0.13984375
0 0.71328125 0.78828125 0.13203125 0.1171875
0 0.48984375 0.1296875 0.1421875 0.08203125
0 0.8640625 0.40234375 0.1 0.18125
0 0.6265625 0.49765625 0.090625 0.12265625
0 0.51953125 0.6015625 0.11484375 0.09765625
0 0.3921875 0.534375 0.09609375 0.11484375
0 0.39765625 0.39609375 0.09921875 0.10859375
0 0.546875 0.378125 0.115625 0.096875