0 0.24296875 0.79296875 0.16640625 0.17734375
0 0.8296875 0.68828125 0.12109375 0.14453125
0 0.35859375 0.71796875 0.1421875 0.146875
0 0.63203125 0.71796875 0.13828125 0.13828125
0 0.1765625 0.3125 0.14921875 0.15546875
0 0.71328125 0.571875 0.11796875 0.1359375
0 0.2625 0.4203125 0.115625 0.14765625
0 0.86171875 0.45546875 0.146875 0.14921875
0 0.6828125 0.84921875 0.14609375 0.134375
0 0.48828125 0.25703125 0.13203125 0.109375
0 0.59609375 0.11171875 0.18984375 0.18671875
0 0.6265625 0.3046875 0.12265625 0.12578125
0 0.34765625 0.29609375 0.140625 0.12265625
0 0.5 0.765625 0.12578125 0.11015625
0 0.25703125 0.58046875 0.1 0.12578125
0 0.70859375 0.42578125 0.1015625 0.1265625
0 0.4703125 0.89765625 0.14765625 0.09375
0 0.7640625 0.2578125 0.13046875 0.14296875
0 0.1328125 0.5484375 0.09609375 0.15
0 0.36484375 0.1484375 0.190625 0.11796875
0 0.484375 0.37421875 0.13125 0.103125
0 0.59921875 0.4703125 0.109375 0.12421875
0 0.5453125 0.603125 0.12421875 0.1078125
0 0.40703125 0.6125 0.11796875 0.11015625
0 0.37421875 0.46640625 0.10859375 0.125