0 0.27421875 0.184375 0.175 0.1359375
0 0.3 0.8359375 0.15859375 0.13046875
0 0.67734375 0.86484375 0.1703125 0.15078125
0 0.60859375 0.6828125 0.13984375 0.12421875
0 0.46875 0.128125 0.17890625 0.16171875
0 0.459375 0.68828125 0.109375 0.1265625
0 0.390625 0.3421875 0.1296875 0.13046875
0 0.68125 0.41875 0.12421875 0.1375
0 0.309375 0.48828125 0.1296875 0.15859375
0 0.12109375 0.50703125 0.16796875 0.175
0 0.6546875 0.15078125 0.153125 0.16171875
0 0.48828125 0.88203125 0.134375 0.1203125
0 0.53984375 0.315625 0.146875 0.11171875
0 0.15390625 0.31640625 0.15625 0.146875
0 0.16171875 0.70703125 0.16640625 0.13203125
0 0.88671875 0.5765625 0.128125 0.15859375
0 0.834375 0.75234375 0.1703125 0.13046875
0 0.871875 0.3796875 0.15703125 0.184375
0 0.79296875 0.2328125 0.165625 0.14296875
0 0.33125 0.63828125 0.1265625 0.08828125
0 0.696875 0.56015625 0.08515625 0.10234375