0 0.19296875 0.73671875 0.14296875 0.17890625
0 0.84296875 0.68828125 0.1359375 0.1625
0 0.8578125 0.31015625 0.15625 0.17578125
0 0.67890625 0.38515625 0.1296875 0.14375
0 0.1296875 0.54375 0.16796875 0.184375
0 0.6890625 0.534375 0.13046875 0.11328125
0 0.34609375 0.61484375 0.134375 0.13359375
0 0.4125 0.32109375 0.14140625 0.1296875
0 0.49453125 0.690625 0.1625 0.134375
0 0.5203125 0.878125 0.1796875 0.1734375
0 0.1453125 0.35703125 0.16640625 0.15859375
0 0.88203125 0.49765625 0.12421875 0.13828125
0 0.31484375 0.46640625 0.1171875 0.15078125
0 0.32890625 0.85234375 0.15234375 0.16171875
0 0.71875 0.83125 0.1375 0.1703125
0 0.56328125 0.1109375 0.1625 0.13359375
0 0.73984375 0.15703125 0.1359375 0.175
0 0.3671875 0.1328125 0.1890625 0.1640625
0 0.22265625 0.21640625 0.14765625 0.1703125
0 0.64375 0.6640625 0.0921875 0.1296875
0 0.553125 0.3015625 0.10546875 0.0890625