0 0.40703125 0.8796875 0.1359375 0.14921875
0 0.721875 0.2390625 0.16640625 0.1734375
0 0.36171875 0.36875 0.128125 0.146875
0 0.2828125 0.82578125 0.13046875 0.13984375
0 0.59921875 0.13125 0.1703125 0.153125
0 0.328125 0.190625 0.14140625 0.1296875
0 0.565625 0.8703125 0.16953125 0.18671875
0 0.41171875 0.70546875 0.11484375 0.1171875
0 0.50703125 0.309375 0.15078125 0.15703125
0 0.2421875 0.30703125 0.1296875 0.1203125
0 0.78984375 0.59453125 0.165625 0.19296875
0 0.21875 0.70234375 0.125 0.15625
0 0.55703125 0.646875 0.1546875 0.17734375
0 0.19609375 0.434375 0.1265625 0.13828125
0 0.44140625 0.128125 0.1359375 0.14765625
0 0.60703125 0.471875 0.15703125 0.15703125
0 0.78828125 0.38671875 0.16015625 0.17890625
0 0.3234375 0.634375 0.1375 0.1359375
0 0.71328125 0.75703125 0.19453125 0.171875
0 0.29375 0.51171875 0.12109375 0.1296875
0 0.1796875 0.575 0.11171875 0.128125