0 0.890625 0.51953125 0.14765625 0.134375
0 0.2015625 0.33203125 0.1703125 0.1640625
0 0.39765625 0.6609375 0.1453125 0.1265625
0 0.86171875 0.6515625 0.1375 0.128125
0 0.11875 0.4734375 0.15078125 0.16953125
0 0.2296875 0.728125 0.1265625 0.13828125
0 0.8515625 0.36484375 0.184375 0.16640625
0 0.71796875 0.54765625 0.11484375 0.11328125
0 0.31171875 0.5296875 0.1546875 0.14765625
0 0.359375 0.78984375 0.1171875 0.128125
0 0.53828125 0.19765625 0.190625 0.1625
0 0.75234375 0.7375 0.1546875 0.12265625
0 0.63359375 0.415625 0.17578125 0.15234375
0 0.49375 0.81171875 0.1375 0.12421875
0 0.14609375 0.62890625 0.146875 0.134375
0 0.45234375 0.40078125 0.1546875 0.1546875
0 0.334375 0.23828125 0.17578125 0.15703125
0 0.665625 0.64765625 0.134375 0.1359375
0 0.71171875 0.24140625 0.16953125 0.19296875
0 0.55 0.70078125 0.128125 0.11875
0 0.63515625 0.80078125 0.1265625 0.109375