0 0.1125 0.446875 0.1375 0.12265625
0 0.7828125 0.69296875 0.15859375 0.15078125
0 0.615625 0.3484375 0.1359375 0.11484375
0 0.153125 0.31796875 0.128125 0.1171875
0 0.87734375 0.56015625 0.1375 0.15703125
0 0.7890625 0.296875 0.115625 0.1296875
0 0.13828125 0.60390625 0.171875 0.15234375
0 0.28671875 0.43359375 0.10703125 0.10390625
0 0.68984375 0.48671875 0.14375 0.1359375
0 0.665625 0.2234375 0.1078125 0.11875
0 0.4359375 0.79765625 0.17890625 0.14765625
0 0.2703125 0.24140625 0.1453125 0.1109375
0 0.36015625 0.57265625 0.1640625 0.13828125
0 0.53359375 0.190625 0.128125 0.11328125
0 0.8640625 0.40234375 0.1359375 0.12265625
0 0.5390625 0.603125 0.14296875 0.14296875
0 0.64296875 0.775 0.1640625 0.14375
0 0.34765625 0.33828125 0.12421875 0.125
0 0.26640625 0.7390625 0.1546875 0.1796875
0 0.4671875 0.29609375 0.11875 0.109375
0 0.39140625 0.18828125 0.11875 0.1