0 0.51171875 0.86171875 0.13984375 0.115625
0 0.68828125 0.18359375 0.18125 0.1453125
0 0.80703125 0.30625 0.15078125 0.1640625
0 0.34375 0.16171875 0.1203125 0.14140625
0 0.30390625 0.35625 0.14765625 0.128125
0 0.30546875 0.625 0.125 0.1359375
0 0.51171875 0.1375 0.13828125 0.109375
0 0.21328125 0.2203125 0.128125 0.12421875
0 0.26328125 0.49375 0.13828125 0.1171875
0 0.23125 0.76953125 0.12421875 0.13359375
0 0.71171875 0.50703125 0.13359375 0.12265625
0 0.86171875 0.56875 0.1296875 0.125
0 0.653125 0.37734375 0.1265625 0.13984375
0 0.4078125 0.6953125 0.115625 0.13203125
0 0.3703125 0.83984375 0.13046875 0.128125
0 0.875 0.4265625 0.134375 0.134375
0 0.675 0.8203125 0.14921875 0.128125
0 0.40546875 0.2984375 0.11328125 0.13359375
0 0.1109375 0.51796875 0.115625 0.15078125
0 0.14765625 0.65703125 0.12421875 0.1296875
0 0.54296875 0.30703125 0.115625 0.14140625
0 0.6453125 0.64609375 0.12421875 0.15703125
0 0.8 0.684375 0.1625 0.1296875
0 0.1296875 0.35625 0.134375 0.14765625
0 0.540625 0.70390625 0.11171875 0.11484375