0 0.48046875 0.86171875 0.14921875 0.128125
0 0.715625 0.20078125 0.19296875 0.16015625
0 0.82265625 0.33359375 0.1640625 0.17578125
0 0.37421875 0.15 0.13203125 0.15078125
0 0.3171875 0.3390625 0.15859375 0.13984375
0 0.2953125 0.6078125 0.1375 0.146875
0 0.54296875 0.13984375 0.14765625 0.12109375
0 0.23828125 0.196875 0.13828125 0.134375
0 0.26484375 0.4734375 0.14765625 0.1296875
0 0.20859375 0.74453125 0.134375 0.14375
0 0.71015625 0.52578125 0.14375 0.13359375
0 0.85390625 0.6 0.13984375 0.1359375
0 0.66328125 0.39140625 0.13828125 0.15078125
0 0.39140625 0.68671875 0.1265625 0.14140625
0 0.34140625 0.82734375 0.14140625 0.13828125
0 0.8796875 0.459375 0.1453125 0.1453125
0 0.64609375 0.834375 0.16015625 0.13984375
0 0.4234375 0.29140625 0.12421875 0.14296875
0 0.1109375 0.484375 0.1296875 0.16015625
0 0.13515625 0.625 0.134375 0.13984375
0 0.56015625 0.31171875 0.128125 0.15078125
0 0.63203125 0.6578125 0.1375 0.16796875
0 0.7828125 0.71015625 0.1734375 0.14296875
0 0.14296875 0.32421875 0.146875 0.15859375
0 0.52265625 0.70703125 0.12109375 0.12421875