0 0.140625 0.46171875 0.134375 0.1546875
0 0.7875 0.73046875 0.16953125 0.2
0 0.64921875 0.83046875 0.184375 0.171875
0 0.85703125 0.39296875 0.15625 0.13828125
0 0.6703125 0.32578125 0.14765625 0.1640625
0 0.40234375 0.28984375 0.15234375 0.14296875
0 0.85703125 0.5625 0.128125 0.15234375
0 0.81640625 0.2546875 0.13984375 0.14375
0 0.53828125 0.26640625 0.1359375 0.153125
0 0.2703125 0.196875 0.14921875 0.14140625
0 0.46328125 0.7078125 0.13984375 0.14921875
0 0.38203125 0.84765625 0.14296875 0.1453125
0 0.6 0.66875 0.15625 0.1453125
0 0.31953125 0.38203125 0.146875 0.13359375
0 0.18125 0.325 0.1453125 0.146875
0 0.5203125 0.88125 0.15234375 0.15234375
0 0.1578125 0.62890625 0.14765625 0.165625
0 0.7125 0.434375 0.14765625 0.13046875
0 0.53671875 0.11171875 0.165625 0.1359375
0 0.39375 0.12890625 0.1453125 0.14140625
0 0.684375 0.5703125 0.15625 0.134375
0 0.33515625 0.6234375 0.1734375 0.1453125
0 0.275 0.77109375 0.15078125 0.17890625
0 0.69375 0.15234375 0.165625 0.153125
0 0.2921875 0.51171875 0.1296875 0.1265625