0 0.71328125 0.753125 0.15859375 0.178125
0 0.37734375 0.778125 0.14765625 0.1734375
0 0.775 0.27578125 0.14765625 0.14609375
0 0.22421875 0.70078125 0.134375 0.165625
0 0.53828125 0.79609375 0.16015625 0.178125
0 0.4171875 0.61953125 0.12421875 0.1546875
0 0.23828125 0.2 0.11484375 0.12109375
0 0.3109375 0.5453125 0.13203125 0.1609375
0 0.271875 0.4171875 0.14140625 0.1296875
0 0.878125 0.49296875 0.13359375 0.1421875
0 0.3546875 0.16328125 0.10390625 0.1234375
0 0.6609375 0.57109375 0.1296875 0.1796875
0 0.71328125 0.43515625 0.1296875 0.14453125
0 0.4109375 0.26640625 0.10390625 0.11953125
0 0.64296875 0.328125 0.11875 0.13828125
0 0.83046875 0.61328125 0.16640625 0.15234375
0 0.8640625 0.37109375 0.14140625 0.1421875
0 0.534375 0.27265625 0.1015625 0.13359375
0 0.15234375 0.303125 0.134375 0.15078125
0 0.1125 0.434375 0.12265625 0.171875
0 0.5609375 0.62265625 0.12109375 0.15078125
0 0.14296875 0.571875 0.13046875 0.1609375
0 0.50078125 0.14453125 0.1203125 0.11328125
0 0.315625 0.309375 0.14140625 0.1234375
0 0.65625 0.1890625 0.15859375 0.1171875