0 0.37734375 0.8671875 0.13828125 0.265625
0 0.30390625 0.35859375 0.134375 0.259375
0 0.68515625 0.86328125 0.11171875 0.20703125
0 0.32734375 0.12734375 0.12265625 0.196875
0 0.3203125 0.61015625 0.13984375 0.278125
0 0.4109375 0.39296875 0.11875 0.2171875
0 0.64140625 0.0703125 0.09609375 0.13984375
0 0.43828125 0.215625 0.12421875 0.23203125
0 0.51171875 0.1328125 0.10546875 0.240625
0 0.6859375 0.21640625 0.09609375 0.18203125
0 0.48359375 0.76015625 0.1359375 0.23046875
0 0.578125 0.81796875 0.11328125 0.22578125
0 0.63046875 0.32109375 0.09296875 0.18203125
0 0.6328125 0.690625 0.10703125 0.20703125
0 0.47578125 0.94296875 0.1078125 0.1140625
0 0.6484375 0.51484375 0.1015625 0.1796875
0 0.56953125 0.02265625 0.1015625 0.0453125
0 0.434375 0.61484375 0.115625 0.21328125
0 0.40234375 0.040625 0.10546875 0.06875
0 0.7234375 0.4390625 0.0921875 0.2046875
0 0.5875 0.1828125 0.10234375 0.240625
0 0.721875 0.6875 0.1015625 0.265625