0 0.3203125 0.81171875 0.1265625 0.26328125
0 0.334375 0.284375 0.12265625 0.246875
0 0.61953125 0.91328125 0.10234375 0.1734375
0 0.39375 0.08125 0.115625 0.1625
0 0.30859375 0.53359375 0.1265625 0.265625
0 0.43125 0.3609375 0.109375 0.20703125
0 0.7125 0.11640625 0.08671875 0.18828125
0 0.48828125 0.2 0.11328125 0.21953125
0 0.57265625 0.15078125 0.09453125 0.23203125
0 0.7265625 0.30234375 0.08828125 0.1734375
0 0.440625 0.74453125 0.125 0.2171875
0 0.52265625 0.8390625 0.10234375 0.215625
0 0.65625 0.38046875 0.08515625 0.1734375
0 0.596875 0.7375 0.0984375 0.196875
0 0.40234375 0.93203125 0.10234375 0.12578125
0 0.64140625 0.57421875 0.09296875 0.16953125
0 0.65078125 0.04921875 0.0984375 0.0734375
0 0.4171875 0.58359375 0.10703125 0.203125
0 0.4796875 0.021875 0.10390625 0.04375
0 0.72578125 0.5328125 0.0828125 0.196875
0 0.63671875 0.22890625 0.090625 0.23203125
0 0.68359375 0.77109375 0.08828125 0.25703125