0 0.840625 0.70703125 0.128125 0.14375
0 0.24296875 0.1859375 0.1375 0.1453125
0 0.66015625 0.1359375 0.15234375 0.15078125
0 0.121875 0.59765625 0.13203125 0.12265625
0 0.15546875 0.31953125 0.1359375 0.14140625
0 0.64296875 0.884375 0.125 0.13359375
0 0.16796875 0.72734375 0.13984375 0.14375
0 0.3765625 0.88046875 0.12265625 0.14375
0 0.28515625 0.62578125 0.13359375 0.13203125
0 0.61875 0.3015625 0.12109375 0.1296875
0 0.771875 0.2203125 0.13203125 0.1265625
0 0.8765625 0.60234375 0.1078125 0.10703125
0 0.3046875 0.38828125 0.1171875 0.12265625
0 0.25234375 0.82265625 0.1203125 0.12109375
0 0.83828125 0.32734375 0.12421875 0.1109375
0 0.63203125 0.6921875 0.1265625 0.1171875
0 0.3859375 0.303125 0.12109375 0.1265625
0 0.7703125 0.815625 0.12265625 0.115625
0 0.265625 0.49375 0.11171875 0.11171875
0 0.69296875 0.61484375 0.128125 0.12265625
0 0.70234375 0.3921875 0.10703125 0.10390625
0 0.725 0.503125 0.1109375 0.09453125
0 0.5078125 0.11484375 0.12109375 0.125
0 0.51171875 0.73671875 0.12109375 0.13203125
0 0.503125 0.90703125 0.14375 0.13046875
0 0.38515625 0.71796875 0.115625 0.1203125
0 0.11171875 0.46484375 0.128125 0.125
0 0.3796875 0.11953125 0.10234375 0.128125
0 0.49453125 0.2671875 0.11171875 0.11484375
0 0.875 0.4609375 0.109375 0.128125