0 0.49296875 0.11796875 0.12265625 0.12890625
0 0.14765625 0.6265625 0.11328125 0.11328125
0 0.18984375 0.2765625 0.1203125 0.1234375
0 0.73359375 0.5 0.12109375 0.11875
0 0.36015625 0.1328125 0.10546875 0.10625
0 0.184375 0.7203125 0.1109375 0.1234375
0 0.26484375 0.196875 0.10546875 0.109375
0 0.834375 0.72109375 0.1109375 0.1109375
0 0.8890625 0.4640625 0.1078125 0.0921875
0 0.2828125 0.80078125 0.1015625 0.11484375
0 0.32421875 0.615625 0.1078125 0.11875
0 0.33515625 0.3515625 0.11171875 0.11171875
0 0.45390625 0.69296875 0.09765625 0.11796875
0 0.75703125 0.82265625 0.1015625 0.1203125
0 0.40234375 0.86015625 0.12265625 0.1328125
0 0.59453125 0.32109375 0.12421875 0.11640625
0 0.4640625 0.28359375 0.11484375 0.11484375
0 0.8640625 0.35703125 0.10234375 0.10078125
0 0.8796875 0.59140625 0.11171875 0.13046875
0 0.6203125 0.13828125 0.1171875 0.109375
0 0.6859375 0.3875 0.1 0.10625
0 0.64296875 0.8828125 0.10390625 0.11796875
0 0.13203125 0.38984375 0.1203125 0.13046875
0 0.73046875 0.19375 0.0984375 0.1046875
0 0.13046875 0.509375 0.1265625 0.09765625
0 0.80859375 0.259375 0.09609375 0.0953125
0 0.28515625 0.47578125 0.10703125 0.109375
0 0.67421875 0.63203125 0.11171875 0.11640625
0 0.51953125 0.8765625 0.09453125 0.11484375
0 0.5734375 0.7109375 0.09296875 0.09765625