0 0.4484375 0.121875 0.1109375 0.11484375
0 0.16484375 0.67109375 0.10234375 0.10078125
0 0.16640625 0.31796875 0.1078125 0.1109375
0 0.73125 0.46953125 0.109375 0.10625
0 0.31875 0.153125 0.09453125 0.0953125
0 0.2125 0.759375 0.0984375 0.11171875
0 0.23125 0.22890625 0.09453125 0.09765625
0 0.85703125 0.67734375 0.1 0.09765625
0 0.88203125 0.41484375 0.1 0.0796875
0 0.31953125 0.82578125 0.0890625 0.10390625
0 0.33828125 0.6375 0.09609375 0.1078125
0 0.31953125 0.37421875 0.1015625 0.09921875
0 0.4765625 0.69765625 0.08515625 0.1078125
0 0.7921875 0.7875 0.0890625 0.109375
0 0.4453125 0.86953125 0.109375 0.1203125
0 0.5734375 0.3109375 0.11328125 0.10234375
0 0.4390625 0.28984375 0.10390625 0.10234375
0 0.84453125 0.31171875 0.09296875 0.08984375
0 0.8875 0.5421875 0.0984375 0.11875
0 0.578125 0.125 0.10703125 0.096875
0 0.67109375 0.3640625 0.0890625 0.0953125
0 0.6859375 0.86171875 0.0921875 0.10625
0 0.121875 0.4375 0.10703125 0.11796875
0 0.69296875 0.16640625 0.08828125 0.09375
0 0.134375 0.55625 0.1171875 0.084375
0 0.77890625 0.22109375 0.08671875 0.08515625
0 0.284375 0.503125 0.09609375 0.09765625
0 0.68828125 0.609375 0.1015625 0.10390625
0 0.5625 0.87109375 0.0828125 0.1046875
0 0.59765625 0.69921875 0.084375 0.08828125