0 0.2765625 0.4671875 0.0984375 0.11328125
0 0.8703125 0.69765625 0.11484375 0.1328125
0 0.58203125 0.81015625 0.09765625 0.0765625
0 0.46953125 0.9140625 0.15078125 0.11484375
0 0.33046875 0.11171875 0.15078125 0.13984375
0 0.61796875 0.29921875 0.14375 0.12109375
0 0.615625 0.4046875 0.06796875 0.07578125
0 0.8203125 0.2 0.11796875 0.12890625
0 0.609375 0.184375 0.13125 0.10859375
0 0.78828125 0.36875 0.08359375 0.09765625
0 0.77265625 0.81875 0.1015625 0.09609375
0 0.590625 0.06875 0.10625 0.08359375
0 0.90390625 0.41796875 0.1171875 0.09453125
0 0.640625 0.88984375 0.10078125 0.08515625
0 0.78828125 0.6484375 0.08203125 0.08828125
0 0.2921875 0.85 0.12109375 0.1015625
0 0.23203125 0.6796875 0.08984375 0.09609375
0 0.33046875 0.24453125 0.08671875 0.0796875
0 0.4546875 0.18203125 0.11875 0.090625
0 0.878125 0.3125 0.08359375 0.09609375
0 0.703125 0.7453125 0.09453125 0.09375
0 0.16328125 0.753125 0.09296875 0.121875
0 0.24921875 0.321875 0.0796875 0.07734375
0 0.4671875 0.06953125 0.09375 0.07421875
0 0.37734375 0.6796875 0.11875 0.0921875
0 0.71484375 0.10703125 0.10390625 0.08359375
0 0.71484375 0.3953125 0.07265625 0.08359375
0 0.48671875 0.63359375 0.06953125 0.06328125
0 0.1859375 0.446875 0.0921875 0.12578125
0 0.64765625 0.68046875 0.08671875 0.0796875
0 0.12109375 0.34140625 0.08828125 0.10234375
0 0.44375 0.53359375 0.0640625 0.06015625
0 0.7265625 0.25703125 0.08515625 0.0828125
0 0.21171875 0.22890625 0.11796875 0.11484375
0 0.3171875 0.76484375 0.07734375 0.07734375
0 0.58359375 0.5171875 0.06015625 0.06484375
0 0.4078125 0.596875 0.07734375 0.07734375
0 0.1875 0.571875 0.0796875 0.08515625
0 0.32890625 0.3625 0.0734375 0.07265625
0 0.91953125 0.54140625 0.1015625 0.13984375
0 0.2984375 0.58671875 0.06484375 0.071875
0 0.409375 0.2953125 0.07265625 0.06015625
0 0.4453125 0.80703125 0.115625 0.0984375
0 0.07890625 0.6140625 0.08828125 0.13515625
0 0.38984375 0.41484375 0.06796875 0.07734375
0 0.3625 0.5140625 0.0703125 0.0828125
0 0.54453125 0.35546875 0.06796875 0.053125
0 0.52109375 0.7203125 0.16015625 0.09296875
0 0.71328125 0.60859375 0.05859375 0.06640625
0 0.64140625 0.5671875 0.06015625 0.06484375
0 0.515625 0.56640625 0.0671875 0.05390625
0 0.465625 0.44140625 0.06875 0.06484375
0 0.45625 0.3609375 0.06953125 0.05390625
0 0.659375 0.48515625 0.059375 0.0734375
0 0.0765625 0.465625 0.084375 0.10859375
0 0.496875 0.271875 0.06015625 0.05546875
0 0.7453125 0.49765625 0.07578125 0.1078125
0 0.82890625 0.5109375 0.07109375 0.13984375
0 0.55 0.43203125 0.0625 0.05859375
0 0.57421875 0.621875 0.075 0.05546875