0 0.71796875 0.559375 0.08671875 0.10390625
0 0.15625 0.25859375 0.10078125 0.12109375
0 0.45625 0.1828125 0.08984375 0.06640625
0 0.58046875 0.0921875 0.13984375 0.0984375
0 0.62109375 0.90546875 0.13671875 0.12421875
0 0.35859375 0.684375 0.13203125 0.10625
0 0.3734375 0.58046875 0.06015625 0.06875
0 0.14609375 0.75859375 0.10390625 0.11640625
0 0.353125 0.8 0.12109375 0.09453125
0 0.1984375 0.5953125 0.0734375 0.0890625
0 0.26796875 0.15 0.09140625 0.08515625
0 0.35703125 0.9171875 0.0984375 0.071875
0 0.0890625 0.53203125 0.1078125 0.08203125
0 0.4078125 0.09609375 0.0921875 0.07421875
0 0.23203125 0.3171875 0.07265625 0.08046875
0 0.74921875 0.17734375 0.1109375 0.08828125
0 0.78828125 0.35390625 0.08046875 0.08671875
0 0.63671875 0.77421875 0.07890625 0.07109375
0 0.50625 0.82109375 0.11015625 0.07734375
0 0.10234375 0.63984375 0.07265625 0.08828125
0 0.328125 0.23125 0.08515625 0.08359375
0 0.86484375 0.28984375 0.0796875 0.11328125
0 0.7265625 0.7078125 0.071875 0.06953125
0 0.4796875 0.93125 0.08671875 0.06484375
0 0.64375 0.33671875 0.11015625 0.07890625
0 0.23828125 0.8640625 0.09609375 0.07265625
0 0.27421875 0.578125 0.06328125 0.0765625
0 0.5296875 0.36875 0.06328125 0.05625
0 0.8046875 0.59140625 0.07890625 0.11640625
0 0.37578125 0.303125 0.07890625 0.0703125
0 0.85703125 0.70390625 0.07734375 0.09296875
0 0.559375 0.4734375 0.0578125 0.053125
0 0.24609375 0.71328125 0.07734375 0.07421875
0 0.753125 0.80390625 0.10546875 0.103125
0 0.71328125 0.259375 0.06953125 0.06953125
0 0.41953125 0.47265625 0.053125 0.05859375
0 0.60390625 0.41484375 0.06953125 0.06953125
0 0.81875 0.46640625 0.07109375 0.07734375
0 0.653125 0.65703125 0.06640625 0.06484375
0 0.0890625 0.4078125 0.08671875 0.13046875
0 0.7109375 0.43828125 0.05703125 0.065625
0 0.56484375 0.71484375 0.06640625 0.05234375
0 0.5921875 0.20234375 0.10546875 0.0859375
0 0.93125 0.43828125 0.0734375 0.12734375
0 0.59921875 0.5984375 0.06015625 0.07109375
0 0.6375 0.503125 0.06171875 0.07578125
0 0.43828125 0.63828125 0.0625 0.04609375
0 0.50625 0.27890625 0.15234375 0.07421875
0 0.3015625 0.365625 0.0515625 0.06015625
0 0.36796875 0.41640625 0.053125 0.05859375
0 0.4921875 0.43203125 0.06171875 0.04609375
0 0.52734375 0.5625 0.06171875 0.0578125
0 0.5265625 0.64375 0.0640625 0.046875
0 0.340625 0.4953125 0.0515625 0.06796875
0 0.915625 0.5859375 0.07265625 0.10078125
0 0.475 0.7265625 0.05390625 0.04921875
0 0.25625 0.47265625 0.06328125 0.10078125
0 0.175 0.44921875 0.05546875 0.134375
0 0.4421875 0.56171875 0.05703125 0.0515625
0 0.440625 0.3703125 0.06953125 0.04765625