0 0.71953125 0.55234375 0.08984375 0.10703125
0 0.1484375 0.27109375 0.10546875 0.125
0 0.4453125 0.184375 0.0921875 0.06953125
0 0.56640625 0.08984375 0.14296875 0.103125
0 0.63515625 0.9015625 0.14140625 0.12890625
0 0.36484375 0.68984375 0.13515625 0.1109375
0 0.3765625 0.58515625 0.06328125 0.07109375
0 0.15546875 0.77109375 0.10859375 0.1203125
0 0.3640625 0.80546875 0.12421875 0.0984375
0 0.2015625 0.60546875 0.0765625 0.09140625
0 0.25625 0.15859375 0.09453125 0.08828125
0 0.371875 0.921875 0.10078125 0.07578125
0 0.08984375 0.54609375 0.11015625 0.0859375
0 0.39375 0.09921875 0.09453125 0.07734375
0 0.22578125 0.3265625 0.075 0.0828125
0 0.7375 0.16875 0.1140625 0.0921875
0 0.7828125 0.34453125 0.08359375 0.0890625
0 0.64609375 0.76953125 0.08125 0.0734375
0 0.5171875 0.8203125 0.1125 0.08125
0 0.10703125 0.65390625 0.07578125 0.090625
0 0.31875 0.2375 0.08828125 0.08671875
0 0.85703125 0.27734375 0.08359375 0.115625
0 0.73359375 0.69921875 0.07421875 0.071875
0 0.4953125 0.93125 0.08828125 0.06796875
0 0.63828125 0.33203125 0.1125 0.0828125
0 0.2515625 0.87265625 0.0984375 0.07578125
0 0.27734375 0.5859375 0.06640625 0.07890625
0 0.525 0.36796875 0.065625 0.05859375
0 0.8078125 0.58046875 0.0828125 0.11953125
0 0.36875 0.30703125 0.08203125 0.07265625
0 0.86328125 0.69140625 0.08046875 0.09609375
0 0.55859375 0.47109375 0.059375 0.05546875
0 0.253125 0.72265625 0.0796875 0.0765625
0 0.76328125 0.79453125 0.109375 0.10703125
0 0.7046875 0.25234375 0.071875 0.07265625
0 0.41796875 0.475 0.05546875 0.06015625
0 0.60078125 0.4109375 0.071875 0.071875
0 0.81796875 0.45546875 0.0734375 0.08046875
0 0.65859375 0.6515625 0.06796875 0.06640625
0 0.0859375 0.421875 0.09140625 0.13359375
0 0.70859375 0.43125 0.05859375 0.06796875
0 0.57265625 0.7125 0.06796875 0.05390625
0 0.58125 0.19921875 0.10859375 0.08984375
0 0.92890625 0.4234375 0.07734375 0.13046875
0 0.60234375 0.59453125 0.0625 0.07265625
0 0.6375 0.4984375 0.0640625 0.078125
0 0.44296875 0.63984375 0.0640625 0.04765625
0 0.4984375 0.27890625 0.1546875 0.0796875
0 0.296875 0.37265625 0.05390625 0.06171875
0 0.36484375 0.42109375 0.05546875 0.06015625
0 0.48984375 0.43203125 0.06328125 0.0484375
0 0.5296875 0.56171875 0.0640625 0.06015625
0 0.53125 0.6421875 0.065625 0.04921875
0 0.340625 0.50078125 0.05390625 0.06953125
0 0.91875 0.57109375 0.0765625 0.103125
0 0.4828125 0.72734375 0.05546875 0.05078125
0 0.25546875 0.48125 0.0671875 0.103125
0 0.1734375 0.4609375 0.06015625 0.13671875
0 0.44375 0.5640625 0.05859375 0.05390625
0 0.43671875 0.371875 0.07109375 0.05