0 0.28046875 0.41171875 0.07265625 0.09140625
0 0.72890625 0.38515625 0.06328125 0.08359375
0 0.375 0.90546875 0.11484375 0.0890625
0 0.68515625 0.12421875 0.10546875 0.0921875
0 0.5828125 0.75234375 0.07109375 0.065625
0 0.46015625 0.24921875 0.07265625 0.06953125
0 0.7515625 0.5984375 0.06875 0.07578125
0 0.0921875 0.48046875 0.0765625 0.08828125
0 0.6390625 0.6359375 0.06953125 0.06171875
0 0.165625 0.2609375 0.07734375 0.08359375
0 0.2171875 0.68359375 0.06953125 0.07734375
0 0.684375 0.5703125 0.06640625 0.07265625
0 0.853125 0.2859375 0.07265625 0.08515625
0 0.178125 0.5015625 0.07109375 0.0796875
0 0.79609375 0.6609375 0.06484375 0.0703125
0 0.9015625 0.5953125 0.06953125 0.07578125
0 0.42734375 0.73828125 0.05703125 0.06953125
0 0.503125 0.75390625 0.084375 0.08046875
0 0.36640625 0.1984375 0.07421875 0.06796875
0 0.3390625 0.4953125 0.06171875 0.06796875
0 0.30625 0.6546875 0.07421875 0.075
0 0.08984375 0.5828125 0.06328125 0.08515625
0 0.8765625 0.696875 0.06953125 0.0890625
0 0.44296875 0.8375 0.0921875 0.06015625
0 0.265625 0.85546875 0.08671875 0.0765625
0 0.1171875 0.3734375 0.06953125 0.10234375
0 0.8125 0.80390625 0.07578125 0.08984375
0 0.90859375 0.50390625 0.0640625 0.0859375
0 0.48828125 0.92890625 0.0859375 0.06953125
0 0.45078125 0.17109375 0.07109375 0.07109375
0 0.26953125 0.4921875 0.06953125 0.06796875
0 0.2484375 0.30703125 0.06328125 0.06796875
0 0.45078125 0.0828125 0.07734375 0.0796875
0 0.521875 0.31015625 0.0640625 0.05703125
0 0.1890625 0.7890625 0.08203125 0.07734375
0 0.69140625 0.79140625 0.06015625 0.0609375
0 0.29609375 0.25078125 0.0578125 0.05859375
0 0.715625 0.24296875 0.06875 0.0765625
0 0.45234375 0.32734375 0.06953125 0.059375
0 0.3875 0.63046875 0.06640625 0.06953125
0 0.75859375 0.4609375 0.06640625 0.07265625
0 0.5515625 0.5640625 0.059375 0.0578125
0 0.5609375 0.07734375 0.09609375 0.07421875
0 0.27734375 0.5734375 0.08203125 0.07734375
0 0.8390625 0.48359375 0.05859375 0.06953125
0 0.625 0.82578125 0.0640625 0.06328125
0 0.34765625 0.42734375 0.053125 0.06640625
0 0.18671875 0.596875 0.07890625 0.06953125
0 0.54296875 0.8421875 0.08203125 0.06875
0 0.6484375 0.3671875 0.05703125 0.06171875
0 0.5453125 0.246875 0.0765625 0.06328125
0 0.77734375 0.3125 0.06484375 0.06953125
0 0.35 0.10625 0.08828125 0.071875
0 0.409375 0.45390625 0.05078125 0.06015625
0 0.28203125 0.7484375 0.071875 0.06796875
0 0.6328125 0.5453125 0.05234375 0.0609375
0 0.71875 0.88125 0.1125 0.08515625
0 0.5921875 0.31875 0.05859375 0.05390625
0 0.38828125 0.284375 0.06484375 0.06328125
0 0.9015625 0.3984375 0.078125 0.09140625
0 0.75234375 0.7296875 0.06328125 0.06640625
0 0.5765625 0.68125 0.06796875 0.05859375
0 0.75859375 0.525 0.0515625 0.06015625
0 0.6484375 0.71953125 0.0546875 0.06328125
0 0.63671875 0.4765625 0.05078125 0.06328125
0 0.428125 0.58046875 0.05234375 0.053125
0 0.6359375 0.18984375 0.07109375 0.06171875
0 0.62421875 0.26484375 0.065625 0.06015625
0 0.471875 0.53984375 0.05234375 0.06484375
0 0.4765625 0.60859375 0.05703125 0.053125
0 0.35625 0.56640625 0.05390625 0.05859375
0 0.5296875 0.42890625 0.07421875 0.05859375
0 0.49453125 0.37578125 0.04609375 0.04296875
0 0.44296875 0.403125 0.053125 0.05078125
0 0.24921875 0.17734375 0.10859375 0.090625
0 0.515625 0.6859375 0.05234375 0.04609375
0 0.54765625 0.16796875 0.09375 0.05234375
0 0.4671875 0.4640625 0.04609375 0.0515625
0 0.5390625 0.63046875 0.05703125 0.04453125
0 0.82265625 0.396875 0.0796875 0.0796875
0 0.55390625 0.3796875 0.05703125 0.04375
0 0.69453125 0.5046875 0.04296875 0.0578125
0 0.32578125 0.334375 0.07578125 0.0734375
0 0.2046875 0.396875 0.07265625 0.1015625
0 0.121875 0.696875 0.08203125 0.08984375
0 0.60390625 0.921875 0.11171875 0.084375
0 0.78359375 0.19296875 0.08203125 0.08203125
0 0.6859375 0.30546875 0.07109375 0.07109375
0 0.45546875 0.67109375 0.0671875 0.05078125
0 0.825 0.5734375 0.04921875 0.07421875
0 0.703125 0.6671875 0.06171875 0.06875
0 0.68828125 0.43671875 0.04609375 0.05625
0 0.5921875 0.6015625 0.0515625 0.04921875
0 0.5765625 0.49609375 0.05546875 0.065625
0 0.60390625 0.415625 0.05390625 0.05546875
0 0.3640625 0.7015625 0.0671875 0.065625
0 0.359375 0.8015625 0.07421875 0.0640625
0 0.3921875 0.371875 0.0609375 0.05234375
0 0.40703125 0.52109375 0.0546875 0.06015625