0 0.4078125 0.71796875 0.08984375 0.07109375
0 0.3890625 0.26875 0.0828125 0.06171875
0 0.903125 0.63203125 0.0875 0.11328125
0 0.12734375 0.30859375 0.090625 0.1046875
0 0.75390625 0.42109375 0.06484375 0.06953125
0 0.2484375 0.5359375 0.06796875 0.071875
0 0.603125 0.25 0.07421875 0.06796875
0 0.4734375 0.9078125 0.08671875 0.07578125
0 0.6390625 0.36328125 0.0609375 0.06796875
0 0.25546875 0.83046875 0.08203125 0.07578125
0 0.67890625 0.7859375 0.0765625 0.06796875
0 0.57421875 0.3171875 0.071875 0.06484375
0 0.2921875 0.14296875 0.08359375 0.07109375
0 0.4953125 0.821875 0.07890625 0.06953125
0 0.665625 0.20703125 0.06953125 0.06328125
0 0.60234375 0.10078125 0.075 0.06875
0 0.73671875 0.5765625 0.06953125 0.05546875
0 0.75390625 0.5015625 0.07890625 0.08359375
0 0.19609375 0.628125 0.06640625 0.0734375
0 0.49296875 0.6609375 0.06640625 0.0609375
0 0.65078125 0.696875 0.07421875 0.07265625
0 0.57578125 0.91171875 0.084375 0.0625
0 0.703125 0.1265625 0.08828125 0.06796875
0 0.8359375 0.5625 0.059375 0.09140625
0 0.8515625 0.740625 0.07578125 0.0859375
0 0.3671875 0.88046875 0.1015625 0.06796875
0 0.809375 0.1921875 0.08828125 0.07421875
0 0.5109375 0.09140625 0.08515625 0.06328125
0 0.92890625 0.51875 0.06796875 0.08515625
0 0.1703125 0.54375 0.0703125 0.0703125
0 0.48828125 0.73046875 0.0671875 0.06796875
0 0.303125 0.74765625 0.06640625 0.06171875
0 0.08203125 0.5421875 0.07890625 0.0765625
0 0.3109375 0.475 0.05546875 0.06328125
0 0.78359375 0.815625 0.0765625 0.08125
0 0.79453125 0.3140625 0.06015625 0.059375
0 0.246875 0.7 0.05859375 0.05703125
0 0.246875 0.2796875 0.07578125 0.06796875
0 0.3265625 0.54453125 0.05859375 0.06796875
0 0.628125 0.61484375 0.06796875 0.065625
0 0.465625 0.24140625 0.071875 0.06484375
0 0.56484375 0.44921875 0.05703125 0.05859375
0 0.07890625 0.43203125 0.07265625 0.0953125
0 0.5703125 0.7234375 0.0765625 0.08046875
0 0.4890625 0.1609375 0.06875 0.05703125
0 0.82734375 0.38125 0.0625 0.06328125
0 0.425 0.65078125 0.065625 0.05234375
0 0.59140625 0.81484375 0.06875 0.07734375
0 0.84296875 0.4625 0.06796875 0.08125
0 0.3703125 0.34921875 0.0609375 0.05625
0 0.24765625 0.45 0.06171875 0.07578125
0 0.3171875 0.21953125 0.06875 0.0640625
0 0.10390625 0.64296875 0.07109375 0.0875
0 0.45234375 0.58984375 0.059375 0.05
0 0.74453125 0.72265625 0.06640625 0.07109375
0 0.54765625 0.36796875 0.06015625 0.05078125
0 0.88515625 0.28828125 0.08359375 0.11171875
0 0.3203125 0.4046875 0.053125 0.0578125
0 0.2828125 0.6078125 0.0625 0.0640625
0 0.40546875 0.096875 0.08984375 0.0765625
0 0.734375 0.2515625 0.065625 0.06171875
0 0.6828125 0.4265625 0.05703125 0.06796875
0 0.5296875 0.2421875 0.06015625 0.05078125
0 0.721875 0.35546875 0.0625 0.05390625
0 0.47890625 0.36328125 0.0625 0.05
0 0.57890625 0.5734375 0.05234375 0.0515625
0 0.1921875 0.35859375 0.0609375 0.0703125
0 0.2671875 0.37109375 0.059375 0.06484375
0 0.5390625 0.52890625 0.0640625 0.0515625
0 0.60859375 0.525 0.05234375 0.05625
0 0.5640625 0.64453125 0.05703125 0.05234375
0 0.4296875 0.46875 0.0578125 0.0734375
0 0.37578125 0.503125 0.0421875 0.04609375
0 0.40234375 0.55546875 0.04921875 0.05234375
0 0.17265625 0.74453125 0.0890625 0.10703125
0 0.68671875 0.48828125 0.04453125 0.0515625
0 0.16953125 0.446875 0.05078125 0.09296875
0 0.4640625 0.53203125 0.05078125 0.04453125
0 0.63046875 0.46328125 0.04296875 0.05625
0 0.40234375 0.17578125 0.078125 0.078125
0 0.38125 0.44375 0.04296875 0.05703125
0 0.5078125 0.30546875 0.05703125 0.0421875
0 0.33125 0.67109375 0.07265625 0.07421875
0 0.3921875 0.79296875 0.10078125 0.07109375
0 0.690625 0.88203125 0.08828125 0.08125
0 0.9234375 0.403125 0.0828125 0.11015625
0 0.19765625 0.2109375 0.08046875 0.08125
0 0.30859375 0.3109375 0.06953125 0.06953125
0 0.6703125 0.54765625 0.05 0.06640625
0 0.57890625 0.1765625 0.0734375 0.04765625
0 0.6703125 0.3 0.06796875 0.06015625
0 0.440625 0.3109375 0.05546875 0.04453125
0 0.603125 0.409375 0.0484375 0.05078125
0 0.49765625 0.4234375 0.06484375 0.05390625
0 0.41796875 0.39453125 0.0546875 0.05390625
0 0.69921875 0.63984375 0.06484375 0.06640625
0 0.79921875 0.64609375 0.06328125 0.07265625
0 0.3703125 0.60546875 0.0515625 0.06015625
0 0.51953125 0.59296875 0.059375 0.05390625