0 0.39296875 0.7109375 0.0859375 0.06484375
0 0.40546875 0.26171875 0.07890625 0.05703125
0 0.89296875 0.66015625 0.08046875 0.1078125
0 0.14140625 0.2828125 0.08359375 0.09921875
0 0.75859375 0.4390625 0.06015625 0.065625
0 0.246875 0.51796875 0.06328125 0.06796875
0 0.6203125 0.2578125 0.0703125 0.06328125
0 0.44453125 0.9046875 0.08203125 0.06953125
0 0.64765625 0.3734375 0.05703125 0.06484375
0 0.2328125 0.8125 0.07734375 0.07109375
0 0.65859375 0.79765625 0.07265625 0.06328125
0 0.58671875 0.32265625 0.06796875 0.06015625
0 0.3171875 0.12890625 0.0796875 0.06640625
0 0.4734375 0.82109375 0.07421875 0.06484375
0 0.6859375 0.21875 0.065625 0.05859375
0 0.6296875 0.10859375 0.07109375 0.0640625
0 0.73125 0.59296875 0.065625 0.05078125
0 0.753125 0.51953125 0.07421875 0.078125
0 0.18828125 0.60625 0.06171875 0.06953125
0 0.48125 0.66015625 0.06328125 0.05703125
0 0.63671875 0.70703125 0.06953125 0.06796875
0 0.546875 0.91640625 0.08046875 0.05703125
0 0.72890625 0.14140625 0.08359375 0.06171875
0 0.83125 0.5859375 0.053125 0.08828125
0 0.83359375 0.7640625 0.06953125 0.08125
0 0.340625 0.8703125 0.09765625 0.06171875
0 0.83046875 0.21484375 0.08359375 0.06875
0 0.5390625 0.09296875 0.08125 0.05703125
0 0.9265625 0.5484375 0.0625 0.08046875
0 0.16796875 0.5203125 0.065625 0.06640625
0 0.471875 0.72890625 0.06328125 0.0640625
0 0.2859375 0.73359375 0.06328125 0.0578125
0 0.0796875 0.51328125 0.07421875 0.07109375
0 0.31328125 0.46171875 0.0515625 0.06015625
0 0.7609375 0.834375 0.07109375 0.0765625
0 0.80703125 0.33515625 0.05625 0.05546875
0 0.23359375 0.68125 0.0546875 0.053125
0 0.2625 0.2625 0.07109375 0.06328125
0 0.32421875 0.53203125 0.05390625 0.06484375
0 0.61953125 0.6234375 0.0640625 0.06171875
0 0.48359375 0.2390625 0.06796875 0.06015625
0 0.56875 0.45390625 0.053125 0.05546875
0 0.084375 0.40234375 0.06640625 0.09140625
0 0.55390625 0.728125 0.07109375 0.07578125
0 0.51328125 0.1609375 0.06484375 0.053125
0 0.83515625 0.40390625 0.05859375 0.059375
0 0.41484375 0.6453125 0.0625 0.04765625
0 0.56875 0.8203125 0.06328125 0.0734375
0 0.84453125 0.48671875 0.0625 0.07734375
0 0.38125 0.340625 0.05703125 0.05234375
0 0.25234375 0.4328125 0.05703125 0.071875
0 0.3375 0.20703125 0.06484375 0.06015625
0 0.0953125 0.61484375 0.06484375 0.08359375
0 0.44609375 0.5859375 0.05625 0.04609375
0 0.728125 0.7390625 0.06171875 0.06640625
0 0.55703125 0.37109375 0.05703125 0.04765625
0 0.89921875 0.315625 0.0765625 0.10625
0 0.32734375 0.39296875 0.04921875 0.0546875
0 0.27578125 0.59296875 0.05859375 0.06015625
0 0.434375 0.09140625 0.08515625 0.07109375
0 0.75078125 0.26875 0.06171875 0.0578125
0 0.6875 0.4390625 0.053125 0.0640625
0 0.54765625 0.24453125 0.05703125 0.046875
0 0.73125 0.37109375 0.059375 0.04921875
0 0.48828125 0.36171875 0.059375 0.04609375
0 0.57421875 0.57890625 0.04921875 0.0484375
0 0.203125 0.3375 0.05625 0.06640625
0 0.2765625 0.35546875 0.05546875 0.0609375
0 0.5375 0.53203125 0.0609375 0.04765625
0 0.60625 0.5328125 0.0484375 0.053125
0 0.55390625 0.6484375 0.05390625 0.04921875
0 0.43203125 0.4640625 0.053125 0.06953125
0 0.37578125 0.49453125 0.0390625 0.04296875
0 0.3984375 0.5484375 0.04609375 0.04921875
0 0.15625 0.72109375 0.08203125 0.1015625
0 0.68671875 0.50078125 0.04140625 0.04921875
0 0.1734375 0.4234375 0.04453125 0.08984375
0 0.46171875 0.5296875 0.04765625 0.04140625
0 0.6328125 0.47265625 0.03984375 0.05390625
0 0.425 0.16953125 0.0734375 0.0734375
0 0.38515625 0.4359375 0.0390625 0.05390625
0 0.52109375 0.30625 0.0546875 0.03828125
0 0.3203125 0.65859375 0.06796875 0.06953125
0 0.371875 0.78515625 0.09609375 0.0640625
0 0.66328125 0.89375 0.08359375 0.07578125
0 0.9296875 0.4328125 0.07578125 0.10546875
0 0.21875 0.190625 0.07578125 0.07578125
0 0.321875 0.2984375 0.06484375 0.065625
0 0.66640625 0.559375 0.04609375 0.06328125
0 0.6015625 0.1828125 0.07109375 0.04296875
0 0.684375 0.3125 0.0640625 0.05625
0 0.45390625 0.30703125 0.053125 0.04140625
0 0.609375 0.4171875 0.0453125 0.04765625
0 0.50234375 0.4234375 0.06171875 0.05
0 0.425 0.3890625 0.0515625 0.05
0 0.6890625 0.653125 0.06015625 0.06171875
0 0.78828125 0.66640625 0.05859375 0.06953125
0 0.36328125 0.59609375 0.04765625 0.05703125
0 0.5125 0.59453125 0.05625 0.05