0 0.39921875 0.63671875 0.0984375 0.08671875
0 0.6640625 0.12734375 0.13359375 0.1046875
0 0.33359375 0.54453125 0.0828125 0.07890625
0 0.33828125 0.7203125 0.10078125 0.0890625
0 0.23515625 0.58203125 0.10234375 0.121875
0 0.35078125 0.87421875 0.12265625 0.121875
0 0.1796875 0.25859375 0.1125 0.14921875
0 0.5328125 0.21875 0.11796875 0.07578125
0 0.4203125 0.45625 0.065625 0.07265625
0 0.34375 0.27265625 0.1171875 0.11640625
0 0.15859375 0.7125 0.11640625 0.1578125
0 0.49609375 0.77734375 0.12890625 0.1
0 0.69140625 0.2828125 0.11015625 0.10703125
0 0.6203125 0.87734375 0.16015625 0.11328125
0 0.771875 0.58125 0.10078125 0.13359375
0 0.2328125 0.4203125 0.06796875 0.10546875
0 0.50546875 0.41484375 0.07109375 0.06015625
0 0.625 0.36796875 0.075 0.075
0 0.67109375 0.7171875 0.09765625 0.08828125
0 0.6234375 0.634375 0.09296875 0.08046875
0 0.6859375 0.446875 0.08046875 0.06953125
0 0.33984375 0.43984375 0.07109375 0.10859375
0 0.83203125 0.74609375 0.12109375 0.134375
0 0.675 0.534375 0.06015625 0.08828125
0 0.41875 0.35234375 0.08203125 0.06796875
0 0.55546875 0.56328125 0.08203125 0.07421875
0 0.7875 0.4125 0.07265625 0.10078125
0 0.525 0.32890625 0.08828125 0.08046875
0 0.58828125 0.45546875 0.06796875 0.075
0 0.09140625 0.459375 0.10703125 0.14609375
0 0.87734375 0.284375 0.11640625 0.13984375
0 0.4 0.11328125 0.128125 0.12890625
0 0.93515625 0.50859375 0.06328125 0.19609375
0 0.4453125 0.5625 0.07890625 0.07578125
0 0.5125 0.665625 0.08515625 0.0765625