0 0.61171875 0.37265625 0.10546875 0.09453125
0 0.30390625 0.85703125 0.1421875 0.11640625
0 0.66953125 0.4703125 0.08984375 0.08515625
0 0.68046875 0.29453125 0.10859375 0.09765625
0 0.77109375 0.44140625 0.1125 0.13046875
0 0.68125 0.13984375 0.1328125 0.13203125
0 0.7984375 0.76875 0.125 0.15859375
0 0.44296875 0.77734375 0.12421875 0.0859375
0 0.575 0.55078125 0.071875 0.078125
0 0.6359375 0.73984375 0.12734375 0.12578125
0 0.85859375 0.31796875 0.1296875 0.1671875
0 0.528125 0.22421875 0.1375 0.1109375
0 0.28984375 0.7 0.11875 0.11640625
0 0.41328125 0.11328125 0.16953125 0.12734375
0 0.2359375 0.3953125 0.1125 0.14140625
0 0.75859375 0.603125 0.07734375 0.11171875
0 0.4875 0.584375 0.07578125 0.065625
0 0.3640625 0.6203125 0.08125 0.08125
0 0.3484375 0.26875 0.1046875 0.096875
0 0.3890625 0.35546875 0.1 0.08828125
0 0.31015625 0.53671875 0.0859375 0.07578125
0 0.65390625 0.57421875 0.08046875 0.11484375
0 0.190625 0.22578125 0.13203125 0.14453125
0 0.32890625 0.45 0.06796875 0.09296875
0 0.56796875 0.65390625 0.0875 0.07421875
0 0.45 0.43203125 0.08828125 0.08046875
0 0.20625 0.56171875 0.08046875 0.10625
0 0.46015625 0.66796875 0.0953125 0.08828125
0 0.40859375 0.53671875 0.07421875 0.08046875
0 0.903125 0.57578125 0.11953125 0.15546875
0 0.1046875 0.68203125 0.128125 0.14921875
0 0.565625 0.89375 0.1390625 0.13984375
0 0.0671875 0.45390625 0.0796875 0.20078125
0 0.56015625 0.44296875 0.08515625 0.0828125
0 0.5015625 0.334375 0.09140625 0.08359375