0 0.39453125 0.6328125 0.1015625 0.08984375
0 0.67734375 0.13359375 0.13671875 0.109375
0 0.33203125 0.53828125 0.08515625 0.08125
0 0.33046875 0.7140625 0.10390625 0.09296875
0 0.23203125 0.57265625 0.10625 0.12578125
0 0.3375 0.86875 0.12734375 0.12578125
0 0.18828125 0.24765625 0.11796875 0.153125
0 0.54296875 0.21953125 0.1203125 0.08046875
0 0.421875 0.453125 0.06796875 0.075
0 0.3515625 0.2671875 0.12109375 0.1203125
0 0.15078125 0.7 0.12109375 0.16171875
0 0.48671875 0.7765625 0.1328125 0.1046875
0 0.69921875 0.28984375 0.11328125 0.1109375
0 0.60703125 0.88125 0.1640625 0.11953125
0 0.76875 0.590625 0.10546875 0.13671875
0 0.2359375 0.4109375 0.071875 0.1078125
0 0.5078125 0.41484375 0.07265625 0.0625
0 0.62890625 0.37265625 0.07734375 0.07734375
0 0.66328125 0.7234375 0.10078125 0.09140625
0 0.61875 0.6390625 0.09609375 0.08359375
0 0.68828125 0.453125 0.0828125 0.071875
0 0.3421875 0.434375 0.075 0.11171875
0 0.8234375 0.75703125 0.12578125 0.13828125
0 0.6734375 0.540625 0.06328125 0.090625
0 0.42421875 0.35 0.08359375 0.0703125
0 0.553125 0.565625 0.08515625 0.0765625
0 0.78984375 0.42265625 0.07578125 0.103125
0 0.53125 0.3296875 0.09140625 0.08359375
0 0.58984375 0.45859375 0.0703125 0.07734375
0 0.09296875 0.4453125 0.11171875 0.15
0 0.88515625 0.29765625 0.12109375 0.14375
0 0.4140625 0.11015625 0.1328125 0.13359375
0 0.934375 0.5234375 0.06953125 0.1984375
0 0.44296875 0.56015625 0.08203125 0.07890625
0 0.50703125 0.665625 0.0875 0.0796875