0 0.70078125 0.9546875 0.04609375 0.0328125
0 0.82109375 0.8484375 0.0609375 0.0859375
0 0.8859375 0.51953125 0.06640625 0.0828125
0 0.690625 0.7 0.07734375 0.1
0 0.77734375 0.084375 0.0515625 0.04453125
0 0.8859375 0.21875 0.0578125 0.07890625
0 0.78046875 0.38984375 0.0640625 0.06953125
0 0.546875 0.53671875 0.0453125 0.06015625
0 0.34921875 0.3625 0.05 0.08515625
0 0.1921875 0.53984375 0.0515625 0.0765625
0 0.4390625 0.91484375 0.0375 0.05625
0 0.3109375 0.89921875 0.04609375 0.02578125
0 0.15234375 0.903125 0.04375 0.025
0 0.03828125 0.82265625 0.05625 0.090625
0 0.065625 0.62578125 0.0515625 0.0390625
0 0.03671875 0.5296875 0.0578125 0.08046875
0 0.0859375 0.34765625 0.0296875 0.0515625
0 0.1015625 0.28828125 0.0421875 0.065625
0 0.1796875 0.23515625 0.06875 0.0828125
0 0.15859375 0.059375 0.04609375 0.05078125
0 0.0953125 0.03515625 0.02265625 0.01328125
0 0.0109375 0.046875 0.02109375 0.0375