0 0.3734375 0.39921875 0.0671875 0.078125
0 0.16796875 0.771875 0.08515625 0.09609375
0 0.1609375 0.490625 0.08671875 0.08359375
0 0.52421875 0.7078125 0.090625 0.09609375
0 0.86171875 0.71484375 0.07265625 0.07265625
0 0.646875 0.89921875 0.11015625 0.08828125
0 0.32109375 0.09921875 0.08671875 0.06796875
0 0.39609375 0.80859375 0.08515625 0.07890625
0 0.45078125 0.35859375 0.06484375 0.0671875
0 0.425 0.27734375 0.08125 0.08984375
0 0.27265625 0.48203125 0.08515625 0.09375
0 0.66484375 0.35078125 0.10625 0.08203125
0 0.91953125 0.4515625 0.09296875 0.11328125
0 0.51640625 0.26015625 0.075 0.06328125
0 0.8203125 0.49140625 0.07890625 0.07578125
0 0.3984375 0.1640625 0.08515625 0.1
0 0.61484375 0.49375 0.06484375 0.07109375
0 0.29296875 0.57578125 0.10625 0.07109375
0 0.76796875 0.70234375 0.08203125 0.10859375
0 0.3421875 0.3125 0.05859375 0.10859375
0 0.38203125 0.57421875 0.06640625 0.0734375
0 0.359375 0.64765625 0.08671875 0.0578125
0 0.29609375 0.21640625 0.071875 0.1328125
0 0.8109375 0.5921875 0.0875 0.10234375
0 0.76484375 0.2921875 0.09453125 0.06015625
0 0.7046875 0.43515625 0.0796875 0.06875
0 0.17734375 0.6015625 0.12734375 0.0875
0 0.11875 0.28515625 0.0828125 0.09609375
0 0.5015625 0.81328125 0.12265625 0.11328125
0 0.6015625 0.28828125 0.12265625 0.059375
0 0.5328125 0.61328125 0.05546875 0.06328125
0 0.61953125 0.08203125 0.11171875 0.07578125
0 0.6734375 0.5984375 0.08203125 0.096875
0 0.44140625 0.690625 0.1015625 0.08046875
0 0.8390625 0.228125 0.078125 0.078125
0 0.06484375 0.5078125 0.0515625 0.078125
0 0.43515625 0.5359375 0.06171875 0.06015625
0 0.61328125 0.6625 0.0609375 0.08046875
0 0.58828125 0.81171875 0.06640625 0.06953125
0 0.70703125 0.5203125 0.08359375 0.08046875
0 0.50546875 0.153125 0.10546875 0.09296875
0 0.81015625 0.38984375 0.1 0.1046875
0 0.5234375 0.54609375 0.06015625 0.05546875
0 0.2109375 0.2828125 0.0546875 0.06875
0 0.46015625 0.60859375 0.07109375 0.04921875
0 0.39296875 0.90078125 0.0859375 0.0625
0 0.609375 0.178125 0.07890625 0.05625
0 0.18359375 0.3828125 0.09609375 0.0953125
0 0.59296875 0.56484375 0.0578125 0.06015625
0 0.22578125 0.6984375 0.07109375 0.05390625
0 0.5953125 0.41484375 0.05234375 0.0640625
0 0.51484375 0.42109375 0.06015625 0.0484375
0 0.5484375 0.48046875 0.04921875 0.05546875
0 0.2828125 0.3796875 0.05390625 0.090625
0 0.70625 0.21796875 0.13046875 0.0609375
0 0.30859375 0.7578125 0.10859375 0.0921875
0 0.67890625 0.759375 0.09921875 0.11015625
0 0.53125 0.3546875 0.08515625 0.05859375
0 0.3640625 0.4890625 0.05703125 0.0640625
0 0.43125 0.44453125 0.05625 0.059375