0 0.60546875 0.3765625 0.078125 0.0671875
0 0.23984375 0.15859375 0.09609375 0.08515625
0 0.52109375 0.16171875 0.08359375 0.08671875
0 0.29140625 0.5171875 0.09609375 0.090625
0 0.27265625 0.85390625 0.07265625 0.07265625
0 0.09609375 0.6328125 0.08828125 0.11015625
0 0.90625 0.33515625 0.06796875 0.08671875
0 0.1953125 0.38515625 0.07890625 0.08515625
0 0.64296875 0.45625 0.0671875 0.06484375
0 0.72578125 0.4328125 0.08984375 0.08125
0 0.52578125 0.2734375 0.09375 0.08515625
0 0.64375 0.66953125 0.08203125 0.10625
0 0.53359375 0.92109375 0.11328125 0.09296875
0 0.7390625 0.525 0.06328125 0.075
0 0.49765625 0.8203125 0.07578125 0.07890625
0 0.8390625 0.41015625 0.1 0.08515625
0 0.5015625 0.61484375 0.07109375 0.06484375
0 0.43125 0.28984375 0.07109375 0.10625
0 0.28828125 0.7609375 0.10859375 0.08203125
0 0.6921875 0.34921875 0.10859375 0.05859375
0 0.4296875 0.3796875 0.0734375 0.06640625
0 0.35703125 0.35390625 0.0578125 0.08671875
0 0.790625 0.30546875 0.1328125 0.071875
0 0.396875 0.8078125 0.10234375 0.0875
0 0.6984375 0.771875 0.06015625 0.09453125
0 0.5578125 0.70703125 0.06875 0.0796875
0 0.41015625 0.17421875 0.0875 0.12734375
0 0.72734375 0.1265625 0.09609375 0.0828125
0 0.18671875 0.490625 0.11328125 0.12265625
0 0.7078125 0.60859375 0.059375 0.12265625
0 0.3859375 0.528125 0.06328125 0.05546875
0 0.91328125 0.634375 0.07578125 0.11171875
0 0.3953125 0.66953125 0.096875 0.08203125
0 0.31171875 0.434375 0.08046875 0.1015625
0 0.76015625 0.8484375 0.078125 0.078125
0 0.50703125 0.06484375 0.078125 0.0515625
0 0.465625 0.434375 0.06015625 0.06171875
0 0.33359375 0.60703125 0.08046875 0.0609375
0 0.18515625 0.57734375 0.06953125 0.06640625
0 0.47265625 0.70625 0.08046875 0.08359375
0 0.84609375 0.51796875 0.09296875 0.10546875
0 0.59921875 0.81328125 0.1046875 0.1
0 0.453125 0.521875 0.05546875 0.06015625
0 0.72734375 0.21875 0.06875 0.0546875
0 0.39296875 0.45625 0.04921875 0.07109375
0 0.103125 0.37890625 0.0625 0.0859375
0 0.81796875 0.6203125 0.05625 0.07890625
0 0.628125 0.18828125 0.0953125 0.09609375
0 0.43203125 0.590625 0.06015625 0.0578125
0 0.3109375 0.21875 0.05390625 0.07109375
0 0.58125 0.5984375 0.0640625 0.05234375
0 0.578125 0.5171875 0.0484375 0.06015625
0 0.51796875 0.54921875 0.05546875 0.04921875
0 0.62734375 0.2875 0.090625 0.05390625
0 0.77421875 0.715625 0.0609375 0.13046875
0 0.24921875 0.29921875 0.0921875 0.10859375
0 0.234375 0.66953125 0.11015625 0.09921875
0 0.64453125 0.53671875 0.05859375 0.08515625
0 0.515625 0.36484375 0.0640625 0.05703125
0 0.55859375 0.43359375 0.059375 0.05625