0 0.71171875 0.33046875 0.10390625 0.0703125
0 0.784375 0.14921875 0.08515625 0.08203125
0 0.478125 0.2546875 0.075 0.07109375
0 0.628125 0.61640625 0.06875 0.08515625
0 0.3921875 0.271875 0.0875 0.103125
0 0.346875 0.46875 0.07109375 0.08125
0 0.43203125 0.64609375 0.07421875 0.0703125
0 0.59296875 0.9234375 0.09453125 0.08046875
0 0.546875 0.8375 0.08828125 0.07265625
0 0.58203125 0.3359375 0.07109375 0.0546875
0 0.5671875 0.39921875 0.0671875 0.05546875
0 0.2765625 0.10390625 0.096875 0.06875
0 0.75234375 0.409375 0.07890625 0.07265625
0 0.678125 0.1875 0.0828125 0.075
0 0.42265625 0.346875 0.06796875 0.08515625
0 0.4890625 0.33125 0.075 0.08046875
0 0.35546875 0.709375 0.08515625 0.06953125
0 0.6453125 0.36875 0.0875 0.05703125
0 0.678125 0.09453125 0.07890625 0.07265625
0 0.253125 0.45234375 0.07109375 0.06484375
0 0.24296875 0.52734375 0.1015625 0.1
0 0.3390625 0.53828125 0.084375 0.06875
0 0.89765625 0.65859375 0.07578125 0.09375
0 0.2421875 0.24140625 0.08046875 0.07734375
0 0.434375 0.4140625 0.05859375 0.05859375
0 0.3421875 0.9015625 0.06328125 0.05390625
0 0.4578125 0.92421875 0.10234375 0.05859375
0 0.51484375 0.590625 0.05859375 0.05390625
0 0.3765625 0.6046875 0.06640625 0.05
0 0.44765625 0.740625 0.06953125 0.08203125
0 0.678125 0.4390625 0.07109375 0.071875
0 0.16953125 0.175 0.08359375 0.07890625
0 0.60546875 0.45703125 0.0546875 0.05546875
0 0.5671875 0.65546875 0.05546875 0.065625
0 0.52421875 0.75 0.06015625 0.06015625
0 0.3328125 0.80390625 0.06015625 0.05625
0 0.465625 0.4578125 0.05234375 0.05078125
0 0.578125 0.25546875 0.0828125 0.0828125
0 0.50078125 0.6625 0.06171875 0.06953125
0 0.45078125 0.14375 0.06796875 0.05078125
0 0.65859375 0.27109375 0.0609375 0.05546875
0 0.61328125 0.51953125 0.04921875 0.06953125
0 0.8453125 0.56953125 0.06484375 0.08828125
0 0.0671875 0.58671875 0.05703125 0.09296875
0 0.85703125 0.2265625 0.05078125 0.05859375
0 0.675 0.56875 0.05234375 0.09453125
0 0.46328125 0.5171875 0.05078125 0.04765625
0 0.365625 0.39765625 0.05234375 0.07109375
0 0.821875 0.35390625 0.05859375 0.07421875
0 0.671875 0.69765625 0.05078125 0.0734375
0 0.10390625 0.271875 0.05625 0.05703125
0 0.5734375 0.565625 0.04453125 0.05234375
0 0.690625 0.50859375 0.05390625 0.05859375
0 0.2765625 0.38203125 0.08515625 0.0859375
0 0.72578125 0.65 0.0578125 0.09765625
0 0.92890625 0.40078125 0.04921875 0.05546875
0 0.45390625 0.5828125 0.04921875 0.0484375
0 0.18203125 0.65234375 0.0703125 0.08984375
0 0.740625 0.7515625 0.0609375 0.0609375
0 0.4125 0.4828125 0.04296875 0.05546875
0 0.83828125 0.76640625 0.05390625 0.059375
0 0.771875 0.49609375 0.07890625 0.08359375
0 0.14765625 0.43671875 0.0546875 0.071875
0 0.24609375 0.59921875 0.0578125 0.04921875
0 0.5625 0.50078125 0.04140625 0.0515625
0 0.3171875 0.31015625 0.04140625 0.059375
0 0.9328125 0.51015625 0.07734375 0.08984375
0 0.6984375 0.8921875 0.053125 0.05234375
0 0.17734375 0.7953125 0.05234375 0.04609375
0 0.753125 0.57109375 0.0453125 0.06171875
0 0.39453125 0.0703125 0.0671875 0.04296875
0 0.24921875 0.74140625 0.0359375 0.0328125
0 0.51875 0.5359375 0.0453125 0.03984375
0 0.5875 0.06484375 0.04765625 0.05390625
0 0.41484375 0.53671875 0.053125 0.0453125
0 0.47421875 0.8328125 0.0328125 0.03203125
0 0.05859375 0.46953125 0.040625 0.07421875
0 0.69375 0.79296875 0.03515625 0.0359375
0 0.11328125 0.71328125 0.0796875 0.090625
0 0.6046875 0.73515625 0.08515625 0.08046875
0 0.8984375 0.315625 0.0453125 0.05703125
0 0.29765625 0.66015625 0.08984375 0.078125
0 0.7828125 0.70625 0.03359375 0.03203125
0 0.1515625 0.58203125 0.03125 0.03671875
0 0.51328125 0.14609375 0.03828125 0.03046875
0 0.28203125 0.77265625 0.03359375 0.0359375
0 0.38671875 0.8265625 0.0359375 0.03203125
0 0.16484375 0.37421875 0.03046875 0.03515625
0 0.4296875 0.8296875 0.03359375 0.0328125
0 0.2015625 0.29375 0.03203125 0.03359375
0 0.8421875 0.41328125 0.03046875 0.034375
0 0.14609375 0.540625 0.02734375 0.03046875
0 0.7671875 0.26171875 0.03125 0.03046875
0 0.0765625 0.36875 0.04140625 0.05625
0 0.29921875 0.19609375 0.03203125 0.03515625
0 0.8515625 0.490625 0.02890625 0.034375
0 0.3859375 0.15703125 0.03671875 0.03203125
0 0.77109375 0.834375 0.05390625 0.04609375
0 0.14375 0.49921875 0.02890625 0.0359375
0 0.25625 0.8578125 0.05546875 0.04609375
0 0.79296875 0.3 0.03671875 0.0359375
0 0.184375 0.33203125 0.03359375 0.03359375
0 0.34375 0.17421875 0.03125 0.03046875
0 0.8015625 0.6703125 0.03203125 0.03046875
0 0.7359375 0.2296875 0.03671875 0.0359375
0 0.65859375 0.81796875 0.03984375 0.03359375
0 0.82109375 0.634375 0.03515625 0.03671875
0 0.496875 0.06171875 0.06171875 0.03984375
0 0.60859375 0.15625 0.0359375 0.03359375
0 0.53515625 0.44765625 0.05 0.04453125
0 0.5 0.40078125 0.05234375 0.04765625
0 0.56015625 0.14921875 0.0359375 0.03203125
0 0.85078125 0.4515625 0.03046875 0.03046875
0 0.6171875 0.83359375 0.03203125 0.03203125
0 0.21953125 0.7078125 0.03359375 0.03203125