0 0.74453125 0.3828125 0.1046875 0.071875
0 0.85546875 0.221875 0.0859375 0.08359375
0 0.534375 0.25625 0.07578125 0.071875
0 0.5984375 0.6421875 0.0703125 0.0859375
0 0.44609375 0.253125 0.0890625 0.10390625
0 0.3578125 0.43515625 0.07265625 0.08203125
0 0.40078125 0.6265625 0.075 0.07109375
0 0.4953125 0.9328125 0.09609375 0.08203125
0 0.46953125 0.83984375 0.0890625 0.0734375
0 0.61640625 0.35859375 0.07109375 0.05546875
0 0.58828125 0.4171875 0.06796875 0.05703125
0 0.37109375 0.0640625 0.09765625 0.06953125
0 0.76640625 0.46796875 0.08046875 0.07421875
0 0.74453125 0.2359375 0.08359375 0.07578125
0 0.459375 0.33359375 0.06953125 0.0859375
0 0.52734375 0.3328125 0.07578125 0.08203125
0 0.31171875 0.671875 0.08515625 0.07109375
0 0.67109375 0.40546875 0.08828125 0.05859375
0 0.76484375 0.14453125 0.0796875 0.0734375
0 0.26953125 0.3984375 0.07265625 0.06640625
0 0.24296875 0.46875 0.103125 0.10078125
0 0.33515625 0.50078125 0.08515625 0.0703125
0 0.8515625 0.74375 0.07734375 0.09453125
0 0.30703125 0.18984375 0.08203125 0.078125
0 0.45546875 0.4015625 0.059375 0.06015625
0 0.25546875 0.85625 0.0640625 0.05546875
0 0.36328125 0.90390625 0.10234375 0.06015625
0 0.49375 0.5921875 0.06015625 0.0546875
0 0.35625 0.57421875 0.06640625 0.05078125
0 0.3953125 0.72265625 0.07109375 0.0828125
0 0.6875 0.48046875 0.07265625 0.07265625
0 0.25078125 0.10859375 0.08515625 0.0796875
0 0.6125 0.48203125 0.05546875 0.05625
0 0.53046875 0.66640625 0.05703125 0.06640625
0 0.4671875 0.74921875 0.06171875 0.06171875
0 0.26875 0.75859375 0.06015625 0.05703125
0 0.47578125 0.4515625 0.053125 0.05234375
0 0.63125 0.27890625 0.084375 0.084375
0 0.4640625 0.65859375 0.0625 0.07109375
0 0.53203125 0.14140625 0.06796875 0.0515625
0 0.70625 0.3125 0.06171875 0.05546875
0 0.60625 0.54453125 0.05 0.06953125
0 0.82109375 0.6453125 0.06640625 0.0890625
0 0.05859375 0.48671875 0.05859375 0.09375
0 0.909375 0.3140625 0.05234375 0.059375
0 0.65546875 0.60703125 0.05390625 0.09453125
0 0.46015625 0.50859375 0.0515625 0.04765625
0 0.3921875 0.36953125 0.053125 0.071875
0 0.846875 0.43046875 0.06015625 0.07421875
0 0.62265625 0.73125 0.05234375 0.07421875
0 0.165625 0.1890625 0.05703125 0.05703125
0 0.55625 0.58046875 0.04609375 0.053125
0 0.68359375 0.5515625 0.05546875 0.06015625
0 0.309375 0.33515625 0.0859375 0.08671875
0 0.6859375 0.696875 0.059375 0.0984375
0 0.940625 0.5 0.04921875 0.05625
0 0.43671875 0.5703125 0.05078125 0.04921875
0 0.15625 0.5765625 0.071875 0.090625
0 0.678125 0.79921875 0.06171875 0.06171875
0 0.41875 0.46328125 0.04453125 0.05546875
0 0.7703125 0.8359375 0.05546875 0.06015625
0 0.765625 0.55703125 0.0796875 0.08515625
0 0.17109375 0.359375 0.05546875 0.07265625
0 0.23046875 0.53984375 0.05859375 0.05078125
0 0.5609375 0.51484375 0.0421875 0.05234375
0 0.36484375 0.27421875 0.0421875 0.059375
0 0.91953125 0.60703125 0.07890625 0.09140625
0 0.60546875 0.9265625 0.05390625 0.053125
0 0.11875 0.715625 0.053125 0.04765625
0 0.73046875 0.6265625 0.04609375 0.06171875
0 0.49375 0.0578125 0.06796875 0.04375
0 0.20078125 0.67890625 0.0359375 0.03359375
0 0.51015625 0.5390625 0.04609375 0.03984375
0 0.68359375 0.0953125 0.04765625 0.0546875
0 0.40859375 0.5171875 0.05390625 0.04609375
0 0.4 0.81796875 0.03359375 0.03203125
0 0.07734375 0.37109375 0.04140625 0.07421875
0 0.62265625 0.8296875 0.0359375 0.03671875
0 0.075 0.6203125 0.08125 0.09140625
0 0.54921875 0.75234375 0.08671875 0.08125
0 0.9296875 0.409375 0.04609375 0.05859375
0 0.2671875 0.61015625 0.090625 0.07890625
0 0.7296875 0.7640625 0.03359375 0.03203125
0 0.1421875 0.5015625 0.03203125 0.0375
0 0.5921875 0.15859375 0.03828125 0.03125
0 0.2265625 0.71640625 0.03359375 0.03671875
0 0.315625 0.7921875 0.03671875 0.03203125
0 0.2015625 0.3015625 0.03046875 0.03515625
0 0.35703125 0.80546875 0.03359375 0.03359375
0 0.25546875 0.23203125 0.0328125 0.03359375
0 0.853125 0.4921875 0.03125 0.03515625
0 0.14609375 0.459375 0.028125 0.03046875
0 0.8140625 0.328125 0.03203125 0.03046875
0 0.1171875 0.27734375 0.0421875 0.05703125
0 0.37265625 0.15859375 0.0328125 0.03515625
0 0.84453125 0.5703125 0.02890625 0.03515625
0 0.465625 0.140625 0.0375 0.0328125
0 0.6890625 0.88671875 0.05390625 0.046875
0 0.153125 0.41875 0.0296875 0.03671875
0 0.18203125 0.79453125 0.05546875 0.046875
0 0.83046875 0.37109375 0.03671875 0.03671875
0 0.2296875 0.26484375 0.034375 0.03359375
0 0.42109375 0.14765625 0.03203125 0.03125
0 0.75546875 0.73359375 0.03203125 0.03046875
0 0.790625 0.28984375 0.0375 0.03671875
0 0.58359375 0.84609375 0.040625 0.034375
0 0.7828125 0.703125 0.0359375 0.0375
0 0.59609375 0.071875 0.06171875 0.040625
0 0.68359375 0.1890625 0.03671875 0.034375
0 0.5453125 0.45703125 0.05078125 0.04453125
0 0.52265625 0.403125 0.053125 0.04921875
0 0.63828125 0.171875 0.03671875 0.03203125
0 0.853125 0.53125 0.03046875 0.03125
0 0.5390625 0.8515625 0.03203125 0.0328125
0 0.1796875 0.6390625 0.03359375 0.0328125