0 0.65546875 0.86875 0.09375 0.1015625
0 0.7859375 0.18515625 0.0921875 0.09296875
0 0.88828125 0.57421875 0.09453125 0.06484375
0 0.8953125 0.40078125 0.09296875 0.07421875
0 0.60625 0.10625 0.0921875 0.09921875
0 0.25859375 0.834375 0.09296875 0.096875
0 0.32734375 0.128125 0.0921875 0.0984375
0 0.23046875 0.59140625 0.07421875 0.05859375
0 0.46015625 0.1015625 0.09453125 0.09921875
0 0.08359375 0.48515625 0.10078125 0.09296875
0 0.38828125 0.89140625 0.09296875 0.10078125
0 0.10234375 0.35 0.09765625 0.08984375
0 0.878125 0.33203125 0.0875 0.065625
0 0.59609375 0.40703125 0.05546875 0.05390625
0 0.10234375 0.55703125 0.09296875 0.07578125
0 0.18203125 0.7359375 0.0859375 0.08046875
0 0.82734375 0.70390625 0.07734375 0.08359375
0 0.11328125 0.63671875 0.09765625 0.09296875
0 0.2421875 0.3625 0.08203125 0.065625
0 0.85390625 0.275 0.08515625 0.06875
0 0.7671875 0.37734375 0.07890625 0.06484375
0 0.71640625 0.81953125 0.07109375 0.07421875
0 0.87265625 0.65 0.09765625 0.09296875
0 0.66875 0.13515625 0.0671875 0.078125
0 0.71953125 0.15390625 0.07109375 0.0875
0 0.89296875 0.5171875 0.0921875 0.059375
0 0.4171875 0.2328125 0.059375 0.0671875
0 0.578125 0.88046875 0.06796875 0.08515625
0 0.3234375 0.86796875 0.065625 0.08046875
0 0.26328125 0.17265625 0.07734375 0.0890625
0 0.21484375 0.7875 0.07578125 0.071875
0 0.31171875 0.5515625 0.06015625 0.05390625
0 0.69140625 0.43046875 0.06171875 0.05390625
0 0.14765625 0.29296875 0.08671875 0.08046875
0 0.17578125 0.23125 0.09609375 0.09375
0 0.303125 0.49140625 0.0609375 0.05703125
0 0.65859375 0.60625 0.05859375 0.059375
0 0.39765625 0.1171875 0.05703125 0.1
0 0.346875 0.38125 0.06015625 0.05859375
0 0.3765625 0.6484375 0.05859375 0.06015625
0 0.56015625 0.31015625 0.05625 0.05859375
0 0.61640625 0.3328125 0.06015625 0.06015625
0 0.44296875 0.3140625 0.053125 0.05859375
0 0.33515625 0.6078125 0.059375 0.05390625
0 0.51796875 0.8890625 0.07265625 0.09609375
0 0.09921875 0.4203125 0.1 0.0578125
0 0.70078125 0.49453125 0.05703125 0.053125
0 0.89921875 0.459375 0.10234375 0.05703125
0 0.7515625 0.6125 0.06484375 0.05546875
0 0.53359375 0.10234375 0.06640625 0.08359375
0 0.21640625 0.4921875 0.0734375 0.04921875
0 0.7109375 0.2921875 0.08984375 0.07421875
0 0.43359375 0.678125 0.0578125 0.06015625
0 0.38828125 0.33828125 0.0546875 0.05703125
0 0.61953125 0.653125 0.05546875 0.05859375
0 0.52890625 0.21484375 0.06171875 0.08359375
0 0.30859375 0.278125 0.06484375 0.0703125
0 0.6625 0.3734375 0.05859375 0.05390625
0 0.6875 0.55390625 0.06015625 0.05859375
0 0.47890625 0.6203125 0.05 0.0515625
0 0.58203125 0.22109375 0.06015625 0.0734375
0 0.77890625 0.5625 0.0703125 0.06171875
0 0.3125 0.4328125 0.05390625 0.053125
0 0.36640625 0.2546875 0.06484375 0.0734375
0 0.44765625 0.3828125 0.0484375 0.05
0 0.66484375 0.72421875 0.0765625 0.0859375
0 0.778125 0.4296875 0.06875 0.0484375
0 0.375 0.45859375 0.05390625 0.0515625
0 0.45625 0.8875 0.05703125 0.090625
0 0.43828125 0.53046875 0.05 0.046875
0 0.5578125 0.68046875 0.05625 0.06015625
0 0.1453125 0.6890625 0.08359375 0.065625
0 0.37421875 0.5140625 0.04921875 0.04765625
0 0.55078125 0.38125 0.053125 0.05625
0 0.675 0.26015625 0.05625 0.06015625
0 0.76328125 0.7828125 0.06953125 0.07109375
0 0.47890625 0.43046875 0.0453125 0.0453125
0 0.7453125 0.3375 0.0671875 0.05859375
0 0.4734375 0.22421875 0.05078125 0.065625
0 0.39140625 0.565625 0.04609375 0.04609375
0 0.553125 0.4546875 0.05 0.04609375
0 0.2171875 0.53984375 0.0734375 0.05
0 0.40234375 0.76875 0.05703125 0.0765625
0 0.821875 0.2359375 0.08046875 0.06640625
0 0.4953125 0.68671875 0.04453125 0.05078125
0 0.45390625 0.7765625 0.053125 0.06953125
0 0.5828125 0.5921875 0.04375 0.0453125
0 0.27421875 0.67421875 0.05703125 0.06015625
0 0.35234375 0.74453125 0.06328125 0.07578125
0 0.4046875 0.41328125 0.05078125 0.04921875
0 0.534375 0.61640625 0.04921875 0.05078125
0 0.6203125 0.45546875 0.04765625 0.04765625
0 0.72265625 0.653125 0.06796875 0.05859375
0 0.5515625 0.53125 0.04296875 0.03984375
0 0.5015625 0.77890625 0.0515625 0.07265625
0 0.2109375 0.44921875 0.05546875 0.04296875
0 0.615625 0.55390625 0.04609375 0.04453125
0 0.6234375 0.7578125 0.05078125 0.06171875
0 0.4765625 0.5546875 0.04609375 0.04765625
0 0.31015625 0.71484375 0.07734375 0.078125
0 0.6234375 0.50625 0.0390625 0.03671875
0 0.2234375 0.19296875 0.0703125 0.08515625
0 0.78828125 0.478125 0.0515625 0.03984375
0 0.2734375 0.31640625 0.05625 0.04453125
0 0.4296875 0.6015625 0.04609375 0.04921875
0 0.50234375 0.37265625 0.0515625 0.04921875
0 0.25 0.6359375 0.06015625 0.04609375
0 0.51953125 0.55703125 0.04453125 0.04375
0 0.2171875 0.4109375 0.06640625 0.0546875
0 0.44140625 0.45078125 0.03984375 0.04140625
0 0.5015625 0.30703125 0.0484375 0.04453125
0 0.63046875 0.2390625 0.04765625 0.05390625
0 0.7875 0.74140625 0.084375 0.084375
0 0.57890625 0.771875 0.03828125 0.06015625
0 0.5203125 0.43203125 0.0375 0.03671875
0 0.54375 0.775 0.04296875 0.0609375
0 0.7890625 0.5171875 0.06328125 0.04296875
0 0.42578125 0.4890625 0.04453125 0.04140625
0 0.5625 0.4921875 0.03984375 0.040625
0 0.6953125 0.6890625 0.065625 0.06328125