0 0.609375 0.884375 0.08359375 0.0921875
0 0.821875 0.221875 0.0828125 0.08359375
0 0.8765625 0.62109375 0.08828125 0.0546875
0 0.90390625 0.45 0.0859375 0.0640625
0 0.653125 0.12265625 0.08203125 0.08984375
0 0.21953125 0.80234375 0.08359375 0.0875
0 0.37421875 0.109375 0.08203125 0.0890625
0 0.22109375 0.5578125 0.06796875 0.05078125
0 0.509375 0.1 0.084375 0.08984375
0 0.08828125 0.434375 0.09140625 0.0828125
0 0.34140625 0.875 0.0828125 0.09140625
0 0.1234375 0.30234375 0.08828125 0.08046875
0 0.89609375 0.3796875 0.08125 0.05625
0 0.60625 0.41953125 0.05 0.04765625
0 0.0984375 0.50859375 0.08515625 0.06640625
0 0.15546875 0.6953125 0.07734375 0.071875
0 0.8 0.7421875 0.06796875 0.07578125
0 0.1 0.58828125 0.08828125 0.08203125
0 0.2609375 0.33203125 0.07578125 0.05703125
0 0.878125 0.3203125 0.078125 0.06015625
0 0.78046875 0.4109375 0.07265625 0.05625
0 0.67578125 0.84375 0.06328125 0.0671875
0 0.8515625 0.69375 0.08828125 0.08203125
0 0.71171875 0.15859375 0.05859375 0.07109375
0 0.76015625 0.18359375 0.06171875 0.08046875
0 0.88828125 0.565625 0.08671875 0.04921875
0 0.45078125 0.22421875 0.05234375 0.06171875
0 0.53125 0.88671875 0.05859375 0.07890625
0 0.2796875 0.84375 0.05703125 0.07421875
0 0.3046875 0.14609375 0.06796875 0.08125
0 0.18203125 0.75 0.06875 0.0640625
0 0.30703125 0.528125 0.0546875 0.04765625
0 0.6984375 0.45390625 0.05625 0.04765625
0 0.175 0.2515625 0.078125 0.07109375
0 0.2109375 0.19375 0.08671875 0.08359375
0 0.30546875 0.4671875 0.05546875 0.05078125
0 0.64453125 0.625 0.05234375 0.053125
0 0.4453125 0.1078125 0.0453125 0.0953125
0 0.3625 0.36328125 0.05390625 0.05234375
0 0.359375 0.6328125 0.05234375 0.05390625
0 0.5828125 0.31875 0.05 0.05234375
0 0.6359375 0.3484375 0.05390625 0.05390625
0 0.465625 0.30859375 0.046875 0.05390625
0 0.32265625 0.58671875 0.05390625 0.04765625
0 0.4703125 0.88828125 0.06171875 0.08984375
0 0.1125 0.371875 0.0953125 0.04609375
0 0.7 0.51875 0.0515625 0.04765625
0 0.90078125 0.5078125 0.09765625 0.04609375
0 0.7359375 0.6421875 0.06015625 0.0484375
0 0.58125 0.109375 0.0578125 0.07734375
0 0.21953125 0.4578125 0.06875 0.04140625
0 0.73515625 0.31953125 0.08203125 0.06484375
0 0.4125 0.66875 0.0515625 0.0546875
0 0.40859375 0.32578125 0.04921875 0.0515625
0 0.6 0.6671875 0.04921875 0.05234375
0 0.56328125 0.22109375 0.053125 0.07734375
0 0.33671875 0.25703125 0.05703125 0.0640625
0 0.67734375 0.39375 0.05390625 0.04765625
0 0.6796875 0.57578125 0.05390625 0.05234375
0 0.4640625 0.6171875 0.04453125 0.04609375
0 0.615625 0.2328125 0.05234375 0.06796875
0 0.76953125 0.59609375 0.0640625 0.0546875
0 0.321875 0.41015625 0.0484375 0.04765625
0 0.39765625 0.240625 0.05703125 0.0671875
0 0.46171875 0.37734375 0.04296875 0.0453125
0 0.6359375 0.7421875 0.06796875 0.078125
0 0.784375 0.4640625 0.0640625 0.04140625
0 0.38125 0.44375 0.0484375 0.04609375
0 0.409375 0.87890625 0.04765625 0.08515625
0 0.43515625 0.52265625 0.0453125 0.04140625
0 0.5359375 0.6859375 0.05 0.05390625
0 0.125 0.64453125 0.07734375 0.05703125
0 0.3734375 0.4984375 0.04453125 0.0421875
0 0.56484375 0.38828125 0.04765625 0.05078125
0 0.703125 0.28359375 0.05 0.05390625
0 0.72734375 0.81328125 0.06171875 0.0640625
0 0.4875 0.428125 0.040625 0.040625
0 0.76328125 0.36875 0.06171875 0.05078125
0 0.50703125 0.2234375 0.04375 0.0609375
0 0.384375 0.5515625 0.04140625 0.04140625
0 0.5578125 0.4609375 0.0453125 0.040625
0 0.2140625 0.50546875 0.06875 0.0421875
0 0.3703125 0.75546875 0.0484375 0.07109375
0 0.8515625 0.2765625 0.07421875 0.05859375
0 0.47265625 0.68515625 0.03984375 0.04609375
0 0.4203125 0.76875 0.04609375 0.06484375
0 0.5703125 0.6015625 0.0390625 0.040625
0 0.2546875 0.6453125 0.05078125 0.05390625
0 0.32421875 0.725 0.05546875 0.06953125
0 0.41640625 0.40234375 0.0453125 0.04375
0 0.5203125 0.6203125 0.04375 0.04609375
0 0.625 0.47109375 0.04296875 0.04296875
0 0.70234375 0.6796875 0.0625 0.0515625
0 0.54765625 0.53671875 0.03828125 0.03515625
0 0.46796875 0.7765625 0.04375 0.06796875
0 0.21953125 0.4140625 0.05078125 0.0375
0 0.6078125 0.5671875 0.04140625 0.03984375
0 0.59140625 0.77109375 0.04453125 0.05703125
0 0.4703125 0.5515625 0.04140625 0.04296875
0 0.28515625 0.690625 0.06953125 0.0703125
0 0.62109375 0.52109375 0.03515625 0.0328125
0 0.26328125 0.1609375 0.06171875 0.078125
0 0.78828125 0.51328125 0.04765625 0.03359375
0 0.296875 0.28984375 0.05234375 0.03828125
0 0.41796875 0.5921875 0.04140625 0.04453125
0 0.5171875 0.37421875 0.04609375 0.04453125
0 0.23515625 0.60390625 0.05546875 0.03984375
0 0.5125 0.559375 0.03984375 0.0390625
0 0.23046875 0.3765625 0.0609375 0.04765625
0 0.4484375 0.44375 0.0359375 0.03671875
0 0.525 0.30859375 0.04375 0.03984375
0 0.6609375 0.25625 0.04140625 0.04921875
0 0.75546875 0.775 0.07578125 0.07578125
0 0.5453125 0.77890625 0.03203125 0.05625
0 0.52890625 0.43515625 0.03359375 0.03359375
0 0.509375 0.778125 0.0359375 0.05703125
0 0.78515625 0.55234375 0.05859375 0.03671875
0 0.428125 0.48046875 0.03984375 0.03671875
0 0.5625 0.5 0.03515625 0.03671875
0 0.67109375 0.71171875 0.059375 0.05625