0 0.20859375 0.78828125 0.08203125 0.0875
0 0.83125 0.7046875 0.103125 0.09453125
0 0.4828125 0.1046875 0.07734375 0.0921875
0 0.87890625 0.44453125 0.10390625 0.0953125
0 0.31640625 0.13359375 0.06953125 0.08046875
0 0.128125 0.303125 0.10078125 0.0921875
0 0.60546875 0.13125 0.06328125 0.09375
0 0.71640625 0.18671875 0.09453125 0.09921875
0 0.5296875 0.90546875 0.096875 0.10078125
0 0.096875 0.43515625 0.1015625 0.09375
0 0.1578125 0.74375 0.09609375 0.096875
0 0.25546875 0.1578125 0.09453125 0.09453125
0 0.671875 0.553125 0.0609375 0.05703125
0 0.871875 0.51875 0.0921875 0.071875
0 0.453125 0.88984375 0.07890625 0.0953125
0 0.42109375 0.103125 0.06953125 0.08671875
0 0.3375 0.62109375 0.06015625 0.06015625
0 0.471875 0.309375 0.05859375 0.06171875
0 0.49765625 0.69453125 0.05859375 0.0609375
0 0.30625 0.56484375 0.0578125 0.05703125
0 0.67734375 0.4890625 0.0625 0.05859375
0 0.746875 0.82265625 0.10234375 0.1
0 0.53671875 0.3109375 0.05703125 0.06015625
0 0.475 0.2203125 0.0625 0.08671875
0 0.4359375 0.68984375 0.059375 0.06171875
0 0.421875 0.39453125 0.05625 0.05625
0 0.2984375 0.71875 0.08046875 0.08046875
0 0.37734375 0.88671875 0.09609375 0.10234375
0 0.325 0.25859375 0.06953125 0.065625
0 0.253125 0.83984375 0.0953125 0.103125
0 0.11171875 0.3703125 0.08125 0.06015625
0 0.31328125 0.865625 0.0640625 0.10078125
0 0.11640625 0.640625 0.08046875 0.07265625
0 0.60625 0.65546875 0.0609375 0.0609375
0 0.64609375 0.8625 0.08125 0.09140625
0 0.63125 0.38046875 0.0578125 0.05859375
0 0.37890625 0.66640625 0.06015625 0.06328125
0 0.4203125 0.6171875 0.05546875 0.0546875
0 0.5078125 0.78125 0.06640625 0.07734375
0 0.65390625 0.7359375 0.0828125 0.0796875
0 0.5453125 0.1109375 0.07265625 0.09609375
0 0.421875 0.2203125 0.06171875 0.06640625
0 0.21484375 0.58046875 0.08828125 0.0765625
0 0.35859375 0.3515625 0.06015625 0.059375
0 0.459375 0.7828125 0.05390625 0.07109375
0 0.55390625 0.68671875 0.05625 0.059375
0 0.21015625 0.4765625 0.08203125 0.065625
0 0.725 0.659375 0.07578125 0.05859375
0 0.36875 0.47109375 0.05078125 0.0484375
0 0.21015625 0.20859375 0.090625 0.0828125
0 0.66484375 0.428125 0.06015625 0.05546875
0 0.58984375 0.340625 0.05546875 0.06015625
0 0.85625 0.6390625 0.09296875 0.05859375
0 0.08984375 0.5703125 0.10234375 0.09765625
0 0.79140625 0.75625 0.07734375 0.07109375
0 0.2328125 0.63046875 0.0703125 0.06796875
0 0.359375 0.52421875 0.05078125 0.04921875
0 0.65078125 0.15703125 0.0625 0.08046875
0 0.86953125 0.58125 0.09921875 0.0765625
0 0.234375 0.38046875 0.08515625 0.06328125
0 0.29296875 0.50859375 0.05546875 0.05234375
0 0.60234375 0.5515625 0.053125 0.05
0 0.4703125 0.3765625 0.04921875 0.05234375
0 0.7359375 0.396875 0.06484375 0.06640625
0 0.415625 0.7796875 0.05078125 0.0734375
0 0.575 0.60078125 0.04921875 0.04921875
0 0.52421875 0.37734375 0.04765625 0.04921875
0 0.60234375 0.25078125 0.04765625 0.06328125
0 0.6125 0.496875 0.05078125 0.04921875
0 0.41171875 0.32109375 0.05546875 0.05859375
0 0.59453125 0.8796875 0.07890625 0.08984375
0 0.36484375 0.11328125 0.07265625 0.10078125
0 0.7453125 0.6125 0.07109375 0.05546875
0 0.52890625 0.62734375 0.046875 0.04453125
0 0.09765625 0.5015625 0.090625 0.05390625
0 0.825 0.32421875 0.071875 0.06796875
0 0.7671875 0.234375 0.0765625 0.07421875
0 0.52421875 0.22265625 0.05390625 0.0734375
0 0.56640625 0.4046875 0.04765625 0.046875
0 0.603125 0.76171875 0.0625 0.0578125
0 0.71171875 0.353125 0.06484375 0.06953125
0 0.1765625 0.2515625 0.0796875 0.06875
0 0.303125 0.45 0.05234375 0.05078125
0 0.421875 0.50390625 0.05078125 0.0453125
0 0.32421875 0.39765625 0.0625 0.05703125
0 0.46171875 0.44296875 0.04921875 0.05078125
0 0.796875 0.2859375 0.0921875 0.09296875
0 0.50625 0.57109375 0.0421875 0.04296875
0 0.38203125 0.57421875 0.0484375 0.04765625
0 0.3390625 0.7515625 0.06015625 0.06796875
0 0.690625 0.8453125 0.06796875 0.0828125
0 0.553125 0.503125 0.04453125 0.04375
0 0.50546875 0.4390625 0.04765625 0.0515625
0 0.42734375 0.5421875 0.03671875 0.03828125
0 0.46171875 0.5703125 0.046875 0.04453125
0 0.64765625 0.61015625 0.06328125 0.059375
0 0.85 0.37578125 0.08046875 0.07421875
0 0.55625 0.7734375 0.0609375 0.0625
0 0.5390625 0.46328125 0.04375 0.04375
0 0.6921875 0.70234375 0.07421875 0.06640625
0 0.13203125 0.68203125 0.08515625 0.07578125
0 0.765625 0.4859375 0.0609375 0.04375
0 0.7625 0.52734375 0.06015625 0.04609375
0 0.2203125 0.425 0.0625 0.046875
0 0.63984375 0.27421875 0.05078125 0.06484375
0 0.67734375 0.31171875 0.05859375 0.06640625
0 0.29140625 0.2921875 0.059375 0.0515625
0 0.75859375 0.56796875 0.075 0.05625
0 0.56796875 0.23203125 0.04453125 0.0546875
0 0.3734375 0.76640625 0.0515625 0.059375
0 0.2578125 0.67421875 0.05859375 0.0703125
0 0.36953125 0.23828125 0.07890625 0.09453125
0 0.25703125 0.33046875 0.07578125 0.06171875
0 0.428125 0.4640625 0.03828125 0.03828125
0 0.38671875 0.42578125 0.0375 0.0375
0 0.20703125 0.528125 0.05390625 0.0453125
0 0.76328125 0.440625 0.05859375 0.053125
0 0.540625 0.54609375 0.0421875 0.03984375
0 0.478125 0.62890625 0.04765625 0.04765625
0 0.59921875 0.44765625 0.04296875 0.04296875