0 0.71875 0.153125 0.07578125 0.08203125
0 0.13125 0.375 0.096875 0.0875
0 0.60546875 0.88125 0.07109375 0.08671875
0 0.14296875 0.63984375 0.0984375 0.08828125
0 0.7609375 0.815625 0.06328125 0.0765625
0 0.90625 0.6078125 0.09453125 0.08515625
0 0.48046875 0.8828125 0.05625 0.08984375
0 0.359375 0.85390625 0.0875 0.09296875
0 0.3796875 0.11171875 0.08984375 0.09453125
0 0.9078125 0.47265625 0.0953125 0.08671875
0 0.77890625 0.18515625 0.0890625 0.090625
0 0.815625 0.778125 0.08828125 0.08828125
0 0.3203125 0.48671875 0.05703125 0.053125
0 0.13359375 0.565625 0.08828125 0.06484375
0 0.4578125 0.11015625 0.07265625 0.090625
0 0.665625 0.86875 0.06328125 0.08203125
0 0.63125 0.3453125 0.05625 0.05546875
0 0.5703125 0.6796875 0.05390625 0.05859375
0 0.45859375 0.309375 0.05390625 0.05703125
0 0.67421875 0.39296875 0.05390625 0.053125
0 0.3296875 0.55 0.05859375 0.05390625
0 0.1875 0.240625 0.0953125 0.09296875
0 0.50703125 0.6921875 0.053125 0.05546875
0 0.58671875 0.7671875 0.05625 0.08359375
0 0.5203125 0.30078125 0.05546875 0.0578125
0 0.6 0.58515625 0.05234375 0.05234375
0 0.646875 0.24140625 0.075 0.07578125
0 0.53203125 0.0953125 0.0890625 0.09609375
0 0.725 0.6953125 0.06484375 0.0609375
0 0.6640625 0.11328125 0.08828125 0.096875
0 0.9078125 0.5390625 0.07734375 0.0546875
0 0.6 0.10234375 0.05625 0.096875
0 0.8421875 0.2765625 0.07578125 0.06640625
0 0.36171875 0.371875 0.05703125 0.05703125
0 0.27578125 0.1796875 0.075 0.08671875
0 0.39921875 0.64609375 0.05390625 0.0546875
0 0.58046875 0.3109375 0.05546875 0.06015625
0 0.5515625 0.36796875 0.0515625 0.05078125
0 0.42890625 0.228125 0.06171875 0.07265625
0 0.296875 0.3046875 0.07734375 0.07421875
0 0.54375 0.88984375 0.06484375 0.09140625
0 0.6390625 0.7546875 0.05703125 0.06171875
0 0.759375 0.3578125 0.0828125 0.0703125
0 0.67109375 0.61328125 0.05625 0.05546875
0 0.47578125 0.215625 0.04921875 0.06796875
0 0.40546875 0.33046875 0.05234375 0.05546875
0 0.7875 0.4578125 0.078125 0.06015625
0 0.24453125 0.3953125 0.071875 0.05234375
0 0.634375 0.49921875 0.046875 0.0453125
0 0.8484375 0.71875 0.08515625 0.0765625
0 0.35546875 0.60703125 0.05703125 0.0515625
0 0.4484375 0.675 0.0515625 0.05625
0 0.121875 0.44453125 0.08984375 0.05078125
0 0.88359375 0.33984375 0.09609375 0.09140625
0 0.15859375 0.315625 0.07265625 0.065625
0 0.73125 0.31328125 0.06640625 0.06328125
0 0.63125 0.44453125 0.04765625 0.04609375
0 0.43046875 0.86796875 0.05703125 0.0765625
0 0.121875 0.50390625 0.09453125 0.06953125
0 0.78515625 0.55703125 0.08125 0.05703125
0 0.7 0.44453125 0.05234375 0.0484375
0 0.38828125 0.4734375 0.05 0.04609375
0 0.55703125 0.61328125 0.04609375 0.04921875
0 0.29375 0.653125 0.06015625 0.06171875
0 0.51875 0.20859375 0.0453125 0.0703125
0 0.40390625 0.41875 0.04609375 0.04609375
0 0.5046875 0.625 0.04453125 0.04609375
0 0.45703125 0.765625 0.04296875 0.0609375
0 0.39140625 0.528125 0.04765625 0.04609375
0 0.6265625 0.65390625 0.05234375 0.05546875
0 0.32265625 0.1515625 0.07265625 0.08515625
0 0.71875 0.84609375 0.06484375 0.096875
0 0.2359375 0.4453125 0.06796875 0.05
0 0.44296875 0.38203125 0.04375 0.04140625
0 0.8921875 0.4078125 0.08828125 0.046875
0 0.22265625 0.74453125 0.06796875 0.0625
0 0.29921875 0.81953125 0.07109375 0.06953125
0 0.5390625 0.775 0.04921875 0.0703125
0 0.45625 0.6078125 0.04453125 0.04296875
0 0.340625 0.26796875 0.05859375 0.05390625
0 0.3265625 0.690625 0.06015625 0.06484375
0 0.87109375 0.66953125 0.075 0.06328125
0 0.703125 0.5046875 0.04921875 0.046875
0 0.57578125 0.47890625 0.04765625 0.04140625
0 0.69453125 0.559375 0.05859375 0.053125
0 0.55 0.546875 0.04609375 0.04765625
0 0.259375 0.775 0.0859375 0.08671875
0 0.478125 0.43203125 0.03984375 0.03984375
0 0.5984375 0.4015625 0.04453125 0.04453125
0 0.6 0.21875 0.05546875 0.06484375
0 0.23671875 0.20625 0.0625 0.07890625
0 0.44765625 0.50859375 0.04140625 0.040625
0 0.50859375 0.5609375 0.04453125 0.0484375
0 0.5609375 0.4421875 0.034375 0.03515625
0 0.521875 0.42265625 0.04453125 0.040625
0 0.33125 0.42578125 0.059375 0.0546875
0 0.1875 0.7 0.075 0.06875
0 0.38359375 0.246875 0.05703125 0.05859375
0 0.4703125 0.54453125 0.040625 0.040625
0 0.2671875 0.34609375 0.0703125 0.0609375
0 0.8171875 0.23984375 0.0796875 0.0703125
0 0.24453125 0.5734375 0.05859375 0.0390625
0 0.23828125 0.5328125 0.0578125 0.04140625
0 0.78984375 0.509375 0.06015625 0.0421875
0 0.4140625 0.75078125 0.04609375 0.06171875
0 0.3703125 0.7234375 0.05390625 0.0625
0 0.75 0.65625 0.05625 0.04765625
0 0.2328125 0.4921875 0.071875 0.05078125
0 0.49453125 0.7765625 0.03984375 0.05234375
0 0.56328125 0.21171875 0.04765625 0.05625
0 0.696875 0.27578125 0.05390625 0.06640625
0 0.6859375 0.725 0.07265625 0.08984375
0 0.775 0.6109375 0.07265625 0.05625
0 0.578125 0.51875 0.03515625 0.03515625
0 0.62734375 0.546875 0.03515625 0.03515625
0 0.77890625 0.40703125 0.05078125 0.04140625
0 0.25625 0.6171875 0.05546875 0.04921875
0 0.45 0.4640625 0.03984375 0.03671875
0 0.4921875 0.36953125 0.04375 0.04453125
0 0.41484375 0.57265625 0.040625 0.03984375