0 0.859375 0.915625 0.125 0.128125
0 0.6578125 0.490625 0.13515625 0.13671875
0 0.7515625 0.8328125 0.1296875 0.13203125
0 0.13515625 0.1296875 0.1484375 0.13203125
0 0.88671875 0.52421875 0.1234375 0.1265625
0 0.87421875 0.78203125 0.1234375 0.1265625
0 0.7640625 0.5859375 0.128125 0.1296875
0 0.28671875 0.08046875 0.146875 0.13828125
0 0.8796875 0.65078125 0.125 0.1265625
0 0.29765625 0.79921875 0.10703125 0.16015625
0 0.2640625 0.359375 0.13984375 0.121875
0 0.6203125 0.92265625 0.13515625 0.13671875
0 0.6375 0.63671875 0.13515625 0.13359375
0 0.35234375 0.2171875 0.171875 0.13515625
0 0.12109375 0.2828125 0.15859375 0.128125
0 0.62890625 0.78203125 0.13515625 0.13515625
0 0.425 0.40390625 0.121875 0.11328125
0 0.371875 0.5046875 0.128125 0.125
0 0.0984375 0.66015625 0.13828125 0.09296875
0 0.24296875 0.4984375 0.11796875 0.13515625
0 0.49921875 0.6625 0.11640625 0.16640625
0 0.17578125 0.56796875 0.11328125 0.103125
0 0.48046875 0.92734375 0.13359375 0.1234375
0 0.40546875 0.8625 0.11171875 0.11015625
0 0.1234375 0.77421875 0.096875 0.11015625
0 0.2171875 0.72734375 0.10859375 0.11015625
0 0.28203125 0.65703125 0.14140625 0.128125
0 0.18671875 0.87109375 0.08984375 0.1234375
0 0.30546875 0.9296875 0.153125 0.096875
0 0.07578125 0.53046875 0.06328125 0.09296875
0 0.0671875 0.8671875 0.096875 0.128125
0 0.390625 0.74921875 0.1015625 0.1
0 0.11796875 0.43203125 0.121875 0.09296875
0 0.39140625 0.62578125 0.103125 0.1015625
0 0.4953125 0.79453125 0.0953125 0.11328125
0 0.5546875 0.4203125 0.096875 0.08984375
0 0.5171875 0.52578125 0.14296875 0.1