0 0.39453125 0.68828125 0.10546875 0.1015625
0 0.40546875 0.86796875 0.09453125 0.109375
0 0.584375 0.1390625 0.09296875 0.1125
0 0.7890625 0.25 0.1078125 0.10390625
0 0.80703125 0.721875 0.09765625 0.103125
0 0.7078125 0.52265625 0.09765625 0.1140625
0 0.171875 0.278125 0.10234375 0.10390625
0 0.56171875 0.3140625 0.1 0.103125
0 0.7296875 0.81015625 0.09765625 0.09296875
0 0.19765625 0.7421875 0.1015625 0.10546875
0 0.25625 0.47265625 0.10234375 0.103125
0 0.25625 0.17890625 0.10546875 0.096875
0 0.31640625 0.3640625 0.09765625 0.109375
0 0.525 0.8953125 0.10390625 0.096875
0 0.11796875 0.6359375 0.0890625 0.109375
0 0.5265625 0.68984375 0.1015625 0.096875
0 0.653125 0.64453125 0.10546875 0.10390625
0 0.42734375 0.30390625 0.0984375 0.0984375
0 0.6875 0.18125 0.0921875 0.09296875
0 0.63515625 0.871875 0.090625 0.090625
0 0.30234375 0.8265625 0.1015625 0.1
0 0.47109375 0.11484375 0.10703125 0.0984375
0 0.0921875 0.50859375 0.084375 0.11484375
0 0.85703125 0.61875 0.10703125 0.096875
0 0.88671875 0.49609375 0.0921875 0.0984375
0 0.6625 0.3890625 0.1 0.103125
0 0.1203125 0.3875 0.10546875 0.103125
0 0.36171875 0.13671875 0.0921875 0.09609375
0 0.8609375 0.37265625 0.1 0.10703125
0 0.28828125 0.60703125 0.09765625 0.09296875