0 0.61796875 0.31953125 0.11171875 0.10859375
0 0.61953125 0.13984375 0.1015625 0.11640625
0 0.3921875 0.85390625 0.1015625 0.11953125
0 0.19453125 0.72890625 0.11484375 0.1109375
0 0.209375 0.25703125 0.10390625 0.109375
0 0.29375 0.4625 0.10546875 0.1203125
0 0.81171875 0.7453125 0.109375 0.1109375
0 0.425 0.68125 0.10703125 0.109375
0 0.2921875 0.17421875 0.10390625 0.1
0 0.81875 0.28046875 0.1078125 0.1125
0 0.74140625 0.54453125 0.109375 0.109375
0 0.72109375 0.8375 0.11171875 0.10390625
0 0.6734375 0.64921875 0.10390625 0.11640625
0 0.5015625 0.10390625 0.1109375 0.10390625
0 0.88984375 0.39140625 0.09609375 0.11484375
0 0.4859375 0.30859375 0.1078125 0.10390625
0 0.35703125 0.34453125 0.11171875 0.1109375
0 0.559375 0.70078125 0.10546875 0.10546875
0 0.29140625 0.80390625 0.0984375 0.1
0 0.38984375 0.11953125 0.09609375 0.096875
0 0.7203125 0.18828125 0.1078125 0.10703125
0 0.50234375 0.8859375 0.11328125 0.10546875
0 0.90703125 0.5203125 0.0921875 0.1203125
0 0.15234375 0.35625 0.11328125 0.10390625
0 0.1140625 0.4765625 0.0984375 0.10546875
0 0.3296875 0.59921875 0.10703125 0.109375
0 0.87109375 0.6390625 0.11171875 0.109375
0 0.6140625 0.871875 0.0984375 0.103125
0 0.13125 0.6015625 0.10703125 0.1140625
0 0.71796875 0.40859375 0.10390625 0.1