0 0.43203125 0.3015625 0.0984375 0.1015625
0 0.4640625 0.1046875 0.1078125 0.1109375
0 0.66640625 0.37734375 0.09609375 0.1125
0 0.20390625 0.7546875 0.10234375 0.1046875
0 0.16484375 0.28671875 0.1015625 0.1109375
0 0.3 0.83984375 0.10390625 0.0984375
0 0.1234375 0.653125 0.0890625 0.1109375
0 0.35390625 0.12109375 0.0921875 0.10546875
0 0.41875 0.86484375 0.09296875 0.103125
0 0.584375 0.1234375 0.09609375 0.1140625
0 0.7984375 0.234375 0.109375 0.11015625
0 0.665625 0.6234375 0.1078125 0.1015625
0 0.11953125 0.39453125 0.109375 0.1046875
0 0.74765625 0.8 0.09453125 0.09296875
0 0.85703125 0.359375 0.1015625 0.11015625
0 0.64765625 0.85625 0.08828125 0.090625
0 0.25078125 0.17890625 0.1078125 0.1015625
0 0.865625 0.60234375 0.10546875 0.09765625
0 0.82109375 0.7078125 0.09609375 0.1
0 0.315625 0.3609375 0.09765625 0.1171875
0 0.265625 0.48671875 0.1015625 0.10546875
0 0.696875 0.15703125 0.09296875 0.0984375
0 0.546875 0.6890625 0.1015625 0.09609375
0 0.534375 0.8796875 0.10234375 0.0984375
0 0.3 0.60703125 0.1 0.09296875
0 0.4078125 0.678125 0.1015625 0.103125
0 0.55703125 0.30859375 0.10703125 0.1140625
0 0.715625 0.5078125 0.09765625 0.11796875
0 0.09921875 0.521875 0.0890625 0.1171875
0 0.89296875 0.48671875 0.0921875 0.103125