0 0.415625 0.30859375 0.10703125 0.11015625
0 0.43125 0.11015625 0.1171875 0.12109375
0 0.65625 0.36328125 0.10546875 0.12109375
0 0.2265625 0.78046875 0.1109375 0.1125
0 0.14765625 0.31796875 0.1109375 0.11953125
0 0.3296875 0.85703125 0.11171875 0.10859375
0 0.1375 0.68671875 0.0984375 0.11953125
0 0.32265625 0.1359375 0.1 0.1140625
0 0.44921875 0.87109375 0.1015625 0.1109375
0 0.55234375 0.1171875 0.10546875 0.12265625
0 0.775 0.2078125 0.11875 0.11953125
0 0.675 0.60859375 0.115625 0.1109375
0 0.11171875 0.42890625 0.1171875 0.1140625
0 0.77109375 0.77578125 0.10234375 0.1015625
0 0.84296875 0.32734375 0.1109375 0.11796875
0 0.6765625 0.84140625 0.09453125 0.0984375
0 0.225 0.20234375 0.115625 0.1109375
0 0.87265625 0.56875 0.11328125 0.10703125
0 0.8375 0.678125 0.10390625 0.10859375
0 0.30546875 0.378125 0.10703125 0.125
0 0.265625 0.50859375 0.109375 0.1140625
0 0.6671875 0.140625 0.1015625 0.10703125
0 0.56171875 0.684375 0.109375 0.1046875
0 0.565625 0.875 0.1109375 0.10703125
0 0.31015625 0.625 0.1078125 0.1015625
0 0.4234375 0.6859375 0.109375 0.1109375
0 0.540625 0.3046875 0.115625 0.1234375
0 0.715625 0.48828125 0.10703125 0.1265625
0 0.10234375 0.55859375 0.0984375 0.125
0 0.890625 0.4515625 0.1 0.1109375