0 0.6953125 0.44609375 0.10546875 0.1109375
0 0.88046875 0.496875 0.115625 0.12265625
0 0.60234375 0.68359375 0.115625 0.11015625
0 0.2828125 0.1703125 0.1078125 0.115625
0 0.73359375 0.1703125 0.11484375 0.115625
0 0.19296875 0.2625 0.10390625 0.1171875
0 0.38671875 0.0953125 0.11484375 0.103125
0 0.875 0.38125 0.109375 0.1046875
0 0.15859375 0.38359375 0.10703125 0.10546875
0 0.85234375 0.6203125 0.1171875 0.11015625
0 0.728125 0.83359375 0.11484375 0.1234375
0 0.3671875 0.66171875 0.10703125 0.12109375
0 0.634375 0.11328125 0.109375 0.12265625
0 0.1921875 0.73125 0.09765625 0.10703125
0 0.603125 0.8828125 0.11328125 0.115625
0 0.14765625 0.62265625 0.09453125 0.0984375
0 0.82890625 0.26875 0.10703125 0.12109375
0 0.3703125 0.8703125 0.10234375 0.11796875
0 0.2734375 0.815625 0.10390625 0.10859375
0 0.6484375 0.3203125 0.1203125 0.1109375
0 0.53359375 0.25703125 0.109375 0.1140625
0 0.81015625 0.734375 0.10234375 0.10546875
0 0.315625 0.53203125 0.1 0.1140625
0 0.134375 0.503125 0.10234375 0.115625
0 0.415625 0.2828125 0.09765625 0.1125
0 0.33828125 0.3890625 0.10703125 0.1140625
0 0.678125 0.57578125 0.11875 0.12109375
0 0.47421875 0.7234375 0.12109375 0.1109375
0 0.5140625 0.08125 0.1203125 0.103125
0 0.47890625 0.909375 0.10703125 0.1046875