1 0.2796875 0.46875 0.1390625 0.175
1 0.08828125 0.37421875 0.1 0.115625
1 0.17734375 0.41015625 0.13359375 0.1828125
0 0.67421875 0.70078125 0.1296875 0.08046875
1 0.41875 0.68515625 0.10234375 0.115625
1 0.7015625 0.56875 0.4234375 0.225
0 0.72109375 0.40546875 0.1265625 0.096875
0 0.7921875 0.40390625 0.1453125 0.06484375
1 0.628125 0.7734375 0.1875 0.19609375
0 0.453125 0.2515625 0.12265625 0.053125
0 0.859375 0.27890625 0.05390625 0.04140625
1 0.1171875 0.24453125 0.14609375 0.1671875
0 0.72421875 0.33828125 0.13515625 0.06015625
0 0.42890625 0.190625 0.0578125 0.04609375
0 0.9515625 0.34765625 0.05 0.0359375
0 0.315625 0.2 0.04765625 0.0453125
0 0.64375 0.37265625 0.0609375 0.0546875
0 0.9375 0.28984375 0.05390625 0.0421875
0 0.64609375 0.4125 0.05 0.0515625
0 0.98828125 0.53515625 0.0234375 0.0359375
1 0.4546875 0.7859375 0.0921875 0.1109375
0 0.46484375 0.18125 0.04375 0.0375
0 0.859375 0.60390625 0.1203125 0.121875
0 0.7484375 0.6546875 0.20859375 0.0921875
0 0.52578125 0.190625 0.04765625 0.03828125
0 0.9171875 0.60234375 0.0859375 0.09296875
0 0.92421875 0.55703125 0.0875 0.09296875
0 0.75625 0.23828125 0.03359375 0.03125
0 0.9859375 0.4515625 0.02265625 0.02265625
0 0.86875 0.51875 0.025 0.0203125
0 0.54375 0.1828125 0.0296875 0.025
0 0.30390625 0.26875 0.01875 0.01875
0 0.29296875 0.153125 0.03515625 0.01953125
0 0.3296875 0.153125 0.04765625 0.028125
0 0.56953125 0.1203125 0.04609375 0.0203125
0 0.3234375 0.278125 0.02265625 0.01875
0 0.6015625 0.11328125 0.02734375 0.01328125
0 0.6578125 0.2640625 0.03125 0.0296875
0 0.6109375 0.53359375 0.04140625 0.03359375
0 0.57109375 0.41953125 0.0375 0.04375
0 0.3640625 0.43046875 0.02890625 0.0203125
0 0.3859375 0.43359375 0.01484375 0.0109375
0 0.55078125 0.8015625 0.03125 0.0359375
0 0.4734375 0.86875 0.04375 0.0296875
0 0.1765625 0.18828125 0.0453125 0.034375
0 0.1640625 0.2578125 0.0203125 0.015625
0 0.078125 0.1765625 0.0203125 0.0140625
0 0.3828125 0.4984375 0.03984375 0.0390625
0 0.24765625 0.44921875 0.01484375 0.0109375
0 0.1921875 0.46171875 0.0140625 0.0109375
0 0.6515625 0.4171875 0.0140625 0.01484375
0 0.63984375 0.3859375 0.0125 0.01328125
0 0.8953125 0.5203125 0.04140625 0.04609375
0 0.7953125 0.4640625 0.04765625 0.015625
0 0.81484375 0.59296875 0.0265625 0.01875
0 0.684375 0.65546875 0.01875 0.01015625
0 0.8265625 0.63671875 0.01875 0.015625
0 0.5515625 0.853125 0.0625 0.040625
0 0.51484375 0.84921875 0.04609375 0.0375
0 0.44765625 0.88125 0.0390625 0.01328125
0 0.44140625 0.8625 0.0359375 0.03203125
0 0.58671875 0.5140625 0.0234375 0.021875
0 0.596875 0.49375 0.0109375 0.0078125