1 0.425 0.65859375 0.2203125 0.0796875
1 0.26953125 0.78515625 0.14375 0.059375
1 0.33203125 0.725 0.23125 0.07421875
0 0.79140625 0.40234375 0.08984375 0.08828125
1 0.73125 0.5890625 0.1421875 0.0609375
1 0.621875 0.3609375 0.24140625 0.29296875
0 0.41015625 0.32109375 0.1125 0.0828125
0 0.41953125 0.26875 0.06640625 0.10234375
1 0.8796875 0.44765625 0.23984375 0.11328125
0 0.165625 0.49609375 0.05390625 0.0859375
0 0.265625 0.19921875 0.0484375 0.034375
1 0.10390625 0.74296875 0.2078125 0.0859375
0 0.321875 0.30859375 0.0609375 0.0953125
0 0.08046875 0.50390625 0.05390625 0.0375
0 0.3703125 0.1375 0.04140625 0.0390625
0 0.0765625 0.58984375 0.0546875 0.0296875
0 0.3546875 0.3734375 0.06484375 0.03828125
0 0.29140625 0.14296875 0.05 0.034375
0 0.4078125 0.378125 0.0625 0.03125
0 0.625 0.13046875 0.0421875 0.0390625
1 0.8703125 0.57890625 0.1375 0.053125
0 0.075 0.47578125 0.0453125 0.028125
0 0.69296875 0.25 0.1484375 0.0734375
0 0.7421875 0.340625 0.0921875 0.146875
0 0.09609375 0.4328125 0.0453125 0.03125
0 0.7 0.20703125 0.11484375 0.0515625
0 0.6421875 0.1953125 0.1140625 0.0515625
0 0.1953125 0.26953125 0.0375 0.021875
0 0.5125 0.1296875 0.02734375 0.01875
0 0.5828125 0.23046875 0.025 0.015625
0 0.0890625 0.41796875 0.0296875 0.01875
0 0.16484375 0.609375 0.02265625 0.0109375
0 0.0109375 0.59921875 0.02109375 0.02421875
0 0.015625 0.571875 0.03125 0.0328125
0 0.0109375 0.3890625 0.02109375 0.0328125
0 0.1796875 0.5953125 0.02265625 0.0140625
0 0.00703125 0.3640625 0.0140625 0.01953125
0 0.2140625 0.34609375 0.0359375 0.01953125
0 0.5609375 0.42265625 0.03984375 0.0265625
0 0.4046875 0.434375 0.0546875 0.021875
0 0.38671875 0.58984375 0.0234375 0.01875
0 0.3953125 0.57421875 0.0125 0.01015625
0 0.90546875 0.51015625 0.04375 0.01875
0 0.98203125 0.578125 0.03359375 0.02890625
0 0.03828125 0.690625 0.04140625 0.02890625
0 0.128125 0.71015625 0.01875 0.01328125
0 0.0078125 0.7609375 0.015625 0.0125
0 0.4796875 0.58671875 0.04765625 0.02421875
0 0.39296875 0.67890625 0.0140625 0.009375
0 0.4015625 0.721875 0.0140625 0.00859375
0 0.4140625 0.37421875 0.01875 0.00859375
0 0.37109375 0.37890625 0.01640625 0.0078125
0 0.5890625 0.2109375 0.05625 0.02421875
0 0.4984375 0.27578125 0.0140625 0.034375
0 0.67265625 0.28125 0.02109375 0.01796875
0 0.7328125 0.3875 0.0109375 0.01328125
0 0.73125 0.27890625 0.01875 0.0125
0 0.9734375 0.5171875 0.0453125 0.0421875
0 0.9625 0.54375 0.04375 0.0296875
0 0.99453125 0.5984375 0.0109375 0.028125
0 0.96875 0.6 0.0390625 0.02265625
0 0.53203125 0.4375 0.0265625 0.01484375
0 0.50625 0.42734375 0.00859375 0.0078125
0 0.78125 0.11953125 0.0484375 0.0390625