0 0.29375 0.3765625 0.14765625 0.15234375
0 0.61484375 0.38984375 0.1703125 0.146875
0 0.46171875 0.37109375 0.12421875 0.12421875
0 0.20625 0.265625 0.15703125 0.12109375
0 0.6328125 0.6859375 0.18828125 0.16640625
0 0.3609375 0.29609375 0.103125 0.12109375
0 0.46640625 0.7359375 0.1828125 0.16484375
0 0.55859375 0.5828125 0.1578125 0.14921875
0 0.38125 0.46640625 0.12890625 0.1359375
0 0.2796875 0.5046875 0.11484375 0.11328125
0 0.29921875 0.79765625 0.13203125 0.1375
0 0.41015625 0.8828125 0.1234375 0.12421875
0 0.56640625 0.2953125 0.13828125 0.1390625
0 0.215625 0.70234375 0.10859375 0.11796875
0 0.5578125 0.853125 0.20234375 0.16875
0 0.66640625 0.540625 0.17109375 0.17578125
0 0.3390625 0.15390625 0.18203125 0.19765625
0 0.14921875 0.46328125 0.1140625 0.121875
0 0.17578125 0.58125 0.1046875 0.1265625
0 0.821875 0.35 0.09140625 0.10390625
0 0.21875 0.16171875 0.09765625 0.13203125
0 0.66875 0.24375 0.09453125 0.09140625
0 0.76328125 0.2328125 0.09453125 0.0953125
0 0.49296875 0.24375 0.10546875 0.13359375
0 0.28046875 0.61015625 0.10234375 0.090625
0 0.34296875 0.6828125 0.09140625 0.0921875
0 0.76640625 0.43125 0.090625 0.0984375
0 0.3640625 0.58671875 0.096875 0.09921875
0 0.7359375 0.334375 0.0921875 0.09921875
0 0.446875 0.5578125 0.08828125 0.08984375
0 0.4234375 0.653125 0.08828125 0.1015625
0 0.60234375 0.16796875 0.13671875 0.1
0 0.14296875 0.3484375 0.190625 0.11015625
0 0.86171875 0.51328125 0.05390625 0.046875
0 0.79453125 0.70546875 0.05234375 0.05234375
0 0.4109375 0.2390625 0.0875 0.13203125
0 0.7765625 0.8171875 0.046875 0.05234375
0 0.8375 0.728125 0.05390625 0.05234375
0 0.8421875 0.6703125 0.0546875 0.053125
0 0.8421875 0.459375 0.05546875 0.04765625
0 0.7296875 0.796875 0.04609375 0.05703125
0 0.815625 0.55078125 0.05234375 0.05390625
0 0.76640625 0.75546875 0.05078125 0.04921875
0 0.809375 0.59921875 0.04765625 0.04921875
0 0.86171875 0.57734375 0.05078125 0.04921875
0 0.8578125 0.415625 0.0515625 0.0484375
0 0.68125 0.821875 0.05234375 0.05234375
0 0.74765625 0.62890625 0.053125 0.053125
0 0.79296875 0.65 0.05 0.05234375
0 0.81796875 0.77578125 0.04609375 0.04765625
0 0.7875 0.86640625 0.05078125 0.04609375
0 0.746875 0.6875 0.04765625 0.05703125
0 0.88828125 0.7125 0.05234375 0.04921875
0 0.665625 0.86484375 0.04921875 0.04921875
0 0.73671875 0.85625 0.04921875 0.04921875
0 0.771875 0.5234375 0.04921875 0.05390625
0 0.721875 0.734375 0.05234375 0.04921875
0 0.54609375 0.08828125 0.30703125 0.17265625
0 0.64609375 0.90703125 0.04765625 0.04921875
0 0.7640625 0.58203125 0.05078125 0.05078125
0 0.81015625 0.496875 0.05078125 0.05390625
0 0.69140625 0.76953125 0.04609375 0.04453125
0 0.85703125 0.62265625 0.04765625 0.04765625
0 0.709375 0.90703125 0.04375 0.046875
0 0.90625 0.54375 0.05234375 0.05078125