0 0.3421875 0.31953125 0.14375 0.14921875
0 0.64375 0.43125 0.1671875 0.1421875
0 0.503125 0.365625 0.121875 0.12109375
0 0.29296875 0.1859375 0.15390625 0.11640625
0 0.56875 0.71796875 0.184375 0.1609375
0 0.43046875 0.26328125 0.09921875 0.11953125
0 0.3953125 0.7140625 0.17890625 0.16015625
0 0.5296875 0.596875 0.15390625 0.1453125
0 0.39765625 0.43125 0.12578125 0.1328125
0 0.2890625 0.43671875 0.11171875 0.11015625
0 0.2171875 0.72109375 0.12890625 0.134375
0 0.29609375 0.83671875 0.1203125 0.12109375
0 0.6265625 0.32578125 0.134375 0.13515625
0 0.1671875 0.60390625 0.10546875 0.11484375
0 0.4453125 0.85390625 0.19921875 0.16328125
0 0.64609375 0.590625 0.16640625 0.17109375
0 0.45390625 0.12109375 0.17734375 0.19296875
0 0.178125 0.35703125 0.1109375 0.11953125
0 0.16640625 0.47734375 0.1015625 0.12421875
0 0.85234375 0.45703125 0.08828125 0.1015625
0 0.3375 0.09140625 0.09375 0.13046875
0 0.73984375 0.30859375 0.0921875 0.08984375
0 0.8328125 0.32734375 0.09140625 0.09296875
0 0.57265625 0.25390625 0.1015625 0.13203125
0 0.25703125 0.53671875 0.1 0.08828125
0 0.29375 0.625 0.08984375 0.08984375
0 0.775 0.5171875 0.08828125 0.09609375
0 0.34453125 0.540625 0.09453125 0.09765625
0 0.77578125 0.415625 0.08984375 0.096875
0 0.43203125 0.5390625 0.0859375 0.0875
0 0.3796875 0.621875 0.0859375 0.09921875
0 0.7 0.215625 0.13515625 0.09609375
0 0.20703125 0.2453125 0.1890625 0.10390625
0 0.83984375 0.62421875 0.053125 0.0453125
0 0.7171875 0.78671875 0.05078125 0.05078125
0 0.4953125 0.22421875 0.08359375 0.13046875
0 0.66484375 0.88671875 0.04609375 0.0515625
0 0.75 0.82109375 0.05234375 0.0515625
0 0.77265625 0.76796875 0.053125 0.05234375
0 0.83828125 0.5671875 0.05390625 0.04609375
0 0.6265625 0.853125 0.04453125 0.05625
0 0.784375 0.64609375 0.05078125 0.05234375
0 0.67421875 0.82578125 0.04921875 0.04765625
0 0.7640625 0.68984375 0.046875 0.04765625
0 0.8203125 0.6859375 0.04921875 0.04765625
0 0.86640625 0.53046875 0.05078125 0.046875
0 0.5734375 0.86171875 0.05078125 0.05078125
0 0.69609375 0.69921875 0.0515625 0.0515625
0 0.73203125 0.73359375 0.0484375 0.05078125
0 0.71640625 0.8609375 0.04453125 0.04609375
0 0.66015625 0.9375 0.04921875 0.04453125
0 0.67734375 0.7546875 0.04609375 0.05546875
0 0.803125 0.821875 0.05078125 0.04765625
0 0.54453125 0.89765625 0.04765625 0.04765625
0 0.61484375 0.91171875 0.04765625 0.04765625
0 0.7515625 0.60625 0.04765625 0.05234375
0 0.6390625 0.79140625 0.05078125 0.04765625
0 0.67109375 0.12265625 0.3046875 0.16328125
0 0.51328125 0.9328125 0.046875 0.04765625
0 0.72578125 0.66015625 0.05 0.05
0 0.79609375 0.59296875 0.04921875 0.053125
0 0.5984375 0.81484375 0.04453125 0.04296875
0 0.8015625 0.72734375 0.04609375 0.046875
0 0.5734375 0.95234375 0.0421875 0.04609375
0 0.87265625 0.6671875 0.05078125 0.04921875