0 0.36484375 0.75078125 0.1171875 0.1390625
0 0.2015625 0.384375 0.12734375 0.14296875
0 0.7 0.20703125 0.13046875 0.11015625
0 0.3 0.1390625 0.15390625 0.11796875
0 0.56640625 0.25234375 0.08671875 0.0921875
0 0.80625 0.4890625 0.10859375 0.1171875
0 0.746875 0.29609375 0.11640625 0.1015625
0 0.21953125 0.24765625 0.12109375 0.13828125
0 0.63359375 0.15390625 0.12421875 0.12890625
0 0.78203125 0.38515625 0.12421875 0.10859375
0 0.21328125 0.609375 0.12109375 0.12421875
0 0.43046875 0.69296875 0.0703125 0.07734375
0 0.67109375 0.359375 0.10078125 0.08203125
0 0.2890625 0.56328125 0.06171875 0.06640625
0 0.60390625 0.50078125 0.09296875 0.08359375
0 0.69375 0.425 0.09453125 0.08515625
0 0.3078125 0.63671875 0.06953125 0.06640625
0 0.67890625 0.81015625 0.09921875 0.10703125
0 0.6015625 0.57109375 0.084375 0.08828125
0 0.61953125 0.29765625 0.09296875 0.103125
0 0.68671875 0.67578125 0.0859375 0.1140625
0 0.57109375 0.37109375 0.08671875 0.07890625
0 0.40625 0.13203125 0.06953125 0.0796875
0 0.76328125 0.7140625 0.08984375 0.10078125
0 0.79921875 0.59140625 0.11015625 0.0953125
0 0.59921875 0.42578125 0.090625 0.07734375
0 0.78515625 0.65078125 0.09296875 0.09765625
0 0.69765625 0.59453125 0.10234375 0.090625
0 0.42578125 0.21171875 0.07109375 0.07734375
0 0.3578125 0.2171875 0.0640625 0.071875
0 0.59921875 0.828125 0.09921875 0.12265625
0 0.55546875 0.14921875 0.09296875 0.09765625
0 0.7203125 0.75859375 0.08984375 0.08984375
0 0.4140625 0.58359375 0.1578125 0.13984375
0 0.46328125 0.31796875 0.06640625 0.07578125
0 0.70703125 0.54453125 0.10859375 0.084375
0 0.475 0.64765625 0.06171875 0.07109375
0 0.459375 0.8234375 0.07421875 0.06796875
0 0.70390625 0.490625 0.1109375 0.06640625
0 0.30859375 0.403125 0.06640625 0.07734375
0 0.48984375 0.215625 0.12734375 0.34921875
0 0.36640625 0.4234375 0.078125 0.0703125
0 0.47421875 0.7609375 0.071875 0.06328125
0 0.32578125 0.496875 0.30078125 0.12890625
0 0.371875 0.33125 0.18828125 0.21796875
0 0.36015625 0.571875 0.0734375 0.06484375
0 0.6296875 0.690625 0.0671875 0.14296875
0 0.5359375 0.74296875 0.21328125 0.43125
0 0.50703125 0.70390625 0.0734375 0.0640625
0 0.40390625 0.27734375 0.07578125 0.0671875