0 0.3515625 0.74296875 0.1109375 0.13515625
0 0.2078125 0.36875 0.12109375 0.13828125
0 0.715625 0.21796875 0.12578125 0.10390625
0 0.31875 0.12890625 0.15 0.1109375
0 0.5796875 0.25625 0.08203125 0.08828125
0 0.80625 0.5046875 0.10390625 0.1125
0 0.75703125 0.309375 0.11171875 0.096875
0 0.23359375 0.2328125 0.115625 0.13359375
0 0.6515625 0.1609375 0.11875 0.1234375
0 0.7875 0.4 0.1203125 0.103125
0 0.2078125 0.59375 0.11640625 0.11953125
0 0.4203125 0.6890625 0.0671875 0.07421875
0 0.678125 0.36796875 0.09765625 0.07734375
0 0.2859375 0.55234375 0.05859375 0.0640625
0 0.60390625 0.50625 0.08984375 0.0796875
0 0.69765625 0.43515625 0.09140625 0.08203125
0 0.30078125 0.6265625 0.06640625 0.0640625
0 0.6625 0.81875 0.09453125 0.10390625
0 0.59765625 0.5765625 0.08046875 0.08515625
0 0.6296875 0.30390625 0.08828125 0.09921875
0 0.67734375 0.68515625 0.08046875 0.1109375
0 0.578125 0.375 0.08359375 0.07578125
0 0.42578125 0.12734375 0.06640625 0.07734375
0 0.7515625 0.728125 0.08515625 0.096875
0 0.79375 0.60703125 0.10625 0.090625
0 0.603125 0.43125 0.08828125 0.0734375
0 0.77734375 0.665625 0.08828125 0.09375
0 0.69296875 0.6046875 0.0984375 0.08671875
0 0.440625 0.20859375 0.06796875 0.075
0 0.37265625 0.21015625 0.0609375 0.06953125
0 0.58203125 0.8328125 0.09375 0.11875
0 0.5734375 0.15234375 0.08828125 0.09375
0 0.70625 0.76953125 0.0859375 0.08671875
0 0.41015625 0.57890625 0.15234375 0.13359375
0 0.4734375 0.31640625 0.06328125 0.0734375
0 0.7046875 0.55546875 0.10546875 0.0796875
0 0.4671875 0.64609375 0.05859375 0.06953125
0 0.4421875 0.82109375 0.07109375 0.06484375
0 0.70390625 0.50078125 0.10859375 0.0609375
0 0.3140625 0.39375 0.06328125 0.075
0 0.50546875 0.21484375 0.11015625 0.346875
0 0.3703125 0.41640625 0.07578125 0.06640625
0 0.46015625 0.759375 0.06953125 0.06015625
0 0.32578125 0.4875 0.2984375 0.1140625
0 0.38125 0.325 0.17890625 0.21015625
0 0.35703125 0.5640625 0.07109375 0.06171875
0 0.61953125 0.69765625 0.06015625 0.14140625
0 0.5234375 0.74453125 0.19296875 0.42578125
0 0.496875 0.70390625 0.07109375 0.0609375
0 0.415625 0.27265625 0.0734375 0.0640625