0 0.33515625 0.3734375 0.0984375 0.09921875
0 0.41640625 0.32421875 0.08359375 0.0703125
0 0.77109375 0.51640625 0.07265625 0.090625
0 0.5046875 0.83515625 0.09609375 0.06875
0 0.51171875 0.31640625 0.11015625 0.0921875
0 0.24375 0.590625 0.09453125 0.10859375
0 0.596875 0.825 0.090625 0.07578125
0 0.67734375 0.77109375 0.0859375 0.08046875
0 0.6296875 0.1109375 0.0625 0.0625
0 0.696875 0.10390625 0.0625 0.06171875
0 0.74140625 0.43046875 0.07421875 0.084375
0 0.39609375 0.81328125 0.10234375 0.08046875
0 0.54921875 0.40078125 0.05234375 0.0578125
0 0.6109375 0.17890625 0.06328125 0.065625
0 0.65703125 0.46328125 0.0578125 0.05625
0 0.59140625 0.74453125 0.05546875 0.0609375
0 0.315625 0.75 0.06953125 0.08515625
0 0.353125 0.6828125 0.05078125 0.04609375
0 0.29609375 0.2046875 0.06796875 0.046875
0 0.2671875 0.475 0.10546875 0.12109375
0 0.38671875 0.7296875 0.06328125 0.05546875
0 0.60625 0.41875 0.0578125 0.0546875
0 0.490625 0.39609375 0.05234375 0.0640625
0 0.4296875 0.41171875 0.0515625 0.05859375
0 0.23984375 0.2484375 0.0484375 0.0703125
0 0.38203125 0.44140625 0.05 0.04921875
0 0.44765625 0.7578125 0.05859375 0.05390625
0 0.51640625 0.759375 0.05 0.0515625
0 0.671875 0.2140625 0.05390625 0.04765625
0 0.72421875 0.16171875 0.0546875 0.06015625
0 0.21171875 0.1453125 0.04765625 0.06015625
0 0.70234375 0.55390625 0.0546875 0.03984375
0 0.38046875 0.6 0.040625 0.0328125
0 0.33359375 0.63046875 0.05234375 0.03671875
0 0.55546875 0.50546875 0.034375 0.03359375
0 0.34296875 0.48125 0.05078125 0.04609375
0 0.65234375 0.6984375 0.04453125 0.04609375
0 0.32734375 0.52734375 0.04375 0.04140625
0 0.52265625 0.496875 0.03046875 0.03359375
0 0.38515625 0.53671875 0.0453125 0.04453125
0 0.19453125 0.21015625 0.05703125 0.04296875
0 0.575 0.4625 0.03515625 0.0375
0 0.63671875 0.52734375 0.0515625 0.03671875
0 0.64296875 0.58828125 0.04609375 0.03671875
0 0.4859375 0.45078125 0.0359375 0.04296875
0 0.56015625 0.5796875 0.03203125 0.0296875
0 0.4953125 0.709375 0.03984375 0.04296875
0 0.60234375 0.47890625 0.03984375 0.03515625
0 0.45234375 0.4578125 0.03671875 0.04453125
0 0.32265625 0.57578125 0.05234375 0.0359375
0 0.696875 0.61015625 0.04765625 0.04296875
0 0.59296875 0.6734375 0.04765625 0.03984375
0 0.4234375 0.68203125 0.03984375 0.0328125
0 0.67421875 0.65625 0.0375 0.04140625
0 0.63359375 0.61640625 0.046875 0.03828125
0 0.39921875 0.5 0.04140625 0.04140625
0 0.40625 0.65625 0.04140625 0.03203125
0 0.4234375 0.47890625 0.0359375 0.0390625
0 0.52890625 0.5375 0.03046875 0.03359375
0 0.5328125 0.70546875 0.0390625 0.04296875
0 0.45703125 0.70078125 0.03984375 0.04140625
0 0.38828125 0.63046875 0.03671875 0.03203125
0 0.49921875 0.61875 0.03203125 0.03203125
0 0.490625 0.4984375 0.03046875 0.034375
0 0.6796875 0.50859375 0.0390625 0.02734375
0 0.56328125 0.69375 0.03671875 0.04453125
0 0.621875 0.50078125 0.03828125 0.02890625
0 0.47265625 0.6046875 0.03515625 0.02890625
0 0.4671875 0.57578125 0.034375 0.034375
0 0.61953125 0.6453125 0.03984375 0.03828125
0 0.59140625 0.5453125 0.03515625 0.02890625
0 0.640625 0.5546875 0.04921875 0.03515625
0 0.59765625 0.57109375 0.03671875 0.028125
0 0.44765625 0.64609375 0.034375 0.03359375
0 0.51875 0.45 0.03203125 0.03984375
0 0.56953125 0.6421875 0.03046875 0.03046875
0 0.47734375 0.54921875 0.03046875 0.0328125
0 0.49609375 0.6640625 0.02890625 0.03203125
0 0.4359375 0.621875 0.03359375 0.028125
0 0.54609375 0.45703125 0.03515625 0.0359375
0 0.46796875 0.659375 0.03046875 0.0328125
0 0.5484375 0.60703125 0.03046875 0.03046875
0 0.5265625 0.61796875 0.02734375 0.03359375
0 0.38125 0.5671875 0.03828125 0.034375
0 0.4296875 0.56953125 0.03203125 0.028125
0 0.265625 0.68671875 0.03984375 0.0734375
0 0.43515625 0.5453125 0.03359375 0.03203125
0 0.271875 0.14609375 0.065625 0.07421875
0 0.5765625 0.525 0.0359375 0.028125
0 0.4640625 0.50546875 0.03046875 0.03203125
0 0.546875 0.6578125 0.03125 0.03203125
0 0.50234375 0.53671875 0.028125 0.03515625
0 0.71015625 0.5 0.03125 0.025
0 0.590625 0.6234375 0.02890625 0.025
0 0.59453125 0.59921875 0.03203125 0.0296875
0 0.553125 0.553125 0.03203125 0.02578125
0 0.44765625 0.521875 0.03515625 0.03515625
0 0.43125 0.59609375 0.02890625 0.0234375
0 0.7515625 0.66171875 0.11640625 0.19140625
0 0.69296875 0.50546875 0.06484375 0.03671875
0 0.63984375 0.36171875 0.140625 0.13046875
0 0.52421875 0.6609375 0.0265625 0.03203125