0 0.88515625 0.3125 0.14453125 0.1375
0 0.2234375 0.32578125 0.1390625 0.134375
0 0.4828125 0.82578125 0.10390625 0.1234375
0 0.77265625 0.72734375 0.115625 0.13125
0 0.6265625 0.16953125 0.15390625 0.1421875
0 0.846875 0.66171875 0.13203125 0.12578125
0 0.56796875 0.8140625 0.1125 0.1265625
0 0.67421875 0.77890625 0.11171875 0.13359375
0 0.43125 0.5984375 0.0859375 0.0953125
0 0.35234375 0.18984375 0.13984375 0.1140625
0 0.6890625 0.6484375 0.08984375 0.09921875
0 0.77890625 0.2109375 0.11875 0.10625
0 0.3015625 0.6828125 0.11640625 0.0875
0 0.375 0.70078125 0.09140625 0.10859375
0 0.55 0.7015625 0.0765625 0.09296875
0 0.3625 0.28984375 0.07265625 0.071875
0 0.6265625 0.58125 0.078125 0.090625
0 0.29609375 0.38984375 0.06796875 0.07734375
0 0.15390625 0.5921875 0.12265625 0.09609375
0 0.15859375 0.68046875 0.11171875 0.09375
0 0.2015625 0.72578125 0.10078125 0.09609375
0 0.6125 0.68515625 0.08046875 0.09921875
0 0.25 0.77109375 0.10234375 0.10703125
0 0.88515625 0.41640625 0.0765625 0.06328125
0 0.43359375 0.27109375 0.06953125 0.07890625
0 0.32109375 0.79453125 0.09296875 0.09453125
0 0.83515625 0.5625 0.0921875 0.09609375
0 0.3375 0.459375 0.059375 0.06953125
0 0.79453125 0.428125 0.08046875 0.07109375
0 0.496875 0.60859375 0.0796875 0.09296875
0 0.796875 0.35234375 0.08515625 0.06484375
0 0.58203125 0.36796875 0.07578125 0.0734375
0 0.39296875 0.81328125 0.0828125 0.0953125
0 0.309375 0.61953125 0.15234375 0.07890625
0 0.78828125 0.496875 0.35859375 0.12109375
0 0.425 0.353125 0.0578125 0.06796875
0 0.615625 0.290625 0.08046875 0.07265625
0 0.21328125 0.44765625 0.06953125 0.07734375
0 0.41171875 0.403125 0.140625 0.16328125
0 0.684375 0.359375 0.21796875 0.18984375
0 0.14765625 0.4375 0.06796875 0.0703125
0 0.7453125 0.58828125 0.11171875 0.09453125
0 0.48671875 0.71171875 0.07265625 0.11015625
0 0.678125 0.45390625 0.06640625 0.0734375
0 0.5015625 0.32734375 0.12734375 0.31171875
0 0.278125 0.4859375 0.06015625 0.07890625
0 0.56640625 0.60546875 0.07578125 0.1
0 0.434375 0.7046875 0.08671875 0.10625
0 0.2453125 0.521875 0.44140625 0.20390625