0 0.37890625 0.8953125 0.2203125 0.18359375
0 0.765625 0.8515625 0.28203125 0.23515625
0 0.375 0.1640625 0.11640625 0.1265625
0 0.78671875 0.0875 0.103125 0.121875
0 0.9140625 0.07734375 0.11796875 0.13203125
0 0.62421875 0.1828125 0.121875 0.11484375
0 0.57109375 0.89453125 0.153125 0.196875
0 0.49921875 0.16640625 0.11796875 0.11171875
0 0.74140625 0.21640625 0.11015625 0.13984375
0 0.55 0.0546875 0.1 0.09296875
0 0.6609375 0.06953125 0.121875 0.0984375
0 0.44921875 0.07109375 0.078125 0.1015625
0 0.90078125 0.48515625 0.178125 0.2453125
0 0.35 0.053125 0.1015625 0.08515625
0 0.04609375 0.0546875 0.0734375 0.09140625
0 0.21171875 0.0359375 0.08359375 0.05859375
0 0.25 0.69765625 0.071875 0.0703125
0 0.95234375 0.81796875 0.08359375 0.13203125
0 0.31171875 0.77421875 0.08984375 0.08203125
0 0.05703125 0.59140625 0.0703125 0.071875
0 0.06328125 0.1296875 0.06640625 0.05859375
0 0.88515625 0.28203125 0.05859375 0.05703125
0 0.06328125 0.68046875 0.08515625 0.08828125
0 0.20234375 0.09921875 0.06015625 0.06015625
0 0.3984375 0.73515625 0.05703125 0.06328125
0 0.14609375 0.853125 0.225 0.2203125
0 0.921875 0.940625 0.13671875 0.08671875
0 0.52734375 0.753125 0.06328125 0.053125
0 0.26171875 0.08828125 0.05703125 0.0765625
0 0.24296875 0.484375 0.0515625 0.053125
0 0.03984375 0.3453125 0.06328125 0.06328125
0 0.3421875 0.7109375 0.046875 0.06015625
0 0.4375 0.525 0.03828125 0.03671875
0 0.8671875 0.1671875 0.0703125 0.0546875
0 0.6125 0.2828125 0.053125 0.05
0 0.7421875 0.5953125 0.05703125 0.05
0 0.459375 0.74609375 0.05 0.06171875
0 0.353125 0.64296875 0.03515625 0.03828125
0 0.5546875 0.265625 0.05703125 0.0515625
0 0.5953125 0.74453125 0.06015625 0.0515625
0 0.03828125 0.18515625 0.053125 0.06015625
0 0.31015625 0.44453125 0.05859375 0.0484375
0 0.39296875 0.27734375 0.06484375 0.0453125
0 0.75390625 0.4234375 0.046875 0.05703125
0 0.4453125 0.26015625 0.05703125 0.0484375
0 0.56171875 0.64453125 0.03671875 0.04296875
0 0.71640625 0.48515625 0.04140625 0.03671875
0 0.434375 0.6859375 0.0453125 0.04140625
0 0.47890625 0.43046875 0.03359375 0.03359375
0 0.10234375 0.1890625 0.053125 0.06015625
0 0.88984375 0.3359375 0.0734375 0.03515625
0 0.7015625 0.3421875 0.03203125 0.06015625
0 0.1796875 0.440625 0.06171875 0.06015625
0 0.04609375 0.26484375 0.06171875 0.08203125
0 0.3875 0.4984375 0.03828125 0.03515625
0 0.17734375 0.62734375 0.13671875 0.203125
0 0.65234375 0.72109375 0.06015625 0.0484375
0 0.52109375 0.6921875 0.04296875 0.0453125
0 0.54765625 0.434375 0.03359375 0.03359375
0 0.4203125 0.575 0.04140625 0.03984375
0 0.4 0.328125 0.06328125 0.03671875
0 0.6953125 0.690625 0.06328125 0.04140625
0 0.1421875 0.0640625 0.046875 0.0515625
0 0.5765625 0.4578125 0.03515625 0.03359375
0 0.42109375 0.42421875 0.03828125 0.03515625
0 0.13359375 0.128125 0.06171875 0.0546875
0 0.62578125 0.53359375 0.04140625 0.03828125
0 0.3 0.33046875 0.05703125 0.04296875
0 0.57109375 0.5921875 0.03828125 0.03984375
0 0.5296875 0.3875 0.03671875 0.03828125
0 0.23828125 0.55390625 0.0484375 0.05859375
0 0.95234375 0.29453125 0.04140625 0.08515625
0 0.25234375 0.42734375 0.06015625 0.03671875
0 0.43046875 0.6328125 0.03515625 0.03671875
0 0.4984375 0.259375 0.0484375 0.0484375
0 0.39765625 0.61328125 0.04140625 0.0234375
0 0.3 0.665625 0.03203125 0.0734375
0 0.67109375 0.628125 0.03984375 0.03671875
0 0.6015625 0.675 0.03359375 0.0484375
0 0.48984375 0.38828125 0.03359375 0.03984375
0 0.46484375 0.30703125 0.05703125 0.03828125
0 0.61484375 0.3375 0.0515625 0.03984375
0 0.40234375 0.46171875 0.03984375 0.03828125
0 0.59765625 0.4203125 0.03671875 0.03984375
0 0.10546875 0.046875 0.06171875 0.08203125
0 0.33515625 0.61171875 0.03203125 0.03359375
0 0.7578125 0.53671875 0.0484375 0.0453125
0 0.3703125 0.5859375 0.04296875 0.03359375
0 0.5171875 0.4609375 0.0265625 0.0296875
0 0.88984375 0.221875 0.0546875 0.04140625
0 0.76328125 0.48359375 0.05 0.05859375
0 0.29765625 0.49296875 0.03515625 0.03671875
0 0.621875 0.45546875 0.03828125 0.03828125
0 0.596875 0.62578125 0.03359375 0.03515625
0 0.859375 0.675 0.26796875 0.125
0 0.7046875 0.53828125 0.0453125 0.06015625
0 0.4953125 0.60703125 0.03359375 0.04140625
0 0.63203125 0.6046875 0.03671875 0.04140625
0 0.48046875 0.68515625 0.04140625 0.03671875
0 0.83359375 0.209375 0.03828125 0.0546875
0 0.734375 0.37421875 0.03359375 0.06171875
0 0.265625 0.378125 0.0546875 0.03671875
0 0.4921875 0.56640625 0.028125 0.028125
0 0.45390625 0.40390625 0.0296875 0.0296875
0 0.66328125 0.31171875 0.04140625 0.04140625
0 0.3140625 0.57578125 0.03203125 0.05
0 0.5625 0.68828125 0.03671875 0.04140625
0 0.29765625 0.53359375 0.03359375 0.03515625
0 0.3578125 0.45 0.04296875 0.03828125
0 0.77421875 0.30859375 0.0453125 0.046875
0 0.39140625 0.5421875 0.04140625 0.03671875
0 0.58984375 0.49453125 0.03203125 0.0296875
0 0.6046875 0.5671875 0.03671875 0.03671875
0 0.5296875 0.56953125 0.03671875 0.03984375
0 0.62890625 0.49453125 0.03359375 0.03203125
0 0.3375 0.29296875 0.06015625 0.03984375
0 0.8140625 0.53828125 0.05859375 0.13515625
0 0.45078125 0.4515625 0.0296875 0.028125
0 0.33984375 0.48671875 0.03359375 0.03984375
0 0.6359375 0.4046875 0.04296875 0.03515625
0 0.821875 0.284375 0.0484375 0.075
0 0.57578125 0.3171875 0.04140625 0.03359375
0 0.4359375 0.4875 0.03359375 0.03203125
0 0.471875 0.64609375 0.04296875 0.03671875
0 0.3515625 0.35546875 0.0515625 0.03359375
0 0.94453125 0.16484375 0.06796875 0.05859375
0 0.596875 0.3703125 0.0484375 0.03203125
0 0.51796875 0.346875 0.0484375 0.03671875
0 0.32734375 0.39765625 0.0515625 0.03828125
0 0.4859375 0.4703125 0.03359375 0.03203125
0 0.521875 0.31015625 0.0546875 0.03984375
0 0.65703125 0.571875 0.0265625 0.04296875
0 0.4578125 0.5953125 0.03984375 0.04140625
0 0.5546875 0.49609375 0.028125 0.028125
0 0.659375 0.36484375 0.03359375 0.03203125
0 0.51796875 0.646875 0.03828125 0.03828125
0 0.640625 0.65703125 0.03515625 0.0484375
0 0.6703125 0.4796875 0.04140625 0.03828125
0 0.69453125 0.59140625 0.03359375 0.04140625
0 0.5359375 0.60703125 0.03359375 0.0296875
0 0.2671875 0.61015625 0.028125 0.08359375
0 0.3484375 0.55703125 0.04140625 0.0265625
0 0.390625 0.66484375 0.03515625 0.046875
0 0.6703125 0.52578125 0.03828125 0.0453125
0 0.5140625 0.42734375 0.0265625 0.028125
0 0.4625 0.5546875 0.03515625 0.03359375
0 0.56015625 0.353125 0.03515625 0.028125
0 0.44609375 0.3609375 0.0265625 0.04296875
0 0.34765625 0.52421875 0.04296875 0.03203125
0 0.54453125 0.52890625 0.03359375 0.03515625
0 0.47734375 0.35 0.0296875 0.03671875
0 0.7078125 0.44140625 0.0484375 0.04140625
0 0.565625 0.3984375 0.03359375 0.03828125
0 0.4796875 0.52109375 0.028125 0.028125
0 0.51015625 0.53203125 0.03203125 0.03671875
0 0.5640625 0.5546875 0.025 0.025
0 0.4140625 0.36796875 0.0296875 0.05
0 0.959375 0.36796875 0.05 0.04140625
0 0.58359375 0.52734375 0.03671875 0.03359375
0 0.3859375 0.3875 0.0265625 0.03671875
0 0.68828125 0.4 0.05859375 0.046875
0 0.54609375 0.46640625 0.0234375 0.0234375
0 0.6640625 0.4421875 0.04296875 0.03984375
0 0.46796875 0.49453125 0.0265625 0.0234375
0 0.3671875 0.415625 0.028125 0.03515625
0 0.72890625 0.65078125 0.06796875 0.025
0 0.953125 0.21640625 0.053125 0.03828125
0 0.090625 0.4671875 0.15859375 0.15703125
0 0.2015625 0.2671875 0.24296875 0.26171875
0 0.8109375 0.3546875 0.06171875 0.06328125