0 0.18125 0.46484375 0.20625 0.16953125
0 0.378125 0.8640625 0.13203125 0.13671875
0 0.81796875 0.4875 0.16328125 0.10546875
0 0.61796875 0.16875 0.11796875 0.15
0 0.75 0.765625 0.13359375 0.12890625
0 0.25625 0.7859375 0.1859375 0.16484375
0 0.18828125 0.646875 0.18125 0.146875
0 0.3515625 0.17265625 0.1453125 0.25546875
0 0.6453125 0.8296875 0.11640625 0.1421875
0 0.4515625 0.33515625 0.1125 0.1375
0 0.36796875 0.5546875 0.1125 0.1
0 0.4203125 0.66640625 0.12109375 0.13984375
0 0.8109375 0.6390625 0.17734375 0.1359375
0 0.528125 0.8625 0.11015625 0.18515625
0 0.21953125 0.28359375 0.153125 0.16796875
0 0.72109375 0.225 0.13515625 0.16796875
0 0.3765625 0.425 0.153125 0.1265625
0 0.66328125 0.5265625 0.10234375 0.1265625
0 0.81875 0.32578125 0.2078125 0.153125
0 0.56796875 0.31484375 0.11171875 0.11640625
0 0.52734375 0.6875 0.08671875 0.1203125
0 0.64140625 0.4015625 0.11484375 0.09921875
0 0.6234375 0.64921875 0.1 0.11484375
0 0.48515625 0.15625 0.0984375 0.17578125