0 0.28671875 0.371875 0.14765625 0.1796875
0 0.39765625 0.50703125 0.1484375 0.1515625
0 0.8234375 0.31015625 0.12421875 0.14296875
0 0.15078125 0.41875 0.17421875 0.19296875
0 0.67421875 0.34609375 0.14765625 0.13828125
0 0.628125 0.51328125 0.125 0.13203125
0 0.54140625 0.64453125 0.13984375 0.16875
0 0.5640625 0.2875 0.11171875 0.11640625
0 0.540625 0.1625 0.13125 0.115625
0 0.278125 0.534375 0.16484375 0.17734375
0 0.7625 0.725 0.11328125 0.13046875
0 0.74140625 0.43515625 0.121875 0.10859375
0 0.18671875 0.26015625 0.11953125 0.12890625
0 0.4765625 0.3421875 0.09296875 0.09453125
0 0.2921875 0.2109375 0.11796875 0.1109375
0 0.3796875 0.296875 0.07734375 0.09765625
0 0.65625 0.190625 0.11015625 0.10859375
0 0.46953125 0.4265625 0.08515625 0.08828125
0 0.8828125 0.49609375 0.1890625 0.17890625
0 0.6359375 0.8421875 0.096875 0.090625
0 0.653125 0.63515625 0.10625 0.13203125
0 0.51875 0.85 0.103125 0.09296875
0 0.5640625 0.409375 0.1125 0.11171875
0 0.40390625 0.1578125 0.12265625 0.10703125
0 0.4671875 0.25859375 0.08359375 0.09921875
0 0.5625 0.7671875 0.09765625 0.09296875
0 0.89765625 0.37265625 0.12734375 0.08984375
0 0.4 0.628125 0.16875 0.16796875
0 0.671875 0.74921875 0.09609375 0.09453125
0 0.46875 0.75078125 0.09609375 0.09375
0 0.38828125 0.3875 0.08203125 0.09140625
0 0.7265625 0.596875 0.11484375 0.10390625
0 0.1578125 0.71796875 0.05078125 0.04921875
0 0.39375 0.7890625 0.053125 0.05234375
0 0.75546875 0.51875 0.14375 0.08203125
0 0.75390625 0.22578125 0.09765625 0.1796875
0 0.1625 0.77890625 0.0515625 0.05
0 0.2953125 0.7984375 0.05 0.0546875
0 0.115625 0.6703125 0.0453125 0.05234375
0 0.15859375 0.64296875 0.053125 0.05
0 0.08671875 0.55546875 0.04765625 0.04453125
0 0.37734375 0.7359375 0.05078125 0.05078125
0 0.21015625 0.74609375 0.05 0.05
0 0.2375 0.65078125 0.05234375 0.05234375
0 0.2828125 0.665625 0.04765625 0.05078125
0 0.24609375 0.7078125 0.0484375 0.05546875
0 0.20390625 0.61015625 0.05234375 0.04375
0 0.0984375 0.50546875 0.0421875 0.04296875
0 0.31796875 0.70859375 0.04765625 0.0453125
0 0.19453125 0.68125 0.05234375 0.0515625
0 0.29140625 0.84609375 0.05078125 0.05
0 0.090625 0.615625 0.04296875 0.04453125
0 0.8625 0.71171875 0.18828125 0.31171875
0 0.33125 0.7609375 0.04609375 0.0515625
0 0.134375 0.5921875 0.05390625 0.04765625
0 0.2828125 0.7421875 0.04375 0.0453125
0 0.3515625 0.8109375 0.05234375 0.05078125
0 0.17734375 0.56796875 0.04609375 0.04609375
0 0.4421875 0.83515625 0.04453125 0.0546875
0 0.39765625 0.85078125 0.0453125 0.05625
0 0.24375 0.784375 0.04765625 0.04765625
0 0.13671875 0.540625 0.05078125 0.05078125
0 0.06015625 0.4703125 0.04609375 0.0453125
0 0.0546875 0.6546875 0.04765625 0.04921875
0 0.05078125 0.51796875 0.04296875 0.04453125