0 0.47421875 0.83984375 0.08359375 0.06484375
0 0.32421875 0.77890625 0.09140625 0.07109375
0 0.30859375 0.5125 0.07578125 0.07734375
0 0.26953125 0.646875 0.07578125 0.0609375
0 0.48359375 0.9171875 0.07890625 0.08203125
0 0.540625 0.36171875 0.07890625 0.08203125
0 0.2796875 0.57734375 0.06640625 0.0671875
0 0.5828125 0.4703125 0.08203125 0.06484375
0 0.265625 0.43125 0.09296875 0.07890625
0 0.3265625 0.39140625 0.08515625 0.08984375
0 0.4625 0.35703125 0.07109375 0.08671875
0 0.68828125 0.60703125 0.071875 0.0890625
0 0.6046875 0.5671875 0.06171875 0.0671875
0 0.56015625 0.91015625 0.07109375 0.10390625
0 0.20234375 0.75078125 0.09140625 0.0796875
0 0.38984375 0.82265625 0.07734375 0.07265625
0 0.3828125 0.72890625 0.06484375 0.06171875
0 0.65 0.51484375 0.06796875 0.06484375
0 0.3578125 0.46640625 0.06171875 0.06640625
0 0.75859375 0.72734375 0.08203125 0.084375
0 0.28046875 0.84921875 0.09453125 0.08671875
0 0.2078125 0.51796875 0.090625 0.08046875
0 0.50625 0.4484375 0.0640625 0.071875
0 0.6328125 0.63203125 0.06015625 0.08515625
0 0.5484375 0.83359375 0.059375 0.07109375
0 0.6296875 0.88984375 0.07265625 0.11640625
0 0.76171875 0.51171875 0.075 0.0734375
0 0.28515625 0.71015625 0.09453125 0.06484375
0 0.39296875 0.35234375 0.06875 0.09140625
0 0.61796875 0.38671875 0.10390625 0.11171875
0 0.6 0.709375 0.07109375 0.06640625
0 0.44921875 0.57578125 0.0578125 0.0609375
0 0.240625 0.80859375 0.071875 0.0765625
0 0.50234375 0.5765625 0.04921875 0.06640625
0 0.428125 0.4484375 0.07578125 0.0953125
0 0.4640625 0.509375 0.04921875 0.06484375
0 0.4265625 0.75625 0.0703125 0.05546875
0 0.55859375 0.75703125 0.065625 0.06953125
0 0.35546875 0.68046875 0.06171875 0.05703125
0 0.77421875 0.5859375 0.11640625 0.084375
0 0.409375 0.6046875 0.0640625 0.05078125
0 0.4109375 0.51875 0.05859375 0.05859375
0 0.3421875 0.5953125 0.07421875 0.0640625
0 0.721875 0.465625 0.07890625 0.08671875
0 0.378125 0.55234375 0.0578125 0.05390625
0 0.30703125 0.26796875 0.046875 0.04609375
0 0.925 0.15703125 0.04609375 0.04609375
0 0.48515625 0.70703125 0.04609375 0.065625
0 0.2125 0.034375 0.046875 0.046875
0 0.2328125 0.471875 0.08203125 0.07578125
0 0.3640625 0.23984375 0.04375 0.046875
0 0.67265625 0.71171875 0.06640625 0.0984375
0 0.6859375 0.2703125 0.04296875 0.04296875
0 0.7203125 0.790625 0.0890625 0.09609375
0 0.9359375 0.21484375 0.040625 0.04765625
0 0.51328125 0.51875 0.05234375 0.05546875
0 0.34296875 0.8765625 0.0765625 0.071875
0 0.43828125 0.696875 0.053125 0.06640625
0 0.353125 0.12734375 0.046875 0.05390625
0 0.82265625 0.1640625 0.04765625 0.03984375
0 0.27421875 0.21015625 0.04296875 0.04296875
0 0.40234375 0.18828125 0.03671875 0.05078125
0 0.20625 0.13671875 0.0359375 0.0421875
0 0.4046875 0.11953125 0.03671875 0.0421875
0 0.24296875 0.25625 0.0484375 0.040625
0 0.875 0.25703125 0.03125 0.0375
0 0.30390625 0.08515625 0.0484375 0.04296875
0 0.22890625 0.18828125 0.03984375 0.03984375
0 0.5328125 0.70625 0.05859375 0.06171875
0 0.7375 0.23515625 0.03515625 0.03125
0 0.85625 0.3453125 0.0375 0.03203125
0 0.82421875 0.3 0.04921875 0.03203125
0 0.19296875 0.575 0.08671875 0.06640625
0 0.88671875 0.19375 0.03828125 0.0390625
0 0.81484375 0.09609375 0.05546875 0.03828125
0 0.67890625 0.834375 0.08359375 0.0828125
0 0.15546875 0.18203125 0.0359375 0.04765625
0 0.7953125 0.34609375 0.04296875 0.034375
0 0.15546875 0.1234375 0.03203125 0.040625
0 0.26640625 0.02109375 0.04140625 0.0296875
0 0.328125 0.02734375 0.05078125 0.03671875
0 0.7390625 0.11328125 0.040625 0.04296875
0 0.40078125 0.9078125 0.09921875 0.09609375
0 0.56171875 0.67734375 0.06328125 0.04921875
0 0.67890625 0.2125 0.02578125 0.04453125
0 0.54453125 0.5921875 0.05234375 0.06171875
0 0.48203125 0.771875 0.08046875 0.08203125
0 0.19765625 0.6890625 0.06171875 0.06328125
0 0.765625 0.65546875 0.09765625 0.08203125
0 0.71015625 0.1484375 0.04140625 0.04921875
0 0.41953125 0.6578125 0.06484375 0.05546875
0 0.1734375 0.06953125 0.0328125 0.04140625
0 0.24296875 0.08828125 0.05078125 0.046875
0 0.91328125 0.3125 0.03828125 0.0421875
0 0.93203125 0.26796875 0.03046875 0.04140625
0 0.33984375 0.6421875 0.05625 0.04375
0 0.73671875 0.32421875 0.04140625 0.0375
0 0.75703125 0.18046875 0.046875 0.04609375
0 0.875 0.1265625 0.04921875 0.04140625
0 0.76171875 0.28125 0.04609375 0.03984375
0 0.18671875 0.63359375 0.096875 0.07578125
0 0.6796875 0.409375 0.08671875 0.09140625
0 0.56640625 0.63125 0.07109375 0.0609375
0 0.18671875 0.23203125 0.03828125 0.04296875