0 0.80703125 0.39453125 0.1203125 0.1765625
0 0.76953125 0.61796875 0.153125 0.15859375
0 0.709375 0.78046875 0.1453125 0.16171875
0 0.75 0.190625 0.12265625 0.16953125
0 0.6171875 0.90859375 0.1546875 0.16953125
0 0.60390625 0.6421875 0.134375 0.17265625
0 0.64140625 0.3734375 0.14296875 0.17265625
0 0.60234375 0.0828125 0.1203125 0.1546875
0 0.4609375 0.9421875 0.12109375 0.115625
0 0.45703125 0.75859375 0.1203125 0.16015625
0 0.52421875 0.246875 0.134375 0.1515625
0 0.46484375 0.05390625 0.12421875 0.1078125
0 0.32890625 0.88203125 0.1265625 0.16953125
0 0.38828125 0.2265625 0.12421875 0.1453125
0 0.32734375 0.6265625 0.12265625 0.16171875
0 0.32734375 0.4265625 0.12265625 0.16484375
0 0.32421875 0.0765625 0.11484375 0.153125
0 0.22109375 0.7828125 0.1296875 0.16640625
0 0.19296875 0.59140625 0.1109375 0.1453125
0 0.2171875 0.22578125 0.11328125 0.16328125
0 0.19296875 0.4015625 0.13359375 0.1546875