0 0.80859375 0.40234375 0.12265625 0.178125
0 0.76796875 0.62421875 0.1546875 0.16171875
0 0.70546875 0.78515625 0.146875 0.16484375
0 0.75390625 0.196875 0.12421875 0.17109375
0 0.61171875 0.9109375 0.15625 0.17265625
0 0.60234375 0.64375 0.1375 0.17421875
0 0.64296875 0.3765625 0.1453125 0.17421875
0 0.60859375 0.0859375 0.12109375 0.15625
0 0.4546875 0.94140625 0.12265625 0.1171875
0 0.453125 0.7578125 0.12109375 0.16171875
0 0.52734375 0.246875 0.1375 0.153125
0 0.471875 0.05390625 0.125 0.1078125
0 0.3234375 0.87734375 0.1296875 0.17109375
0 0.39296875 0.22421875 0.125 0.146875
0 0.325 0.6234375 0.12421875 0.16328125
0 0.328125 0.4234375 0.12421875 0.16640625
0 0.33046875 0.07578125 0.1171875 0.1515625
0 0.2171875 0.7765625 0.13046875 0.16796875
0 0.1921875 0.58515625 0.11328125 0.146875
0 0.22109375 0.21953125 0.115625 0.16484375
0 0.1953125 0.39453125 0.134375 0.15625