0 0.2140625 0.41484375 0.075 0.06640625
0 0.3765625 0.6890625 0.1328125 0.059375
0 0.30234375 0.86015625 0.075 0.05
0 0.5 0.50546875 0.06640625 0.0296875
0 0.70234375 0.52109375 0.0671875 0.0328125
0 0.41328125 0.86171875 0.0453125 0.0359375
0 0.41015625 0.19765625 0.07890625 0.034375
0 0.43203125 0.4921875 0.05859375 0.0296875
0 0.55234375 0.31015625 0.0453125 0.04140625
0 0.5203125 0.18515625 0.0515625 0.0328125
0 0.4671875 0.36484375 0.0671875 0.0296875
0 0.68359375 0.16328125 0.0453125 0.0359375
0 0.74375 0.853125 0.05 0.028125
0 0.19765625 0.47265625 0.0609375 0.03203125
0 0.5171875 0.5921875 0.08359375 0.03359375
0 0.571875 0.690625 0.05234375 0.05546875
0 0.5421875 0.57421875 0.0734375 0.0328125
0 0.57109375 0.64765625 0.1109375 0.13046875
0 0.2671875 0.578125 0.01640625 0.01328125
0 0.25625 0.56796875 0.01640625 0.0125
0 0.2390625 0.3703125 0.0296875 0.02265625
0 0.4984375 0.8140625 0.04140625 0.0296875
0 0.60859375 0.7453125 0.0203125 0.01484375
0 0.3359375 0.875 0.05 0.01484375
0 0.546875 0.54140625 0.0390625 0.0328125
0 0.3609375 0.42890625 0.0671875 0.0171875
0 0.6046875 0.56015625 0.0140625 0.0125
0 0.5359375 0.42421875 0.01484375 0.0125
0 0.6046875 0.38203125 0.0140625 0.0125
0 0.29375 0.18515625 0.0359375 0.02890625
0 0.6828125 0.22265625 0.03359375 0.02734375
0 0.49296875 0.1984375 0.04609375 0.0234375
0 0.65859375 0.22890625 0.03125 0.03125
0 0.6921875 0.29609375 0.025 0.0140625
0 0.7828125 0.78359375 0.0171875 0.01484375
0 0.9640625 0.8234375 0.0203125 0.01328125
0 0.90625 0.4046875 0.0171875 0.0109375
0 0.84296875 0.228125 0.02109375 0.01875
0 0.84140625 0.328125 0.0203125 0.01796875
0 0.72265625 0.1578125 0.0328125 0.028125
0 0.8484375 0.240625 0.0265625 0.01875
0 0.21015625 0.25 0.0375 0.03125
0 0.7234375 0.37421875 0.0125 0.00859375
0 0.721875 0.3703125 0.0140625 0.00625
0 0.68984375 0.359375 0.07109375 0.01484375
0 0.6421875 0.38125 0.0609375 0.009375
0 0.6671875 0.36875 0.1421875 0.025
0 0.5671875 0.58046875 0.01875 0.01328125
0 0.54453125 0.596875 0.02109375 0.01328125
0 0.2296875 0.49140625 0.0203125 0.01015625