0 0.62890625 0.28984375 0.08515625 0.053125
0 0.2546875 0.39765625 0.07265625 0.096875
0 0.03125 0.3328125 0.0625 0.053125
0 0.49296875 0.49921875 0.0359375 0.0484375
0 0.4609375 0.65078125 0.03984375 0.0484375
0 0.02265625 0.41640625 0.0453125 0.03203125
0 0.9078125 0.4484375 0.0421875 0.05703125
0 0.5140625 0.44921875 0.0375 0.0421875
0 0.75 0.54921875 0.05234375 0.03203125
0 0.91796875 0.53203125 0.04140625 0.03671875
0 0.68203125 0.48203125 0.0359375 0.05
0 0.9390625 0.65546875 0.0453125 0.03203125
0 0.0171875 0.66328125 0.034375 0.0359375
0 0.55234375 0.275 0.03984375 0.04375
0 0.3765625 0.50859375 0.04140625 0.0609375
0 0.24296875 0.54375 0.07109375 0.03671875
0 0.3984375 0.528125 0.03984375 0.053125
0 0.29921875 0.5453125 0.16875 0.0765625
0 0.4078125 0.32109375 0.01640625 0.0109375
0 0.42265625 0.3140625 0.01484375 0.0109375
0 0.6859375 0.31171875 0.02890625 0.021875
0 0.08125 0.48203125 0.0375 0.02890625
0 0.16796875 0.56875 0.01875 0.0140625
0 0.00859375 0.3578125 0.0171875 0.03671875
0 0.4421875 0.5328125 0.0421875 0.02734375
0 0.6015625 0.4 0.01875 0.05
0 0.4140625 0.57578125 0.01484375 0.009375
0 0.5984375 0.53125 0.01484375 0.01015625
0 0.6515625 0.58515625 0.01484375 0.009375
0 0.9296875 0.3625 0.0375 0.025
0 0.86015625 0.6515625 0.03515625 0.02421875
0 0.9015625 0.5109375 0.02890625 0.03359375
0 0.85234375 0.6328125 0.03984375 0.021875
0 0.7609375 0.6546875 0.0171875 0.01796875
0 0.10703125 0.696875 0.01875 0.0125
0 0.04453125 0.83046875 0.01640625 0.0140625
0 0.60546875 0.809375 0.0140625 0.0125
0 0.8265625 0.90546875 0.02734375 0.01953125
0 0.84453125 0.77109375 0.0234375 0.01484375
0 0.7109375 0.7640625 0.02265625 0.0140625
0 0.94453125 0.684375 0.0359375 0.0234375
0 0.8265625 0.77421875 0.0234375 0.01875
0 0.6984375 0.94375 0.0171875 0.01484375
0 0.88046875 0.89609375 0.01875 0.00859375
0 0.8484375 0.29609375 0.03984375 0.0265625
0 0.65546875 0.67421875 0.01015625 0.009375
0 0.6609375 0.67265625 0.0078125 0.01015625
0 0.67734375 0.64921875 0.01640625 0.05234375
0 0.65078125 0.6125 0.00859375 0.04609375
0 0.66640625 0.63203125 0.0265625 0.10625
0 0.3890625 0.54609375 0.01640625 0.01328125
0 0.36953125 0.528125 0.01640625 0.01484375
0 0.52578125 0.29765625 0.0125 0.0140625