0 0.2171875 0.40703125 0.07265625 0.06484375
0 0.36796875 0.6859375 0.1296875 0.05625
0 0.2859375 0.85390625 0.07265625 0.04765625
0 0.49921875 0.50546875 0.06484375 0.028125
0 0.7015625 0.5265625 0.06640625 0.03125
0 0.39609375 0.859375 0.04375 0.034375
0 0.42421875 0.1953125 0.07734375 0.0328125
0 0.4328125 0.48984375 0.0578125 0.02890625
0 0.5609375 0.31171875 0.04375 0.040625
0 0.53515625 0.1859375 0.05 0.03203125
0 0.4734375 0.3640625 0.06640625 0.028125
0 0.69921875 0.16796875 0.04375 0.034375
0 0.7265625 0.85859375 0.0484375 0.02734375
0 0.19921875 0.4640625 0.06015625 0.03125
0 0.51328125 0.5921875 0.0828125 0.03203125
0 0.56328125 0.69140625 0.05 0.0546875
0 0.5390625 0.57578125 0.07265625 0.03125
0 0.5640625 0.64921875 0.1046875 0.12734375
0 0.2640625 0.571875 0.01484375 0.0125
0 0.253125 0.56171875 0.01484375 0.0109375
0 0.2453125 0.3640625 0.02890625 0.021875
0 0.48359375 0.8140625 0.03984375 0.02890625
0 0.596875 0.74765625 0.01875 0.0140625
0 0.31875 0.8703125 0.0484375 0.0140625
0 0.5453125 0.54296875 0.0375 0.0328125
0 0.3640625 0.42578125 0.06640625 0.01484375
0 0.6015625 0.56328125 0.0125 0.0109375
0 0.5390625 0.42578125 0.0140625 0.0109375
0 0.6109375 0.38515625 0.0125 0.0109375
0 0.30859375 0.1796875 0.03515625 0.028125
0 0.6953125 0.22734375 0.0328125 0.0265625
0 0.5078125 0.1984375 0.0453125 0.02265625
0 0.67109375 0.23359375 0.0296875 0.0296875
0 0.7015625 0.3015625 0.0234375 0.01328125
0 0.76953125 0.79140625 0.01640625 0.0140625
0 0.94921875 0.8359375 0.01875 0.0125
0 0.9109375 0.415625 0.01640625 0.01015625
0 0.85546875 0.2375 0.0203125 0.01796875
0 0.8484375 0.33671875 0.01875 0.0171875
0 0.7390625 0.16328125 0.0328125 0.02734375
0 0.86015625 0.25 0.025 0.01796875
0 0.221875 0.24296875 0.0359375 0.0296875
0 0.7296875 0.38046875 0.0125 0.0078125
0 0.72734375 0.3765625 0.0140625 0.00546875
0 0.69609375 0.3640625 0.0703125 0.01328125
0 0.64765625 0.38515625 0.0609375 0.0078125
0 0.6734375 0.37265625 0.14140625 0.021875
0 0.5640625 0.58203125 0.0171875 0.0125
0 0.53984375 0.59765625 0.0203125 0.0125
0 0.2296875 0.484375 0.01875 0.009375