0 0.403125 0.1296875 0.19453125 0.16640625
0 0.63828125 0.16875 0.20703125 0.17421875
0 0.609375 0.34921875 0.1796875 0.15703125
0 0.38203125 0.325 0.178125 0.175
0 0.1875 0.3203125 0.15546875 0.14921875
0 0.8421875 0.3890625 0.18984375 0.18359375
0 0.63984375 0.52421875 0.15390625 0.16328125
0 0.18828125 0.4921875 0.20078125 0.15546875
0 0.80546875 0.58125 0.171875 0.1328125
0 0.36796875 0.6484375 0.16015625 0.15
0 0.5828125 0.6875 0.18984375 0.15625
0 0.7859375 0.7671875 0.18828125 0.1703125
0 0.14296875 0.6890625 0.20078125 0.19609375
0 0.35 0.8390625 0.14453125 0.1328125
0 0.54375 0.87734375 0.1578125 0.16953125