0 0.64375 0.85625 0.17734375 0.146875
0 0.40546875 0.84453125 0.1890625 0.153125
0 0.41015625 0.6625 0.16328125 0.1390625
0 0.63984375 0.66015625 0.159375 0.1578125
0 0.8328125 0.6421875 0.1390625 0.13359375
0 0.17421875 0.65 0.1703125 0.16484375
0 0.35859375 0.4921875 0.1359375 0.1484375
0 0.81015625 0.47109375 0.18515625 0.134375
0 0.18671875 0.4546875 0.15859375 0.11484375
0 0.6125 0.3375 0.14375 0.134375
0 0.39453125 0.3234375 0.1734375 0.13671875
0 0.1828125 0.26875 0.1703125 0.1515625
0 0.83046875 0.27109375 0.1796875 0.1765625
0 0.60546875 0.14609375 0.13125 0.11875
0 0.40859375 0.13046875 0.1390625 0.1546875