0 0.59765625 0.89453125 0.0890625 0.1203125
0 0.4265625 0.88515625 0.09609375 0.121875
0 0.26796875 0.790625 0.1015625 0.10625
0 0.83125 0.76875 0.08125 0.1109375
0 0.49609375 0.7625 0.08515625 0.10546875
0 0.6703125 0.76171875 0.09296875 0.109375
0 0.34921875 0.7078125 0.10390625 0.10390625
0 0.159375 0.66171875 0.1109375 0.115625
0 0.7546875 0.62578125 0.1015625 0.10546875
0 0.4734375 0.625 0.09609375 0.10546875
0 0.625 0.609375 0.0984375 0.10546875
0 0.87265625 0.60078125 0.09765625 0.10234375
0 0.23984375 0.56953125 0.1015625 0.10078125
0 0.36171875 0.54296875 0.090625 0.10390625
0 0.809375 0.471875 0.09296875 0.09140625
0 0.6890625 0.47578125 0.09609375 0.10546875
0 0.134375 0.45625 0.10703125 0.10546875
0 0.25078125 0.42421875 0.10703125 0.1125
0 0.3765625 0.39765625 0.10234375 0.1171875
0 0.896875 0.375 0.08671875 0.10390625
0 0.603125 0.35546875 0.08671875 0.10078125
0 0.48984375 0.34453125 0.084375 0.0859375
0 0.75390625 0.3125 0.1 0.10234375
0 0.309375 0.29765625 0.08828125 0.09921875
0 0.2015625 0.2421875 0.10390625 0.1125
0 0.453125 0.22265625 0.07734375 0.10078125
0 0.6171875 0.22109375 0.09296875 0.10625
0 0.75703125 0.18203125 0.090625 0.1078125
0 0.3640625 0.1421875 0.09609375 0.10390625
0 0.59140625 0.10625 0.0921875 0.09296875