0 0.159375 0.64453125 0.11484375 0.1109375
0 0.15234375 0.4515625 0.115625 0.11875
0 0.22265625 0.26484375 0.10234375 0.1234375
0 0.29140625 0.89453125 0.10546875 0.10078125
0 0.2671875 0.51875 0.1 0.10546875
0 0.28359375 0.7140625 0.10546875 0.1140625
0 0.30234375 0.34921875 0.1015625 0.12578125
0 0.32734375 0.13203125 0.11171875 0.13359375
0 0.4109375 0.796875 0.1015625 0.1234375
0 0.3875 0.48125 0.1015625 0.1171875
0 0.4140625 0.65 0.1015625 0.1203125
0 0.44296875 0.92734375 0.0984375 0.11875
0 0.415625 0.21484375 0.09765625 0.1234375
0 0.45 0.3484375 0.1 0.1109375
0 0.5515625 0.84453125 0.0890625 0.1125
0 0.53828125 0.71015625 0.1015625 0.1171875
0 0.50703125 0.08671875 0.10234375 0.12890625
0 0.5453125 0.2140625 0.109375 0.12890625
0 0.5796875 0.353125 0.11171875 0.12578125
0 0.6453125 0.93359375 0.0984375 0.10625
0 0.6375 0.60390625 0.09609375 0.10625
0 0.63671875 0.475 0.0828125 0.10234375
0 0.68828125 0.76875 0.0984375 0.121875
0 0.6625 0.26875 0.09609375 0.1078125
0 0.70234375 0.14296875 0.109375 0.12578125
0 0.740625 0.4234375 0.09609375 0.09609375
0 0.75703125 0.60703125 0.10234375 0.1140625
0 0.80390625 0.7609375 0.10390625 0.1109375
0 0.8046875 0.31640625 0.1 0.1171875
0 0.85625 0.56796875 0.090625 0.1109375