0 0.8515625 0.4921875 0.10546875 0.128125
0 0.81875 0.3140625 0.12421875 0.146875
0 0.825 0.6375 0.1203125 0.1296875
0 0.74296875 0.19453125 0.1078125 0.103125
0 0.75546875 0.76328125 0.12109375 0.13203125
0 0.7015625 0.46015625 0.13359375 0.14375
0 0.63828125 0.125 0.109375 0.13671875
0 0.6546875 0.31640625 0.12265625 0.15078125
0 0.68203125 0.60625 0.12421875 0.1390625
0 0.5875 0.50234375 0.10234375 0.140625
0 0.63671875 0.875 0.13203125 0.13046875
0 0.6015625 0.7359375 0.13359375 0.14921875
0 0.52421875 0.2328125 0.125 0.121875
0 0.50234375 0.096875 0.1265625 0.11171875
0 0.525 0.35703125 0.1359375 0.140625
0 0.5296875 0.646875 0.12109375 0.11484375
0 0.47265625 0.765625 0.1375 0.128125
0 0.3984375 0.40703125 0.11328125 0.13515625
0 0.365625 0.1421875 0.1203125 0.13515625
0 0.384375 0.28125 0.12265625 0.1203125
0 0.465625 0.9046875 0.16015625 0.14765625
0 0.39296875 0.57421875 0.13046875 0.14765625
0 0.3515625 0.715625 0.128125 0.13671875
0 0.28125 0.4078125 0.11328125 0.1265625
0 0.25 0.23359375 0.13046875 0.14921875
0 0.3125 0.83671875 0.12265625 0.11953125
0 0.2703125 0.55859375 0.1203125 0.14765625
0 0.20546875 0.678125 0.11328125 0.140625
0 0.1640625 0.371875 0.1203125 0.14765625
0 0.146875 0.53515625 0.11171875 0.13828125