0 0.46484375 0.8765625 0.1078125 0.10078125
0 0.6328125 0.86328125 0.12421875 0.11796875
0 0.334375 0.83125 0.1078125 0.11640625
0 0.7515625 0.79765625 0.084375 0.10625
0 0.22578125 0.740625 0.1109375 0.11640625
0 0.51171875 0.71953125 0.1203125 0.1296875
0 0.82890625 0.69375 0.115625 0.103125
0 0.65078125 0.6875 0.128125 0.11640625
0 0.3796875 0.68203125 0.1171875 0.11953125
0 0.4875 0.59375 0.12109375 0.09453125
0 0.13828125 0.60078125 0.1078125 0.1296875
0 0.2703125 0.5796875 0.125 0.128125
0 0.74296875 0.5578125 0.1 0.121875
0 0.8703125 0.55078125 0.090625 0.125
0 0.62890625 0.54453125 0.115625 0.13203125
0 0.36171875 0.51328125 0.09296875 0.11953125
0 0.25859375 0.43828125 0.10390625 0.13515625
0 0.59765625 0.403125 0.11328125 0.1078125
0 0.84609375 0.39921875 0.11328125 0.11484375
0 0.715625 0.40234375 0.0984375 0.1203125
0 0.13203125 0.4140625 0.1203125 0.1578125
0 0.44453125 0.37734375 0.12421875 0.125
0 0.31953125 0.31484375 0.11328125 0.1234375
0 0.61171875 0.27734375 0.10546875 0.109375
0 0.77578125 0.26484375 0.125 0.125
0 0.2125 0.25859375 0.09765625 0.1203125
0 0.4734375 0.24765625 0.125 0.11328125
0 0.371875 0.16328125 0.1203125 0.1078125
0 0.65859375 0.15625 0.125 0.11328125
0 0.5109375 0.11796875 0.1171875 0.10625