0 0.84765625 0.5578125 0.0984375 0.121875
0 0.84375 0.3765625 0.115625 0.1390625
0 0.79765625 0.69609375 0.11328125 0.121875
0 0.78828125 0.2453125 0.10234375 0.09609375
0 0.70859375 0.8078125 0.11328125 0.125
0 0.7046875 0.4984375 0.1265625 0.13671875
0 0.696875 0.15625 0.1015625 0.13046875
0 0.68125 0.34765625 0.11484375 0.14375
0 0.66171875 0.63828125 0.115625 0.13203125
0 0.5859375 0.51875 0.09453125 0.13515625
0 0.57421875 0.8953125 0.125 0.1234375
0 0.56171875 0.75078125 0.125 0.1421875
0 0.56640625 0.24140625 0.11875 0.11328125
0 0.56640625 0.103125 0.1203125 0.103125
0 0.54765625 0.3640625 0.128125 0.13203125
0 0.50546875 0.65 0.115625 0.10625
0 0.4296875 0.75625 0.13046875 0.11953125
0 0.415625 0.3890625 0.10546875 0.128125
0 0.425 0.121875 0.11171875 0.128125
0 0.4203125 0.2625 0.1171875 0.11171875
0 0.40078125 0.89140625 0.153125 0.13828125
0 0.38359375 0.553125 0.12265625 0.1390625
0 0.31875 0.684375 0.1203125 0.128125
0 0.29921875 0.36875 0.10703125 0.11953125
0 0.296875 0.190625 0.12265625 0.140625
0 0.26171875 0.796875 0.1171875 0.1109375
0 0.26484375 0.515625 0.11171875 0.140625
0 0.18125 0.6203125 0.10703125 0.13515625
0 0.1890625 0.3109375 0.11171875 0.140625
0 0.146875 0.46875 0.10546875 0.13203125