0 0.1484375 0.5265625 0.10546875 0.11484375
0 0.19453125 0.7328125 0.090625 0.11796875
0 0.178125 0.29375 0.09609375 0.11484375
0 0.2765625 0.51171875 0.090625 0.11640625
0 0.328125 0.875 0.1015625 0.109375
0 0.30625 0.3125 0.10234375 0.140625
0 0.3546875 0.69609375 0.1109375 0.109375
0 0.38515625 0.43828125 0.09609375 0.1234375
0 0.3609375 0.1140625 0.11875 0.121875
0 0.40078125 0.571875 0.1 0.10625
0 0.42265625 0.234375 0.09453125 0.11796875
0 0.4921875 0.66171875 0.1203125 0.10078125
0 0.4984375 0.3328125 0.09765625 0.1046875
0 0.52734375 0.76171875 0.1015625 0.10078125
0 0.56015625 0.89921875 0.1078125 0.11796875
0 0.5703125 0.24453125 0.1171875 0.11640625
0 0.603125 0.421875 0.10390625 0.11640625
0 0.615625 0.54921875 0.10703125 0.11640625
0 0.60390625 0.08828125 0.10703125 0.09609375
0 0.6578125 0.68046875 0.1015625 0.12734375
0 0.69296875 0.33515625 0.1078125 0.14921875
0 0.7375 0.52265625 0.09765625 0.109375
0 0.75546875 0.21640625 0.1015625 0.11171875
0 0.78984375 0.7296875 0.1296875 0.134375
0 0.84453125 0.46640625 0.0921875 0.09765625