0 0.50625 0.87421875 0.10234375 0.10625
0 0.70234375 0.83671875 0.10703125 0.090625
0 0.2890625 0.83125 0.10390625 0.09609375
0 0.49921875 0.7375 0.10546875 0.090625
0 0.84296875 0.70234375 0.09765625 0.10234375
0 0.3140625 0.69609375 0.1265625 0.10234375
0 0.6765625 0.66484375 0.09765625 0.11171875
0 0.4359375 0.61875 0.11171875 0.09609375
0 0.13046875 0.62734375 0.109375 0.1203125
0 0.56171875 0.609375 0.09453125 0.10078125
0 0.246875 0.56796875 0.10703125 0.0953125
0 0.6515625 0.5171875 0.0890625 0.1234375
0 0.34296875 0.49296875 0.09296875 0.09765625
0 0.74765625 0.484375 0.0890625 0.10390625
0 0.878125 0.4578125 0.10546875 0.109375
0 0.2640625 0.41171875 0.10390625 0.11953125
0 0.43203125 0.3859375 0.10390625 0.1046875
0 0.55234375 0.38046875 0.10390625 0.1078125
0 0.11875 0.36796875 0.08515625 0.109375
0 0.67734375 0.3421875 0.11484375 0.10234375
0 0.35546875 0.28671875 0.134375 0.1078125
0 0.534375 0.24921875 0.09765625 0.09765625
0 0.24765625 0.2140625 0.1 0.10234375
0 0.73046875 0.20390625 0.1203125 0.13046875
0 0.48671875 0.13203125 0.08828125 0.09375