0 0.4390625 0.13125 0.1171875 0.121875
0 0.25 0.20078125 0.11875 0.1078125
0 0.659375 0.1375 0.1171875 0.11171875
0 0.465625 0.265625 0.1171875 0.1078125
0 0.13125 0.3578125 0.1109375 0.11796875
0 0.6546875 0.275 0.13984375 0.121875
0 0.3015625 0.36640625 0.11171875 0.1265625
0 0.54609375 0.37265625 0.125 0.11328125
0 0.84609375 0.3125 0.125 0.1375
0 0.42265625 0.40234375 0.1078125 0.11484375
0 0.73984375 0.390625 0.11875 0.11171875
0 0.34765625 0.50859375 0.10703125 0.1359375
0 0.65703125 0.48046875 0.10703125 0.11171875
0 0.2578125 0.55703125 0.10390625 0.11796875
0 0.1328125 0.6046875 0.1203125 0.125
0 0.74609375 0.5484375 0.1203125 0.134375
0 0.584375 0.6015625 0.11875 0.1203125
0 0.465625 0.6265625 0.11875 0.1234375
0 0.89609375 0.56640625 0.1 0.121875
0 0.34765625 0.6859375 0.128125 0.1203125
0 0.67421875 0.68671875 0.14921875 0.12890625
0 0.503125 0.75390625 0.1109375 0.11328125
0 0.79140625 0.740625 0.11328125 0.11796875
0 0.315625 0.83046875 0.1375 0.14921875
0 0.5671875 0.8609375 0.1015625 0.1078125