0 0.71796875 0.49140625 0.07265625 0.0734375
0 0.496875 0.43984375 0.06484375 0.0609375
0 0.60390625 0.309375 0.09140625 0.05
0 0.3109375 0.50859375 0.075 0.0640625
0 0.47578125 0.33203125 0.0625 0.04765625
0 0.67890625 0.23828125 0.0859375 0.07421875
0 0.5515625 0.59140625 0.0546875 0.0421875
0 0.6640625 0.8453125 0.04375 0.03828125
0 0.5484375 0.634375 0.0515625 0.040625
0 0.2796875 0.2125 0.0734375 0.04609375
0 0.3546875 0.79765625 0.04375 0.0421875
0 0.38359375 0.82734375 0.04375 0.04375
0 0.27890625 0.81875 0.0390625 0.03671875
0 0.4078125 0.2421875 0.04609375 0.03828125
0 0.24296875 0.2578125 0.0625 0.06015625
0 0.55390625 0.36484375 0.09140625 0.0640625
0 0.3140625 0.6171875 0.06015625 0.084375
0 0.4015625 0.45390625 0.0359375 0.034375
0 0.6703125 0.66640625 0.05234375 0.096875
0 0.4375 0.39375 0.04375 0.0375
0 0.33828125 0.521875 0.0578125 0.04375
0 0.56328125 0.78125 0.025 0.053125
0 0.425 0.5703125 0.04375 0.07109375
0 0.390625 0.153125 0.04765625 0.05625
0 0.7671875 0.29765625 0.03359375 0.0296875
0 0.7546875 0.31328125 0.0140625 0.009375
0 0.79296875 0.6890625 0.03515625 0.02734375
0 0.74140625 0.74453125 0.0390625 0.02734375
0 0.47578125 0.22109375 0.02734375 0.021875
0 0.525 0.15625 0.0234375 0.025
0 0.3296875 0.18203125 0.02265625 0.02890625
0 0.39765625 0.3421875 0.0359375 0.0296875
0 0.2796875 0.1703125 0.0203125 0.02890625
0 0.28125 0.24453125 0.0125 0.0109375
0 0.4890625 0.12734375 0.0296875 0.0046875
0 0.48359375 0.84921875 0.03359375 0.0234375
0 0.51015625 0.72890625 0.0359375 0.0234375
0 0.65625 0.73984375 0.0265625 0.03203125
0 0.51171875 0.82890625 0.0171875 0.02265625
0 0.15859375 0.21015625 0.0359375 0.025
0 0.0984375 0.15546875 0.0390625 0.0234375
0 0.10546875 0.1796875 0.03984375 0.02421875
0 0.234375 0.30390625 0.02734375 0.01953125
0 0.2078125 0.22734375 0.02734375 0.0203125
0 0.2765625 0.13515625 0.0265625 0.0203125
0 0.2484375 0.36953125 0.02109375 0.01015625
0 0.1046875 0.2734375 0.0078125 0.01015625
0 0.13046875 0.75234375 0.03515625 0.03203125
0 0.2046875 0.68203125 0.0125 0.015625
0 0.6109375 0.53828125 0.0109375 0.03828125
0 0.146875 0.5484375 0.01015625 0.0078125
0 0.4171875 0.4234375 0.0390625 0.02890625
0 0.55859375 0.12890625 0.00859375 0.0078125
0 0.5796875 0.12734375 0.02109375 0.0046875