0 0.4546875 0.33984375 0.1078125 0.06484375
0 0.4203125 0.51171875 0.08984375 0.0578125
0 0.2328125 0.453125 0.0796875 0.075
0 0.540625 0.6390625 0.09609375 0.065625
0 0.2828125 0.54453125 0.07265625 0.053125
0 0.1265625 0.40859375 0.1109375 0.07578125
0 0.6125 0.44765625 0.0640625 0.046875
0 0.9296875 0.325 0.0578125 0.03828125
0 0.66953125 0.44296875 0.0609375 0.04375
0 0.15625 0.7078125 0.07265625 0.06171875
0 0.9140625 0.5609375 0.0625 0.0390625
0 0.94921875 0.534375 0.06484375 0.0390625
0 0.9546875 0.6140625 0.05390625 0.034375
0 0.17421875 0.60859375 0.0578125 0.040625
0 0.221875 0.728125 0.0890625 0.05546875
0 0.3140625 0.48125 0.0984375 0.078125
0 0.6828125 0.61875 0.1203125 0.05703125
0 0.4546875 0.58046875 0.0515625 0.03203125
0 0.6921875 0.34765625 0.13515625 0.0546875
0 0.3703125 0.5625 0.05625 0.03828125
0 0.5546875 0.61640625 0.0671875 0.05
0 0.8609375 0.409375 0.0734375 0.02734375
0 0.6046875 0.54453125 0.1015625 0.04296875
0 0.06015625 0.63515625 0.08125 0.04375
0 0.19140625 0.33359375 0.0453125 0.0296875
0 0.2140625 0.33984375 0.01484375 0.0109375
0 0.703125 0.253125 0.04140625 0.0296875
0 0.78359375 0.2828125 0.04140625 0.0328125
0 0.1359375 0.56171875 0.0328125 0.0234375
0 0.04375 0.53515625 0.0375 0.021875
0 0.1078125 0.6765625 0.04140625 0.021875
0 0.30859375 0.60078125 0.0453125 0.03203125
0 0.1 0.71484375 0.04140625 0.01953125
0 0.196875 0.70234375 0.01640625 0.0109375
0 0.0109375 0.56640625 0.0109375 0.02265625
0 0.9625 0.45703125 0.0359375 0.02890625
0 0.8 0.45703125 0.0359375 0.03125
0 0.7921875 0.346875 0.04609375 0.02421875
0 0.93125 0.43984375 0.0328125 0.0171875
0 0.17109375 0.79765625 0.0390625 0.03125
0 0.10859375 0.85078125 0.0375 0.0328125
0 0.1390625 0.8421875 0.0390625 0.03359375
0 0.2828125 0.72734375 0.0296875 0.0234375
0 0.1859375 0.75859375 0.03125 0.0234375
0 0.0546875 0.72265625 0.03125 0.02265625
0 0.3671875 0.70703125 0.0171875 0.01796875
0 0.2640625 0.828125 0.01484375 0.0078125
0 0.88984375 0.734375 0.04765625 0.03125
0 0.7859375 0.690625 0.02265625 0.0125
0 0.5328125 0.41171875 0.05234375 0.0140625
0 0.61953125 0.75390625 0.0109375 0.00859375
0 0.4125 0.5734375 0.04375 0.0328125
0 0.00390625 0.51484375 0.0078125 0.0078125