0 0.4890625 0.33671875 0.09765625 0.0546875
0 0.41953125 0.50234375 0.08125 0.0484375
0 0.2453125 0.421875 0.06640625 0.06875
0 0.5109375 0.6421875 0.08515625 0.05625
0 0.27578125 0.51796875 0.0640625 0.046875
0 0.15078125 0.365625 0.0984375 0.06484375
0 0.621875 0.4609375 0.05625 0.04140625
0 0.9609375 0.37734375 0.0515625 0.0328125
0 0.6796875 0.46328125 0.05390625 0.03828125
0 0.1171875 0.66484375 0.0609375 0.05546875
0 0.896875 0.60859375 0.05625 0.0328125
0 0.93671875 0.5875 0.05859375 0.0328125
0 0.92578125 0.665625 0.0484375 0.02890625
0 0.15546875 0.56953125 0.0515625 0.034375
0 0.17734375 0.69296875 0.0796875 0.046875
0 0.3203125 0.459375 0.08515625 0.06875
0 0.65625 0.6390625 0.1125 0.0453125
0 0.43828125 0.57421875 0.04609375 0.02734375
0 0.721875 0.371875 0.12890625 0.0390625
0 0.35859375 0.546875 0.05 0.0328125
0 0.5296875 0.62109375 0.05859375 0.04296875
0 0.87578125 0.45234375 0.07109375 0.01875
0 0.59375 0.55625 0.0953125 0.0328125
0 0.0375 0.58203125 0.075 0.0359375
0 0.2296875 0.29921875 0.03984375 0.025
0 0.2515625 0.30859375 0.0125 0.01015625
0 0.7515625 0.28046875 0.0359375 0.0265625
0 0.82578125 0.31875 0.0359375 0.02890625
0 0.128125 0.51796875 0.02890625 0.0203125
0 0.0421875 0.48125 0.03359375 0.01796875
0 0.07578125 0.628125 0.0390625 0.0171875
0 0.28984375 0.5765625 0.03984375 0.02734375
0 0.06015625 0.66484375 0.0390625 0.01484375
0 0.15859375 0.6640625 0.01484375 0.009375
0 0.003125 0.5078125 0.00625 0.02265625
0 0.965625 0.5125 0.03125 0.025
0 0.80546875 0.4921875 0.03125 0.02734375
0 0.8203125 0.3828125 0.0421875 0.01953125
0 0.9390625 0.49140625 0.0296875 0.01328125
0 0.11328125 0.75546875 0.03359375 0.02734375
0 0.040625 0.80078125 0.03125 0.02890625
0 0.07265625 0.7953125 0.0328125 0.0296875
0 0.23828125 0.69921875 0.0265625 0.0203125
0 0.1359375 0.71875 0.02734375 0.0203125
0 0.0140625 0.66796875 0.02734375 0.01953125
0 0.32578125 0.68828125 0.0140625 0.015625
0 0.1984375 0.796875 0.0140625 0.00546875
0 0.8359375 0.7765625 0.0421875 0.0265625
0 0.74296875 0.721875 0.02109375 0.009375
0 0.5515625 0.4171875 0.0515625 0.00859375
0 0.56484375 0.76484375 0.01015625 0.0078125
0 0.3984375 0.5625 0.0390625 0.02890625
0 0.0046875 0.45625 0.009375 0.00625
0 0.003125 0.440625 0.00625 0.015625