0 0.5125 0.80078125 0.15234375 0.10625
0 0.85 0.55625 0.0828125 0.0625
0 0.20390625 0.63828125 0.0796875 0.06015625
0 0.75390625 0.49453125 0.0671875 0.05234375
0 0.83046875 0.4734375 0.08359375 0.07421875
0 0.7328125 0.11640625 0.04765625 0.05
0 0.21796875 0.58359375 0.0765625 0.0390625
0 0.76171875 0.7125 0.07890625 0.046875
0 0.9421875 0.84375 0.0875 0.0453125
0 0.95546875 0.45390625 0.0640625 0.04765625
0 0.359375 0.35859375 0.10390625 0.08984375
0 0.9453125 0.253125 0.02734375 0.046875
0 0.21953125 0.24296875 0.04140625 0.021875
0 0.31875 0.29921875 0.02734375 0.028125
0 0.13515625 0.30703125 0.0421875 0.0234375
0 0.30546875 0.20703125 0.0265625 0.0203125
0 0.28828125 0.17578125 0.02890625 0.0140625
0 0.2859375 0.1921875 0.02734375 0.0171875
0 0.29296875 0.3125 0.0234375 0.01796875
0 0.6359375 0.09921875 0.0390625 0.02421875
0 0.4859375 0.115625 0.0390625 0.02265625
0 0.5484375 0.1953125 0.025 0.015625
0 0.77265625 0.078125 0.0328125 0.0203125
0 0.75 0.15078125 0.02734375 0.02734375
0 0.7984375 0.28984375 0.0390625 0.02265625
0 0.75234375 0.25703125 0.03515625 0.021875
0 0.07265625 0.41875 0.0203125 0.01953125
0 0.06328125 0.5 0.02109375 0.01953125
0 0.1640625 0.521875 0.0171875 0.0125
0 0.2828125 0.64296875 0.02265625 0.0109375
0 0.0515625 0.646875 0.0203125 0.021875
0 0.49296875 0.496875 0.02890625 0.0234375
0 0.3859375 0.41953125 0.0265625 0.025
0 0.4875 0.584375 0.0328125 0.0140625
0 0.5859375 0.36484375 0.0234375 0.0203125
0 0.36875 0.43984375 0.02265625 0.01875
0 0.33515625 0.58125 0.0296875 0.0296875
0 0.49140625 0.46328125 0.0296875 0.0171875
0 0.50859375 0.47890625 0.0328125 0.01875
0 0.38359375 0.66328125 0.0234375 0.00625
0 0.4640625 0.59375 0.0109375 0.00859375
0 0.3734375 0.36953125 0.0203125 0.021875
0 0.38828125 0.39375 0.01875 0.0203125
0 0.7515625 0.459375 0.0234375 0.015625
0 0.253125 0.6953125 0.0296875 0.021875
0 0.0828125 0.93046875 0.03359375 0.01953125
0 0.046875 0.83046875 0.0265625 0.0203125
0 0.0609375 0.72265625 0.02890625 0.0203125
0 0.3765625 0.77265625 0.02734375 0.0140625
0 0.4140625 0.87890625 0.0265625 0.0140625
0 0.5203125 0.7375 0.0234375 0.01015625
0 0.6609375 0.9234375 0.03515625 0.01796875
0 0.81171875 0.446875 0.01640625 0.0125
0 0.9921875 0.31796875 0.01484375 0.0171875
0 0.79765625 0.27421875 0.025 0.009375
0 0.7609375 0.24296875 0.02109375 0.009375
0 0.5390625 0.18359375 0.01640625 0.01015625
0 0.35390625 0.33046875 0.01875 0.0140625
0 0.46484375 0.78125 0.02109375 0.01015625
0 0.21171875 0.58515625 0.0296875 0.0203125