0 0.43671875 0.76875 0.0765625 0.084375
0 0.4578125 0.3859375 0.0609375 0.06484375
0 0.73828125 0.46328125 0.06640625 0.04296875
0 0.815625 0.46328125 0.0796875 0.03203125
0 0.82890625 0.36875 0.04375 0.05
0 0.7375 0.18984375 0.0234375 0.0234375
0 0.2546875 0.496875 0.03359375 0.0265625
0 0.3859375 0.49921875 0.08125 0.05703125
0 0.11875 0.334375 0.0390625 0.03359375
0 0.58203125 0.43515625 0.05390625 0.0609375
0 0.04453125 0.51484375 0.0671875 0.06171875
0 0.96796875 0.43203125 0.02734375 0.02734375
0 0.08203125 0.3984375 0.03984375 0.034375
0 0.92578125 0.63828125 0.02109375 0.00625
1 0.5578125 0.2265625 0.07890625 0.0890625
1 0.47421875 0.1859375 0.28125 0.12578125
1 0.41484375 0.2671875 0.0578125 0.0515625
1 0.62265625 0.13515625 0.02890625 0.01796875
1 0.7234375 0.22890625 0.31484375 0.20625
0 0.41484375 0.23203125 0.01875 0.01484375
0 0.5234375 0.128125 0.0109375 0.0046875
0 0.62109375 0.43046875 0.05 0.03828125
0 0.66015625 0.4359375 0.04140625 0.04140625
0 0.534375 0.55078125 0.0453125 0.046875
0 0.58203125 0.5265625 0.0703125 0.0578125
0 0.390625 0.46796875 0.0875 0.053125
0 0.3828125 0.59375 0.03984375 0.0328125
0 0.2984375 0.46796875 0.03359375 0.04609375
0 0.53203125 0.63203125 0.06875 0.0484375
0 0.54140625 0.66484375 0.1078125 0.06640625
0 0.52421875 0.73125 0.08984375 0.06484375
0 0.0109375 0.45625 0.02109375 0.02734375
0 0.95234375 0.571875 0.0921875 0.05078125
0 0.8234375 0.74453125 0.02265625 0.009375
0 0.8265625 0.7375 0.0171875 0.00546875
0 0.821875 0.13515625 0.0140625 0.0125