0 0.859375 0.54296875 0.1109375 0.05546875
0 0.3484375 0.53359375 0.08515625 0.0453125
0 0.44609375 0.321875 0.05625 0.0484375
0 0.4453125 0.2640625 0.04140625 0.059375
0 0.31953125 0.25546875 0.06484375 0.03203125
0 0.08203125 0.32734375 0.03125 0.01796875
0 0.50078125 0.68359375 0.03515625 0.025
0 0.5015625 0.58515625 0.075 0.06015625
0 0.2859375 0.78828125 0.04375 0.028125
0 0.41171875 0.43984375 0.0796875 0.0390625
0 0.528125 0.84140625 0.08125 0.05
0 0.4015625 0.15078125 0.0359375 0.01953125
0 0.371875 0.815625 0.0453125 0.02890625
0 0.6765625 0.17890625 0.00859375 0.015625
1 0.13359375 0.46171875 0.1171875 0.05703125
1 0.08125 0.525 0.1625 0.209375
1 0.190625 0.56796875 0.0671875 0.0421875
1 0.01171875 0.41484375 0.0234375 0.021875
1 0.13515625 0.3375 0.2703125 0.2328125
0 0.14375 0.56875 0.0203125 0.0140625
0 0.003125 0.4890625 0.00625 0.00859375
0 0.40546875 0.41015625 0.05 0.03671875
0 0.4125 0.38125 0.05390625 0.0296875
0 0.5671875 0.4734375 0.0609375 0.0328125
0 0.53359375 0.43828125 0.0765625 0.0515625
0 0.459375 0.5828125 0.0703125 0.06484375
0 0.6265625 0.5859375 0.0421875 0.02890625
0 0.4609375 0.6515625 0.0609375 0.02421875
0 0.675 0.4734375 0.0640625 0.05078125
0 0.71875 0.46640625 0.0875 0.0796875
0 0.8078125 0.47734375 0.08515625 0.06640625
0 0.45078125 0.871875 0.0359375 0.02421875
0 0.5875 0.1546875 0.06640625 0.0765625
0 0.8203125 0.253125 0.0125 0.0171875
0 0.8109375 0.25078125 0.0078125 0.01328125
0 0.14765625 0.04765625 0.02890625 0.01484375
0 0.0078125 0.2640625 0.015625 0.009375