0 0.4953125 0.6375 0.1359375 0.0875
0 0.97578125 0.746875 0.0484375 0.065625
0 0.096875 0.5734375 0.0921875 0.121875
0 0.3859375 0.64140625 0.09375 0.06953125
0 0.85 0.23515625 0.0859375 0.05078125
0 0.43671875 0.546875 0.06484375 0.046875
1 0.24609375 0.615625 0.225 0.16328125
0 0.42265625 0.26171875 0.0546875 0.034375
0 0.75390625 0.60390625 0.05625 0.03359375
1 0.565625 0.49921875 0.2875 0.10703125
0 0.546875 0.29296875 0.05 0.03671875
0 0.825 0.38828125 0.0609375 0.0453125
0 0.13671875 0.5015625 0.1171875 0.04609375
1 0.3453125 0.44453125 0.2375 0.1515625
1 0.81640625 0.59375 0.2359375 0.16015625
0 0.7328125 0.38828125 0.0625 0.0375
0 0.290625 0.69921875 0.0703125 0.0390625
0 0.05625 0.67734375 0.0671875 0.078125
0 0.18046875 0.6671875 0.0671875 0.05
0 0.01328125 0.48671875 0.0265625 0.046875
0 0.5625 0.31171875 0.0484375 0.0296875
0 0.1875 0.2421875 0.1234375 0.06015625
0 0.5015625 0.34453125 0.05625 0.03671875
0 0.18046875 0.32421875 0.025 0.01953125
0 0.69921875 0.253125 0.0390625 0.021875
0 0.7921875 0.20859375 0.0203125 0.01484375
0 0.95 0.2765625 0.0296875 0.021875
0 0.09609375 0.478125 0.025 0.0203125
0 0.14921875 0.70234375 0.03125 0.02421875
0 0.4453125 0.3734375 0.0203125 0.01796875
0 0.4359375 0.41015625 0.0171875 0.01796875
0 0.36484375 0.46640625 0.01875 0.021875
0 0.37265625 0.44453125 0.0203125 0.01953125
0 0.765625 0.5609375 0.0265625 0.01796875
0 0.83125 0.57734375 0.025 0.01484375
0 0.6546875 0.37265625 0.025 0.0140625
0 0.64140625 0.3625 0.02109375 0.01875
0 0.8328125 0.58828125 0.01875 0.01328125
0 0.325 0.765625 0.03359375 0.015625
0 0.31171875 0.80859375 0.02265625 0.01875
0 0.20390625 0.91171875 0.0140625 0.01015625
0 0.29921875 0.92578125 0.0265625 0.0125
0 0.35 0.8453125 0.02734375 0.01484375
0 0.1875 0.80625 0.03125 0.0140625
0 0.58515625 0.78046875 0.01484375 0.01015625
0 0.6203125 0.7421875 0.01640625 0.01328125
0 0.3515625 0.440625 0.0296875 0.01875
0 0.2546875 0.64921875 0.01640625 0.01015625
0 0.01640625 0.4390625 0.0328125 0.04609375
0 0.78046875 0.20390625 0.0125 0.00859375
0 0.91484375 0.18359375 0.03984375 0.021875
0 0.9765625 0.421875 0.03359375 0.04140625
0 0.84609375 0.6109375 0.06015625 0.02890625
0 0.865625 0.76328125 0.02265625 0.0125