0 0.9515625 0.75390625 0.09609375 0.071875
0 0.24609375 0.3921875 0.0875 0.0953125
0 0.14921875 0.46171875 0.0765625 0.084375
0 0.10546875 0.5 0.07734375 0.08828125
0 0.33046875 0.2171875 0.11015625 0.11875
0 0.4625 0.1640625 0.06875 0.08046875
0 0.04140625 0.440625 0.0703125 0.0875
0 0.73203125 0.16015625 0.03984375 0.03359375
0 0.34296875 0.33671875 0.06015625 0.08515625
0 0.55859375 0.11171875 0.07109375 0.07421875
0 0.48203125 0.4640625 0.13515625 0.0421875
0 0.4890625 0.48515625 0.0671875 0.0328125
1 0.66328125 0.81328125 0.16484375 0.0875
0 0.85546875 0.19765625 0.04375 0.03671875
0 0.41796875 0.446875 0.04609375 0.03359375
1 0.79375 0.759375 0.16484375 0.08046875
0 0.40390625 0.25078125 0.025 0.01953125
0 0.66484375 0.27734375 0.04375 0.0140625
0 0.23984375 0.596875 0.025 0.01484375
0 0.2671875 0.646875 0.01640625 0.01328125
0 0.5578125 0.46640625 0.02890625 0.025
0 0.44140625 0.49609375 0.0171875 0.0109375
0 0.4015625 0.5484375 0.02109375 0.01484375
0 0.9140625 0.40234375 0.02265625 0.01953125
0 0.7875 0.3484375 0.02265625 0.01484375
0 0.75234375 0.3609375 0.0203125 0.0140625
0 0.76328125 0.36875 0.0359375 0.0109375
0 0.7859375 0.35859375 0.04765625 0.01328125
0 0.73671875 0.37109375 0.01015625 0.00859375
0 0.48984375 0.78828125 0.02109375 0.01484375
0 0.6953125 0.8375 0.03125 0.0234375
0 0.75859375 0.76875 0.0375 0.02421875
0 0.88828125 0.6890625 0.0265625 0.01796875
0 0.896875 0.72109375 0.0328125 0.01875
0 0.8796875 0.67265625 0.01640625 0.009375
0 0.903125 0.71171875 0.01875 0.0109375
0 0.68046875 0.26953125 0.04375 0.0125
0 0.67578125 0.26328125 0.03515625 0.009375
0 0.53984375 0.1421875 0.01640625 0.0125
0 0.58515625 0.11796875 0.0171875 0.0234375
0 0.4390625 0.1703125 0.01484375 0.0171875
0 0.3828125 0.63671875 0.00859375 0.0078125