0 0.93515625 0.78984375 0.1296875 0.06171875
0 0.2625 0.37265625 0.075 0.08984375
0 0.15703125 0.434375 0.06484375 0.0796875
0 0.1078125 0.46875 0.06640625 0.08359375
0 0.37109375 0.20546875 0.0953125 0.1125
0 0.509375 0.16328125 0.05859375 0.0765625
0 0.0515625 0.40546875 0.05859375 0.08359375
0 0.778125 0.18046875 0.0359375 0.03125
0 0.3671875 0.32578125 0.0484375 0.08125
0 0.6125 0.11796875 0.0625 0.06953125
0 0.48671875 0.46328125 0.13125 0.03203125
0 0.490625 0.484375 0.0640625 0.028125
1 0.61875 0.825 0.1546875 0.075
0 0.8953125 0.2265625 0.0390625 0.03359375
0 0.4265625 0.440625 0.0421875 0.03125
1 0.75625 0.78125 0.15625 0.06875
0 0.4390625 0.2453125 0.02265625 0.01796875
0 0.6953125 0.29140625 0.0421875 0.0109375
0 0.228125 0.57578125 0.0234375 0.01328125
0 0.24765625 0.62734375 0.01484375 0.0125
0 0.56171875 0.47109375 0.0265625 0.0234375
0 0.4421875 0.49140625 0.01640625 0.01015625
0 0.3953125 0.540625 0.0203125 0.01328125
0 0.925 0.43515625 0.0203125 0.01796875
0 0.80703125 0.371875 0.02109375 0.01328125
0 0.7703125 0.38125 0.01875 0.01328125
0 0.7796875 0.390625 0.03515625 0.00859375
0 0.8046875 0.38203125 0.04609375 0.009375
0 0.75390625 0.390625 0.00859375 0.0078125
0 0.45 0.7859375 0.0203125 0.01328125
0 0.646875 0.8515625 0.02890625 0.021875
0 0.7203125 0.7875 0.03515625 0.021875
0 0.859375 0.71875 0.0234375 0.015625
0 0.8640625 0.75078125 0.0296875 0.0171875
0 0.85390625 0.7015625 0.01484375 0.00859375
0 0.87109375 0.7421875 0.0171875 0.01015625
0 0.71171875 0.28515625 0.0421875 0.009375
0 0.7078125 0.278125 0.03359375 0.00625
0 0.5890625 0.14765625 0.01484375 0.0109375
0 0.6375 0.12734375 0.01484375 0.02265625
0 0.4859375 0.16796875 0.0125 0.015625
0 0.36484375 0.6265625 0.0078125 0.00625