0 0.134375 0.5796875 0.0984375 0.0828125
0 0.3921875 0.51484375 0.10859375 0.09765625
0 0.03125 0.5828125 0.0625 0.06640625
0 0.5578125 0.34609375 0.0890625 0.06875
0 0.4640625 0.2859375 0.03984375 0.0609375
0 0.20078125 0.1890625 0.0359375 0.06484375
0 0.80390625 0.278125 0.0375 0.05546875
0 0.66796875 0.87265625 0.05234375 0.03125
0 0.63359375 0.39296875 0.15390625 0.07421875
0 0.22734375 0.646875 0.0546875 0.0328125
0 0.9828125 0.63046875 0.03359375 0.0203125
0 0.38046875 0.37734375 0.0390625 0.0734375
0 0.82421875 0.69140625 0.01875 0.0140625
0 0.7015625 0.17421875 0.15390625 0.090625
0 0.67265625 0.54453125 0.02890625 0.0109375
0 0.01875 0.7953125 0.01484375 0.0125
0 0.7828125 0.225 0.04609375 0.0421875
0 0.27890625 0.16328125 0.0828125 0.0609375
0 0.871875 0.12734375 0.04765625 0.04609375
0 0.96328125 0.1125 0.0734375 0.046875
0 0.9140625 0.5046875 0.1609375 0.0796875
0 0.4 0.06953125 0.0921875 0.025
0 0.15859375 0.3546875 0.11484375 0.0796875
0 0.7578125 0.52421875 0.02109375 0.01796875
0 0.02734375 0.365625 0.0484375 0.03828125
0 0.38984375 0.53359375 0.04375 0.03125
0 0.13359375 0.59765625 0.05 0.034375
0 0.0375 0.4578125 0.04609375 0.0265625
0 0.35 0.38515625 0.025 0.065625
0 0.00546875 0.2796875 0.0109375 0.02265625
0 0.11328125 0.25234375 0.0609375 0.0203125
0 0.11171875 0.23203125 0.06640625 0.01796875
0 0.00859375 0.1765625 0.0171875 0.02734375
0 0.85703125 0.44296875 0.1140625 0.0875
0 0.9234375 0.46796875 0.0234375 0.0078125
0 0.6765625 0.53203125 0.01640625 0.01484375
0 0.5359375 0.5421875 0.00859375 0.01328125
0 0.5359375 0.56484375 0.0109375 0.01328125
0 0.6265625 0.56328125 0.1203125 0.0203125
0 0.55390625 0.58046875 0.1171875 0.0109375
0 0.65390625 0.6546875 0.23359375 0.0203125
0 0.59296875 0.66953125 0.22890625 0.0125
0 0.4828125 0.66640625 0.03359375 0.00859375
0 0.4515625 0.6546875 0.01015625 0.0125
0 0.5734375 0.75 0.0140625 0.0125
0 0.58671875 0.78828125 0.01640625 0.0171875
0 0.86015625 0.79921875 0.0203125 0.015625
0 0.7640625 0.83203125 0.0171875 0.0140625
0 0.54453125 0.83515625 0.02109375 0.009375
0 0.50234375 0.9515625 0.0140625 0.0125
0 0.1640625 0.884375 0.01640625 0.0109375
0 0.19921875 0.66875 0.01484375 0.0109375
0 0.3 0.55546875 0.11484375 0.0109375
0 0.24375 0.5296875 0.01015625 0.01328125
0 0.2265625 0.4734375 0.01484375 0.0140625
0 0.24921875 0.459375 0.0125 0.0140625
1 0.221875 0.47109375 0.0734375 0.046875
1 0.27421875 0.50390625 0.13984375 0.09296875
1 0.46640625 0.6234375 0.1359375 0.08125
1 0.53125 0.5546875 0.0703125 0.040625
1 0.5703125 0.74453125 0.2046875 0.11328125
1 0.2671875 0.7671875 0.0625 0.034375