0 0.1234375 0.540625 0.1125 0.0921875
0 0.38984375 0.503125 0.1265625 0.1078125
0 0.02890625 0.5328125 0.0578125 0.071875
0 0.5859375 0.353125 0.1 0.0765625
0 0.50390625 0.28359375 0.0515625 0.06484375
0 0.2609375 0.1609375 0.04765625 0.0671875
0 0.8421875 0.31171875 0.04765625 0.059375
0 0.59765625 0.88671875 0.0578125 0.03671875
0 0.65234375 0.4078125 0.16640625 0.0890625
0 0.203125 0.6171875 0.06015625 0.03828125
0 0.9546875 0.6796875 0.0375 0.02421875
0 0.4046875 0.365625 0.05234375 0.0765625
0 0.7859375 0.7234375 0.02109375 0.015625
0 0.76015625 0.1984375 0.16875 0.10625
0 0.6625 0.56171875 0.0296875 0.0140625
0 0.83046875 0.25703125 0.05390625 0.046875
0 0.34296875 0.14375 0.0921875 0.06953125
0 0.9375 0.16953125 0.0546875 0.05078125
0 0.90859375 0.54765625 0.175 0.0953125
0 0.48046875 0.0640625 0.09609375 0.034375
0 0.1890625 0.3203125 0.12890625 0.090625
0 0.7515625 0.55078125 0.0234375 0.01953125
0 0.05703125 0.31796875 0.0546875 0.04296875
0 0.38515625 0.521875 0.0484375 0.0359375
0 0.11953125 0.5578125 0.05625 0.0390625
0 0.05 0.41015625 0.0515625 0.03125
0 0.37265625 0.3703125 0.0375 0.0671875
0 0.0515625 0.23046875 0.01484375 0.0234375
0 0.16328125 0.2140625 0.06484375 0.02734375
0 0.165625 0.19375 0.06875 0.02421875
0 0.0734375 0.128125 0.02265625 0.02890625
0 0.8640625 0.48125 0.12890625 0.0984375
0 0.92578125 0.5125 0.025 0.01015625
0 0.66953125 0.55 0.01875 0.0171875
0 0.52734375 0.5453125 0.0109375 0.0140625
0 0.5234375 0.56796875 0.0140625 0.0140625
0 0.6140625 0.57578125 0.12265625 0.0328125
0 0.53828125 0.58515625 0.11875 0.0234375
0 0.6234375 0.66953125 0.23515625 0.0453125
0 0.5609375 0.67734375 0.22890625 0.0359375
0 0.45234375 0.66328125 0.03515625 0.0125
0 0.4234375 0.6484375 0.0125 0.01328125
0 0.5265625 0.7546875 0.01640625 0.01328125
0 0.5328125 0.79453125 0.01875 0.01875
0 0.80078125 0.834375 0.02265625 0.01796875
0 0.7 0.85625 0.0203125 0.015625
0 0.48203125 0.83671875 0.02265625 0.0109375
0 0.41875 0.94765625 0.01640625 0.01328125
0 0.0953125 0.84609375 0.01875 0.01328125
0 0.17109375 0.6359375 0.0171875 0.01328125
0 0.2921875 0.534375 0.11640625 0.0234375
0 0.240625 0.50234375 0.0125 0.0140625
0 0.23359375 0.4453125 0.0171875 0.015625
0 0.259375 0.43359375 0.01484375 0.01484375
1 0.2296875 0.4421875 0.08125 0.0546875
1 0.27578125 0.48046875 0.15625 0.10703125
1 0.44375 0.61875 0.15 0.09453125
1 0.5203125 0.55703125 0.0765625 0.046875
1 0.5234375 0.75 0.2234375 0.134375
1 0.2203125 0.740625 0.06875 0.04140625