0 0.5203125 0.425 0.15234375 0.0640625
0 0.2484375 0.2359375 0.175 0.0671875
0 0.5703125 0.66875 0.05234375 0.02734375
0 0.40390625 0.1109375 0.04765625 0.03203125
0 0.63046875 0.31484375 0.05390625 0.0515625
0 0.7125 0.55390625 0.0921875 0.0390625
0 0.5265625 0.790625 0.05234375 0.0296875
0 0.4015625 0.20546875 0.04765625 0.03515625
0 0.39375 0.3171875 0.04609375 0.03125
0 0.940625 0.40390625 0.0484375 0.03828125
0 0.4703125 0.3421875 0.04765625 0.02578125
0 0.025 0.2890625 0.05 0.07421875
0 0.97578125 0.478125 0.0484375 0.0359375
0 0.98203125 0.5765625 0.0359375 0.05625
0 0.42890625 0.6984375 0.04765625 0.02421875
0 0.03125 0.59453125 0.0625 0.08359375
0 0.27421875 0.06640625 0.02890625 0.0125
0 0.18359375 0.26640625 0.02734375 0.0171875
0 0.27578125 0.0796875 0.02890625 0.01484375
0 0.58203125 0.2 0.03125 0.0265625
0 0.9890625 0.27109375 0.01875 0.02890625
0 0.42890625 0.42109375 0.02734375 0.01796875
0 0.4359375 0.4046875 0.02890625 0.0171875
0 0.4640625 0.4625 0.0296875 0.01484375
0 0.53046875 0.47890625 0.03125 0.01796875
0 0.428125 0.4375 0.02890625 0.01640625
0 0.490625 0.46875 0.0265625 0.01484375
0 0.52734375 0.61875 0.025 0.01875
0 0.4421875 0.45078125 0.0296875 0.01640625
0 0.8765625 0.59140625 0.0203125 0.01328125
0 0.96953125 0.5984375 0.01640625 0.009375
0 0.73125 0.58671875 0.0171875 0.015625
0 0.65703125 0.8484375 0.0359375 0.0203125
0 0.7453125 0.78203125 0.0171875 0.01171875
0 0.9203125 0.746875 0.025 0.01484375
0 0.8984375 0.29296875 0.04375 0.02109375
1 0.96015625 0.41875 0.04140625 0.028125
1 0.98671875 0.471875 0.0265625 0.071875
0 0.99453125 0.6421875 0.0109375 0.01875
0 0.253125 0.5421875 0.01015625 0.0046875
0 0.2234375 0.43671875 0.0140625 0.00546875