0 0.4890625 0.57578125 0.16015625 0.06953125
0 0.7828125 0.75390625 0.1828125 0.07421875
0 0.409375 0.334375 0.05625 0.0296875
0 0.64453125 0.884375 0.0515625 0.03359375
0 0.3921875 0.68984375 0.06015625 0.053125
0 0.28125 0.4546875 0.09765625 0.0421875
0 0.4375 0.2109375 0.05625 0.03203125
0 0.63515625 0.78984375 0.0515625 0.0375
0 0.62890625 0.678125 0.05 0.03203125
0 0.07265625 0.61328125 0.05390625 0.03984375
0 0.54921875 0.65625 0.05 0.028125
0 0.98515625 0.6921875 0.0296875 0.07578125
0 0.028125 0.540625 0.05234375 0.03828125
0 0.01484375 0.44140625 0.0296875 0.05859375
0 0.54609375 0.29921875 0.05 0.02578125
0 0.95546875 0.3875 0.07265625 0.0859375
0 0.77890625 0.92421875 0.0296875 0.0140625
0 0.84453125 0.7203125 0.0296875 0.01796875
0 0.77578125 0.91015625 0.0296875 0.01640625
0 0.45546875 0.803125 0.03515625 0.028125
0 0.03984375 0.74765625 0.02265625 0.0296875
0 0.58046875 0.57578125 0.0296875 0.01796875
0 0.5765625 0.5921875 0.03125 0.01796875
0 0.540625 0.5359375 0.03125 0.01640625
0 0.471875 0.521875 0.03359375 0.01953125
0 0.5796875 0.559375 0.03125 0.01796875
0 0.51328125 0.53125 0.02734375 0.015625
0 0.4578125 0.3828125 0.02734375 0.01953125
0 0.56328125 0.54609375 0.0328125 0.01796875
0 0.11328125 0.42421875 0.02109375 0.0140625
0 0.01953125 0.41953125 0.0171875 0.01015625
0 0.25859375 0.42265625 0.0203125 0.01640625
0 0.3 0.15859375 0.0390625 0.021875
0 0.2203125 0.228125 0.01875 0.0125
0 0.05078125 0.2703125 0.0265625 0.015625
0 0.12890625 0.721875 0.04609375 0.02265625
1 0.0515625 0.59921875 0.0453125 0.0296875
1 0.0171875 0.54609375 0.034375 0.0734375
0 0.74140625 0.4484375 0.01015625 0.00546875
0 0.7828125 0.55234375 0.01484375 0.00625