0 0.36875 0.48828125 0.15 0.07421875
0 0.4828125 0.5421875 0.14765625 0.06953125
0 0.6546875 0.2984375 0.1578125 0.0421875
0 0.4734375 0.31484375 0.17265625 0.046875
0 0.2171875 0.3 0.075 0.03671875
0 0.5234375 0.69453125 0.1109375 0.07578125
0 0.06484375 0.34921875 0.04375 0.01796875
0 0.81953125 0.41875 0.03359375 0.0203125
0 0.01953125 0.290625 0.0390625 0.025
0 0.36484375 0.40234375 0.0375 0.0140625
0 0.8859375 0.39453125 0.0359375 0.01875
0 0.5671875 0.36171875 0.02109375 0.0078125
0 0.359375 0.734375 0.09765625 0.01875
0 0.5734375 0.39140625 0.0328125 0.01484375
0 0.23984375 0.34765625 0.03125 0.0171875
0 0.6734375 0.3453125 0.02734375 0.015625
1 0.3359375 0.278125 0.06640625 0.02109375
0 0.7015625 0.3578125 0.0296875 0.015625
0 0.73125 0.3703125 0.0328125 0.0171875
0 0.7203125 0.31640625 0.01875 0.0078125
0 0.5046875 0.3453125 0.01640625 0.00546875
0 0.2859375 0.34375 0.0296875 0.0171875
0 0.25703125 0.271875 0.0140625 0.003125
0 0.159375 0.37109375 0.05859375 0.02421875
0 0.0765625 0.40859375 0.14765625 0.01875
0 0.18125 0.59375 0.15859375 0.01640625
0 0.246875 0.6125 0.15859375 0.015625
0 0.58671875 0.46953125 0.0609375 0.0609375
0 0.7296875 0.5875 0.02734375 0.0546875
0 0.7796875 0.55546875 0.0125 0.01328125
0 0.8046875 0.6859375 0.0359375 0.0203125
0 0.66484375 0.72890625 0.06484375 0.00859375
0 0.98046875 0.553125 0.025 0.02578125
0 0.9296875 0.415625 0.02109375 0.0265625
0 0.97265625 0.39921875 0.0296875 0.01796875
0 0.53203125 0.396875 0.0375 0.015625