0 0.534375 0.4390625 0.14609375 0.06640625
0 0.4125 0.4890625 0.1375 0.065625
0 0.5171875 0.09140625 0.1203125 0.06484375
0 0.9140625 0.58671875 0.07890625 0.07265625
0 0.1015625 0.21484375 0.16640625 0.071875
0 0.890625 0.50078125 0.0875 0.07890625
0 0.940625 0.3796875 0.07265625 0.0328125
0 0.0890625 0.49765625 0.15390625 0.04765625
0 0.72265625 0.75078125 0.0328125 0.01484375
0 0.8484375 0.3046875 0.03515625 0.01953125
0 0.6484375 0.65703125 0.03984375 0.01484375
0 0.7046875 0.1140625 0.05625 0.025
0 0.97578125 0.2796875 0.0484375 0.03125
0 0.71484375 0.44296875 0.02734375 0.0171875
0 0.6953125 0.68984375 0.0359375 0.015625
0 0.78671875 0.54140625 0.01484375 0.009375
0 0.2546875 0.22265625 0.01875 0.03046875
0 0.01640625 0.4171875 0.0328125 0.0453125
0 0.7234375 0.5421875 0.02890625 0.0140625
0 0.83828125 0.3875 0.03359375 0.01328125
0 0.81328125 0.59296875 0.0328125 0.01171875
1 0.97890625 0.43671875 0.0421875 0.0296875
0 0.7859375 0.60546875 0.0328125 0.01328125
0 0.75703125 0.61875 0.03359375 0.0140625
0 0.17578125 0.16484375 0.0140625 0.0296875
0 0.871875 0.6171875 0.01484375 0.00859375
0 0.82578125 0.5125 0.01015625 0.00703125
0 0.84375 0.41015625 0.03515625 0.01328125
0 0.99765625 0.40078125 0.0046875 0.00625
0 0.7953125 0.34765625 0.04765625 0.02578125
0 0.77109375 0.23046875 0.05 0.028125
0 0.72109375 0.30625 0.02890625 0.06953125
0 0.325 0.34296875 0.0234375 0.075
0 0.2796875 0.37265625 0.02265625 0.075
0 0.5578125 0.54296875 0.125 0.025
0 0.3 0.60234375 0.1140625 0.009375
0 0.36328125 0.62890625 0.0265625 0.00546875
0 0.08671875 0.63125 0.03984375 0.015625
0 0.00703125 0.56171875 0.0140625 0.03046875
0 0.3546875 0.7234375 0.05234375 0.01015625
0 0.6484375 0.70859375 0.0546875 0.00859375
0 0.67890625 0.73125 0.0359375 0.01328125
0 0.7140625 0.521875 0.03125 0.01640625