0 0.5734375 0.16953125 0.0921875 0.071875
0 0.2421875 0.309375 0.2203125 0.140625
0 0.1453125 0.44375 0.06875 0.04375
0 0.1484375 0.42734375 0.05234375 0.0203125
1 0.01640625 0.44296875 0.0328125 0.04375
0 0.1984375 0.4984375 0.1125 0.07890625
0 0.1859375 0.496875 0.0171875 0.0171875
0 0.346875 0.3984375 0.11484375 0.06953125
0 0.35703125 0.39296875 0.0203125 0.0203125
0 0.33828125 0.1484375 0.02109375 0.01875
0 0.20546875 0.00546875 0.02265625 0.01015625
0 0.0109375 0.26015625 0.02109375 0.0109375
1 0.0203125 0.253125 0.040625 0.04375
1 0.43671875 0.28828125 0.08125 0.04765625
0 0.7890625 0.059375 0.03125 0.02265625
0 0.95078125 0.5828125 0.0984375 0.0828125
0 0.72421875 0.484375 0.0984375 0.1203125
0 0.3359375 0.60625 0.1640625 0.1140625
1 0.496875 0.56640625 0.05234375 0.01875
1 0.5484375 0.57421875 0.0765625 0.0546875
1 0.43828125 0.41953125 0.05859375 0.03359375
0 0.0640625 0.79296875 0.0375 0.02265625