0 0.56640625 0.16875 0.09375 0.0734375
0 0.2375 0.3125 0.2234375 0.14375
0 0.14375 0.4484375 0.0703125 0.0453125
0 0.146875 0.43203125 0.05234375 0.021875
1 0.015625 0.44921875 0.03125 0.04375
0 0.1984375 0.50234375 0.1140625 0.08046875
0 0.1859375 0.50078125 0.0171875 0.0171875
0 0.34453125 0.40078125 0.11640625 0.07109375
0 0.3546875 0.3953125 0.0203125 0.0203125
0 0.3296875 0.15078125 0.02109375 0.01875
0 0.19453125 0.00859375 0.02265625 0.01015625
0 0.0078125 0.26640625 0.01484375 0.0109375
1 0.01796875 0.25859375 0.0359375 0.0453125
1 0.43203125 0.28984375 0.0828125 0.0484375
0 0.7796875 0.05546875 0.03125 0.02265625
0 0.95078125 0.57578125 0.0984375 0.08359375
0 0.7234375 0.48125 0.1015625 0.12109375
0 0.33828125 0.60859375 0.16640625 0.11640625
1 0.4984375 0.56640625 0.05234375 0.01953125
1 0.55078125 0.57421875 0.07734375 0.05546875
1 0.4359375 0.4203125 0.06015625 0.034375
0 0.07109375 0.7984375 0.0375 0.0234375