0 0.49453125 0.22421875 0.0234375 0.02734375
0 0.46171875 0.240625 0.01640625 0.01796875
0 0.98046875 0.3015625 0.01875 0.015625
0 0.7015625 0.28515625 0.0234375 0.015625
0 0.9671875 0.3140625 0.0203125 0.01796875
0 0.6671875 0.3265625 0.02890625 0.01015625
0 0.6734375 0.203125 0.01640625 0.01875
0 0.990625 0.0328125 0.01640625 0.0359375
0 0.9046875 0.22421875 0.01015625 0.00625
0 0.328125 0.57109375 0.0265625 0.021875
0 0.36953125 0.64765625 0.02890625 0.02265625
0 0.6421875 0.3515625 0.0328125 0.0234375
0 0.5296875 0.5828125 0.01875 0.015625
0 0.43125 0.54140625 0.03515625 0.0109375
0 0.6484375 0.55078125 0.01640625 0.02421875
0 0.634375 0.55 0.01875 0.02734375
0 0.41484375 0.5484375 0.025 0.01484375
0 0.58515625 0.3859375 0.0328125 0.01328125
0 0.5703125 0.58125 0.0203125 0.01328125
0 0.52421875 0.4625 0.01875 0.015625
0 0.5859375 0.39609375 0.03125 0.0125
0 0.74375 0.578125 0.0203125 0.01484375
0 0.7078125 0.43359375 0.0171875 0.0171875
0 0.69296875 0.45390625 0.0140625 0.009375
0 0.6671875 0.33828125 0.03515625 0.0109375
0 0.89921875 0.446875 0.0265625 0.01328125
0 0.1734375 0.71640625 0.02890625 0.02265625
0 0.25234375 0.7796875 0.0171875 0.01484375
0 0.03046875 0.72578125 0.01640625 0.0125
0 0.6359375 0.87890625 0.02109375 0.0171875
0 0.36953125 0.88046875 0.01875 0.01796875
0 0.53671875 0.77421875 0.01875 0.0140625
1 0.846875 0.33671875 0.23359375 0.19765625
0 0.821875 0.8296875 0.11875 0.06171875
0 0.54140625 0.10703125 0.07734375 0.06171875
1 0.04140625 0.49921875 0.0828125 0.153125
0 0.17890625 0.5625 0.06484375 0.04140625
0 0.30546875 0.71953125 0.0515625 0.0421875
1 0.79453125 0.69453125 0.29609375 0.07890625
0 0.3890625 0.503125 0.0765625 0.05546875
1 0.91328125 0.65234375 0.17109375 0.06953125
0 0.21875 0.590625 0.05 0.03203125
0 0.1984375 0.1890625 0.05625 0.02734375
0 0.315625 0.3921875 0.04140625 0.03671875
0 0.25546875 0.425 0.0359375 0.059375
0 0.2890625 0.3984375 0.03125 0.059375
0 0.22890625 0.4296875 0.03515625 0.05703125
0 0.0515625 0.225 0.0421875 0.03203125
0 0.0625 0.31796875 0.03984375 0.03125
0 0.00234375 0.1109375 0.0046875 0.021875
0 0.4171875 0.253125 0.0359375 0.03203125
0 0.3828125 0.28828125 0.0515625 0.021875
0 0.0046875 0.4828125 0.00859375 0.0109375
1 0.025 0.6125 0.05 0.053125
1 0.875 0.76484375 0.25 0.0703125
1 0.97578125 0.478125 0.0484375 0.19375
0 0.67578125 0.08828125 0.0515625 0.0421875
0 0.43203125 0.5328125 0.02890625 0.009375