0 0.7515625 0.63046875 0.03515625 0.03125
0 0.728125 0.55234375 0.0125 0.0109375
0 0.76328125 0.66484375 0.03515625 0.02421875
0 0.725 0.703125 0.0140625 0.01328125
0 0.740625 0.7359375 0.01015625 0.00625
0 0.7265625 0.73515625 0.0109375 0.00625
0 0.64296875 0.1546875 0.0375 0.02890625
0 0.35078125 0.14921875 0.02734375 0.02421875
0 0.703125 0.2078125 0.0234375 0.04609375
0 0.5234375 0.134375 0.0515625 0.01953125
0 0.425 0.16953125 0.0328125 0.025
0 0.403125 0.125 0.06015625 0.01484375
0 0.74375 0.29375 0.0203125 0.0125
0 0.5390625 0.60234375 0.03125 0.021875
0 0.5203125 0.5890625 0.03359375 0.0234375
0 0.47421875 0.6109375 0.0171875 0.0140625
0 0.2828125 0.58203125 0.0234375 0.0265625
0 0.6953125 0.46484375 0.0140625 0.01484375
0 0.6875 0.62734375 0.0125 0.0125
0 0.70546875 0.4921875 0.0109375 0.01328125
0 0.67421875 0.62109375 0.0125 0.0125
0 0.7015625 0.61640625 0.0109375 0.0109375
0 0.3796875 0.5140625 0.01640625 0.01328125
0 0.36796875 0.52265625 0.02109375 0.015625
0 0.73046875 0.42109375 0.0125 0.01015625
0 0.72890625 0.40546875 0.00859375 0.0125
0 0.56875 0.815625 0.0375 0.0296875
0 0.65390625 0.72421875 0.0234375 0.01328125
0 0.3640625 0.646875 0.0328125 0.0265625
0 0.525 0.69921875 0.025 0.01484375
0 0.61484375 0.66171875 0.025 0.01328125
0 0.553125 0.70078125 0.0234375 0.01484375
0 0.2640625 0.73515625 0.0140625 0.0125
0 0.53203125 0.828125 0.03359375 0.02421875
0 0.3734375 0.6375 0.01875 0.0140625
0 0.2984375 0.140625 0.0265625 0.02265625
0 0.23046875 0.18671875 0.0234375 0.01953125
0 0.20859375 0.71484375 0.0140625 0.0125
0 0.1640625 0.77265625 0.0125 0.015625
0 0.1234375 0.67109375 0.0125 0.015625
1 0.5609375 0.30625 0.09609375 0.0765625
1 0.62890625 0.36015625 0.09609375 0.071875
0 0.16328125 0.59921875 0.0671875 0.0515625
0 0.6328125 0.24296875 0.07265625 0.07109375
0 0.5796875 0.4046875 0.07890625 0.05078125
1 0.32265625 0.340625 0.17890625 0.1109375
0 0.51328125 0.47421875 0.05390625 0.04765625
0 0.45234375 0.759375 0.08125 0.046875
0 0.46796875 0.5015625 0.05625 0.04375
0 0.4015625 0.71953125 0.1015625 0.0546875
1 0.434375 0.35078125 0.13984375 0.11328125
0 0.175 0.49296875 0.0484375 0.03359375
0 0.24609375 0.23046875 0.0484375 0.040625
0 0.5859375 0.575 0.07734375 0.046875
0 0.38046875 0.20234375 0.0578125 0.05625
0 0.32421875 0.68984375 0.0546875 0.04609375
1 0.734375 0.5890625 0.04375 0.04765625
0 0.5765625 0.13984375 0.0609375 0.0265625
0 0.52265625 0.19609375 0.0453125 0.0359375
0 0.7265625 0.4703125 0.0078125 0.0078125
0 0.72890625 0.43984375 0.01015625 0.009375
0 0.7359375 0.3890625 0.0171875 0.0125
0 0.74296875 0.365625 0.01484375 0.0109375
0 0.40703125 0.746875 0.02109375 0.0140625
0 0.403125 0.84453125 0.07109375 0.01328125
0 0.284375 0.84609375 0.0234375 0.009375
0 0.2 0.8484375 0.01484375 0.00859375