0 0.7421875 0.63984375 0.0375 0.03203125
0 0.72421875 0.5609375 0.0125 0.0109375
0 0.7515625 0.675 0.0359375 0.025
0 0.71015625 0.71171875 0.01484375 0.01328125
0 0.7234375 0.7453125 0.0109375 0.00625
0 0.709375 0.74453125 0.0125 0.00625
0 0.6671875 0.1609375 0.0390625 0.0296875
0 0.375 0.14453125 0.02890625 0.025
0 0.7234375 0.21640625 0.02734375 0.046875
0 0.5484375 0.13515625 0.05234375 0.021875
0 0.4484375 0.1671875 0.03359375 0.0265625
0 0.4296875 0.121875 0.06015625 0.01796875
0 0.7578125 0.30390625 0.0203125 0.01328125
0 0.53125 0.60390625 0.0328125 0.02265625
0 0.5140625 0.58984375 0.03515625 0.02421875
0 0.4671875 0.609375 0.01875 0.0140625
0 0.27734375 0.5734375 0.025 0.02734375
0 0.6984375 0.47265625 0.01484375 0.01484375
0 0.678125 0.634375 0.0125 0.0125
0 0.70546875 0.50078125 0.0125 0.01328125
0 0.665625 0.62734375 0.0125 0.0125
0 0.69296875 0.62421875 0.0109375 0.0109375
0 0.3796875 0.509375 0.01640625 0.01328125
0 0.3671875 0.51796875 0.02265625 0.0171875
0 0.7359375 0.43046875 0.0125 0.01015625
0 0.73515625 0.4140625 0.01015625 0.01328125
0 0.546875 0.81796875 0.0390625 0.03125
0 0.63828125 0.73046875 0.0234375 0.0140625
0 0.35390625 0.64140625 0.03359375 0.02734375
0 0.5109375 0.7 0.0265625 0.015625
0 0.60390625 0.665625 0.025 0.0140625
0 0.5390625 0.70234375 0.025 0.015625
0 0.2484375 0.72578125 0.0140625 0.0125
0 0.50859375 0.8296875 0.03515625 0.025
0 0.3640625 0.63203125 0.0203125 0.01484375
0 0.3234375 0.1328125 0.02734375 0.0234375
0 0.25234375 0.17734375 0.025 0.0203125
0 0.19453125 0.703125 0.0140625 0.0125
0 0.1453125 0.759375 0.0140625 0.015625
0 0.11171875 0.65625 0.0140625 0.015625
1 0.575 0.309375 0.1015625 0.0796875
1 0.6390625 0.365625 0.1 0.075
0 0.15703125 0.58515625 0.0703125 0.0546875
0 0.65078125 0.2484375 0.0765625 0.0734375
0 0.5859375 0.4078125 0.0828125 0.053125
1 0.33359375 0.334375 0.18515625 0.1171875
0 0.51484375 0.475 0.0578125 0.05
0 0.434375 0.75703125 0.08359375 0.05
0 0.4671875 0.50078125 0.05859375 0.04609375
0 0.38671875 0.715625 0.10390625 0.0578125
1 0.4453125 0.3484375 0.14609375 0.11796875
0 0.17578125 0.4796875 0.0515625 0.034375
0 0.265625 0.22109375 0.0515625 0.0421875
0 0.58046875 0.578125 0.0796875 0.05
0 0.4015625 0.19765625 0.0609375 0.0578125
0 0.3109375 0.6828125 0.0578125 0.04765625
1 0.72734375 0.59765625 0.04765625 0.05
0 0.6015625 0.14375 0.0625 0.02890625
0 0.54375 0.19765625 0.04765625 0.0375
0 0.728125 0.4796875 0.0078125 0.00859375
0 0.7328125 0.44921875 0.01015625 0.01015625
0 0.74375 0.3984375 0.0171875 0.0125
0 0.7515625 0.37578125 0.01484375 0.0109375
0 0.38984375 0.74296875 0.02265625 0.01484375
0 0.3796875 0.83984375 0.07109375 0.015625
0 0.26015625 0.8375 0.0234375 0.01015625
0 0.1765625 0.8359375 0.01484375 0.00859375