0 0.48828125 0.4890625 0.1109375 0.08828125
0 0.4453125 0.35546875 0.09765625 0.07109375
0 0.75078125 0.7078125 0.07890625 0.0546875
0 0.6203125 0.46953125 0.1109375 0.0734375
0 0.8015625 0.4359375 0.08515625 0.075
0 0.82421875 0.84296875 0.0734375 0.05
0 0.07265625 0.584375 0.1453125 0.0828125
0 0.8859375 0.63671875 0.07890625 0.05546875
0 0.04765625 0.3984375 0.0953125 0.09375
0 0.80390625 0.7375 0.05 0.0328125
0 0.75859375 0.39765625 0.0703125 0.04765625
0 0.734375 0.85546875 0.0515625 0.034375
0 0.678125 0.52109375 0.05859375 0.046875
0 0.23671875 0.3984375 0.1234375 0.0484375
1 0.0171875 0.4828125 0.03359375 0.04765625
0 0.26484375 0.50625 0.0703125 0.02265625
0 0.8515625 0.725 0.03984375 0.025
0 0.325 0.7453125 0.03984375 0.02890625
0 0.8359375 0.58046875 0.04375 0.034375
0 0.11484375 0.4671875 0.0953125 0.0234375
0 0.6703125 0.76875 0.0421875 0.0359375
0 0.89609375 0.38828125 0.06015625 0.02421875
0 0.340625 0.409375 0.0765625 0.08515625
0 0.303125 0.4609375 0.10859375 0.01953125
0 0.075 0.2453125 0.05625 0.02421875
0 0.046875 0.746875 0.09375 0.0515625
0 0.0875 0.234375 0.0796875 0.01953125
0 0.984375 0.5484375 0.03125 0.04375
0 0.42578125 0.19296875 0.07890625 0.01875
0 0.3 0.21171875 0.03984375 0.01953125
0 0.209375 0.25546875 0.0390625 0.01953125
0 0.01328125 0.19140625 0.0265625 0.01953125
0 0.3671875 0.25703125 0.0234375 0.01484375
0 0.3859375 0.2859375 0.025 0.0140625
0 0.353125 0.23828125 0.02109375 0.0140625
0 0.5796875 0.175 0.01640625 0.0140625
0 0.92109375 0.28125 0.0296875 0.021875
0 0.865625 0.290625 0.0296875 0.01328125
0 0.8640625 0.27890625 0.02890625 0.0109375
0 0.315625 0.596875 0.01875 0.01953125
0 0.2296875 0.353125 0.02265625 0.015625
0 0.4078125 0.60625 0.02734375 0.0140625
0 0.3734375 0.521875 0.02109375 0.0109375
0 0.82265625 0.40078125 0.025 0.021875
0 0.4234375 0.83828125 0.02890625 0.021875
0 0.4296875 0.20234375 0.0515625 0.01328125
0 0.26640625 0.43828125 0.01875 0.0125
1 0.0484375 0.525 0.096875 0.11875
0 0.9875 0.8578125 0.025 0.0234375
0 0.7328125 0.6234375 0.0421875 0.0359375
0 0.9890625 0.61328125 0.02109375 0.01484375
0 0.9953125 0.490625 0.00859375 0.0234375
0 0.48359375 0.5015625 0.01875 0.0140625
0 0.9546875 0.23828125 0.0375 0.0171875