1 0.79765625 0.565625 0.12734375 0.07421875
0 0.68046875 0.55 0.0859375 0.06953125
0 0.309375 0.5453125 0.0625 0.0515625
1 0.3921875 0.53359375 0.13125 0.103125
0 0.9265625 0.24765625 0.0375 0.02890625
0 0.55546875 0.27109375 0.06640625 0.03828125
0 0.5578125 0.59609375 0.0875 0.059375
0 0.684375 0.45234375 0.0703125 0.06953125
1 0.36796875 0.4640625 0.11484375 0.07265625
0 0.20703125 0.30546875 0.0875 0.06953125
0 0.45234375 0.4734375 0.05625 0.0421875
0 0.75078125 0.2890625 0.0609375 0.06015625
1 0.284375 0.6328125 0.12734375 0.08125
1 0.775 0.63125 0.1015625 0.07734375
0 0.57265625 0.71015625 0.0609375 0.0421875
1 0.60625 0.4359375 0.1375 0.16015625
0 0.38828125 0.6046875 0.0984375 0.05703125
1 0.5640625 0.528125 0.21484375 0.1046875
0 0.11484375 0.55703125 0.05234375 0.0546875
0 0.0984375 0.6578125 0.06484375 0.03515625
1 0.528125 0.6578125 0.11640625 0.06640625
0 0.5046875 0.52265625 0.08515625 0.04453125
0 0.015625 0.3125 0.02734375 0.03046875
0 0.46015625 0.6515625 0.05 0.04140625
0 0.24375 0.37890625 0.02265625 0.02734375
1 0.47578125 0.76875 0.07890625 0.05703125
0 0.26875 0.38046875 0.03125 0.02578125
1 0.47734375 0.6109375 0.0875 0.05859375
0 0.0890625 0.29453125 0.0296875 0.02265625
0 0.14765625 0.29296875 0.01484375 0.0109375
0 0.6421875 0.32265625 0.01484375 0.009375
0 0.87109375 0.2890625 0.0328125 0.02578125
0 0.8875 0.1453125 0.02890625 0.02421875
0 0.6640625 0.275 0.02890625 0.0234375
0 0.2546875 0.4 0.0390625 0.02265625
0 0.2140625 0.6046875 0.0203125 0.01015625
0 0.17890625 0.53125 0.01015625 0.00859375
0 0.2703125 0.63046875 0.00859375 0.00859375
0 0.6125 0.58203125 0.03359375 0.0265625
0 0.4984375 0.38984375 0.02890625 0.01875
0 0.50546875 0.4703125 0.0171875 0.01875
0 0.4234375 0.61484375 0.0328125 0.01875
0 0.53125 0.48671875 0.01484375 0.0234375
0 0.4484375 0.51875 0.0265625 0.0234375
0 0.6265625 0.4953125 0.03515625 0.01796875
0 0.7765625 0.3796875 0.02109375 0.01875
0 0.83984375 0.33515625 0.02890625 0.02265625
0 0.665625 0.34375 0.01484375 0.0125
0 0.94375 0.3921875 0.0140625 0.02421875
0 0.97265625 0.38828125 0.01015625 0.0125
0 0.94140625 0.59453125 0.0125 0.021875
0 0.953125 0.4046875 0.0109375 0.02578125
0 0.32578125 0.7453125 0.0109375 0.01015625
0 0.4140625 0.73125 0.0359375 0.02421875
0 0.4671875 0.69375 0.0328125 0.02265625
0 0.62265625 0.79140625 0.0203125 0.01328125
0 0.51796875 0.72890625 0.01015625 0.0078125
0 0.6671875 0.69375 0.01484375 0.0109375
0 0.2609375 0.36015625 0.0390625 0.01796875
0 0.228125 0.38984375 0.025 0.02890625
0 0.034375 0.303125 0.03359375 0.0265625
0 0.00234375 0.43203125 0.0046875 0.00859375
0 0.0953125 0.53359375 0.0171875 0.01484375
1 0.2015625 0.584375 0.0390625 0.02890625
0 0.2078125 0.74609375 0.00859375 0.00625
0 0.46796875 0.76796875 0.01640625 0.0109375
0 0.50625 0.67265625 0.01640625 0.00625
0 0.5015625 0.590625 0.02734375 0.01953125
0 0.60625 0.6296875 0.0390625 0.02578125
0 0.6984375 0.5171875 0.0171875 0.0109375
0 0.71484375 0.5296875 0.01640625 0.0140625
0 0.5640625 0.4484375 0.01484375 0.0078125
0 0.540625 0.44609375 0.0046875 0.009375
0 0.840625 0.74765625 0.00859375 0.0078125
0 0.94609375 0.415625 0.0109375 0.0140625