1 0.5375 0.51484375 0.1109375 0.10234375
0 0.715625 0.49921875 0.0671875 0.05625
0 0.67734375 0.81015625 0.0609375 0.046875
1 0.66015625 0.7578125 0.125 0.07578125
0 0.6265625 0.5109375 0.05625 0.05390625
0 0.4578125 0.2375 0.0359375 0.0359375
0 0.509375 0.86015625 0.0421875 0.03203125
0 0.55859375 0.80234375 0.03359375 0.0296875
1 0.54765625 0.65234375 0.0875 0.15859375
0 0.159375 0.32734375 0.0359375 0.0328125
0 0.4046875 0.41484375 0.03984375 0.05625
0 0.290625 0.55703125 0.07109375 0.03125
0 0.375 0.13828125 0.0515625 0.0203125
0 0.2046875 0.43671875 0.0765625 0.01875
1 0.4453125 0.46640625 0.05859375 0.10859375
0 0.25078125 0.45078125 0.075 0.0171875
0 0.209375 0.878125 0.02265625 0.0125
0 0.125 0.42265625 0.02734375 0.01796875
0 0.2046875 0.4484375 0.0140625 0.00625
0 0.20703125 0.4578125 0.0140625 0.0078125
0 0.26796875 0.53046875 0.01484375 0.0109375
0 0.128125 0.40078125 0.00859375 0.0140625
0 0.184375 0.19140625 0.05234375 0.015625
0 0.14921875 0.25234375 0.02890625 0.0203125
0 0.1921875 0.20390625 0.0171875 0.0140625
0 0.13203125 0.37109375 0.0125 0.0078125
0 0.1421875 0.3796875 0.0375 0.01015625
0 0.2609375 0.140625 0.0203125 0.021875
0 0.125 0.13828125 0.0125 0.00859375
0 0.33984375 0.803125 0.01875 0.0140625
0 0.334375 0.784375 0.0203125 0.01484375
0 0.7296875 0.85625 0.0234375 0.0265625
0 0.4734375 0.75 0.0140625 0.009375
0 0.5234375 0.81953125 0.01875 0.01796875
0 0.6203125 0.784375 0.01015625 0.015625
0 0.4984375 0.59140625 0.02265625 0.01953125
0 0.31875 0.46640625 0.0125 0.009375
0 0.425 0.54140625 0.01484375 0.00625
0 0.67265625 0.5546875 0.0140625 0.01015625
0 0.646875 0.5546875 0.01484375 0.0109375
0 0.48046875 0.5328125 0.0125 0.01015625
0 0.725 0.59140625 0.01484375 0.0109375
0 0.3984375 0.384375 0.0125 0.00859375
0 0.3078125 0.57421875 0.01640625 0.00859375
0 0.3171875 0.58046875 0.00859375 0.009375
0 0.30546875 0.53203125 0.01015625 0.00859375
0 0.55546875 0.16953125 0.0265625 0.0234375
0 0.39921875 0.16015625 0.0203125 0.01484375
0 0.49609375 0.13046875 0.0453125 0.01328125
0 0.41484375 0.33203125 0.01015625 0.00625
0 0.24765625 0.13671875 0.0140625 0.0125
0 0.13671875 0.4 0.0078125 0.01015625
0 0.14140625 0.40859375 0.0125 0.00625
0 0.271875 0.53984375 0.0125 0.00859375
0 0.3015625 0.521875 0.0109375 0.009375
0 0.2984375 0.5171875 0.0078125 0.0046875
0 0.29140625 0.51953125 0.0125 0.00859375
0 0.28046875 0.52421875 0.01015625 0.009375
0 0.2921875 0.5265625 0.0078125 0.0046875
0 0.29296875 0.5359375 0.0125 0.01875
0 0.28125 0.5390625 0.0140625 0.00859375
0 0.2796875 0.53203125 0.0125 0.00546875
0 0.30703125 0.53828125 0.0078125 0.00546875
0 0.434375 0.42890625 0.00390625 0.00390625
0 0.5515625 0.55546875 0.01875 0.01015625
0 0.53046875 0.5859375 0.03125 0.0203125
0 0.53828125 0.6171875 0.00625 0.009375
0 0.70703125 0.82734375 0.01015625 0.00859375
0 0.52265625 0.8078125 0.0203125 0.025
0 0.4859375 0.87421875 0.0109375 0.00390625
0 0.17109375 0.875 0.02109375 0.0203125