0 0.8828125 0.53203125 0.0984375 0.07421875
1 0.51171875 0.64140625 0.2015625 0.27890625
0 0.846875 0.7828125 0.10390625 0.0578125
0 0.6390625 0.62578125 0.05 0.04609375
0 0.06328125 0.47578125 0.1140625 0.0765625
0 0.9078125 0.66796875 0.1171875 0.0609375
0 0.2234375 0.36015625 0.05859375 0.0515625
0 0.0265625 0.89765625 0.04375 0.02734375
0 0.13828125 0.290625 0.06875 0.05625
0 0.23515625 0.29296875 0.0625 0.03125
0 0.6140625 0.8015625 0.09609375 0.0328125
0 0.72421875 0.75 0.0859375 0.046875
1 0.70546875 0.56953125 0.2703125 0.0890625
0 0.31796875 0.65703125 0.04609375 0.0453125
0 0.6359375 0.7140625 0.0578125 0.0328125
0 0.9578125 0.5828125 0.06875 0.015625
0 0.01796875 0.6734375 0.0359375 0.02734375
0 0.0609375 0.8515625 0.0453125 0.03203125
1 0.25703125 0.59609375 0.0390625 0.20234375
1 0.4078125 0.4265625 0.1125 0.13515625
0 0.2796875 0.3015625 0.0296875 0.0140625
0 0.596875 0.315625 0.01875 0.0078125
0 0.7234375 0.3109375 0.0171875 0.0078125
0 0.76953125 0.31171875 0.02890625 0.01484375
0 0.259375 0.46015625 0.02109375 0.02421875
0 0.0625 0.5640625 0.0375 0.01875
0 0.0328125 0.6578125 0.03515625 0.02890625
0 0.27578125 0.41171875 0.0234375 0.015625
0 0.3171875 0.41171875 0.02109375 0.0421875
0 0.18203125 0.34375 0.03125 0.01953125
0 0.21328125 0.596875 0.0140625 0.01328125
0 0.08046875 0.57890625 0.0265625 0.01328125
0 0.290625 0.42890625 0.01640625 0.01015625
0 0.25078125 0.54375 0.0140625 0.00859375
0 0.1546875 0.47109375 0.0265625 0.0171875
0 0.1171875 0.46875 0.0375 0.02265625
0 0.5953125 0.503125 0.0328125 0.02734375
0 0.578125 0.5171875 0.04375 0.0171875
0 0.5640625 0.43828125 0.03359375 0.01953125
0 0.403125 0.45625 0.0234375 0.0359375
0 0.89140625 0.4140625 0.0453125 0.01875
0 0.83671875 0.371875 0.03125 0.0171875
0 0.9890625 0.41953125 0.01875 0.0171875
0 0.090625 0.70078125 0.02890625 0.0265625
0 0.20625 0.89140625 0.0453125 0.0140625
0 0.25546875 0.7953125 0.03125 0.02421875
0 0.06953125 0.70390625 0.03359375 0.0203125
0 0.01484375 0.728125 0.0296875 0.02734375
0 0.0703125 0.79765625 0.01875 0.0125
0 0.2203125 0.87421875 0.0203125 0.01875
0 0.0140625 0.78359375 0.02734375 0.0203125
0 0.06171875 0.67734375 0.02734375 0.0265625
0 0.20078125 0.696875 0.0140625 0.01796875
0 0.4234375 0.6890625 0.0203125 0.01328125
0 0.1953125 0.36171875 0.0296875 0.01875
0 0.325 0.3625 0.03125 0.01796875
0 0.0390625 0.63515625 0.0375 0.021875
1 0.21484375 0.6421875 0.04609375 0.26484375
0 0.42265625 0.6765625 0.01875 0.0109375
0 0.5203125 0.61875 0.0125 0.0078125
0 0.58046875 0.8328125 0.03984375 0.02265625
0 0.8125 0.6484375 0.01640625 0.0171875
0 0.99375 0.52109375 0.0125 0.021875
0 0.7421875 0.57109375 0.0171875 0.00859375
0 0.6515625 0.553125 0.0140625 0.009375
1 0.84375 0.64921875 0.1890625 0.13203125
1 0.77734375 0.6609375 0.2375 0.16796875
0 0.89609375 0.4046875 0.0578125 0.0140625
0 0.6984375 0.378125 0.0140625 0.0109375
0 0.72265625 0.3046875 0.01484375 0.00546875
0 0.43359375 0.4515625 0.0203125 0.025