0 0.4046875 0.78046875 0.1109375 0.08359375
1 0.3109375 0.4890625 0.39765625 0.18828125
0 0.07890625 0.71875 0.09140625 0.08515625
0 0.31484375 0.5859375 0.0671875 0.04296875
0 0.59296875 0.17890625 0.1171875 0.0953125
0 0.221875 0.77890625 0.09609375 0.0953125
0 0.7234375 0.3140625 0.0765625 0.05078125
0 0.8265625 0.26015625 0.08359375 0.059375
0 0.8109375 0.33203125 0.05 0.05078125
0 0.0859375 0.54296875 0.05625 0.07578125
0 0.1390625 0.63203125 0.0734375 0.0703125
1 0.3796875 0.64296875 0.1546875 0.2125
0 0.31796875 0.34296875 0.06640625 0.040625
0 0.1984375 0.57109375 0.0515625 0.046875
0 0.32734375 0.828125 0.0296875 0.053125
0 0.33828125 0.11796875 0.04140625 0.03125
0 0.09609375 0.125 0.0484375 0.0375
1 0.40703125 0.30625 0.27265625 0.05703125
1 0.61015625 0.4421875 0.19375 0.10234375
0 0.7921875 0.3640625 0.02265625 0.02421875
0 0.7296875 0.59765625 0.0125 0.01484375
0 0.71796875 0.69296875 0.0125 0.0140625
0 0.7109375 0.7265625 0.0234375 0.0234375
0 0.5859375 0.32734375 0.03515625 0.01875
0 0.4765625 0.16640625 0.0296875 0.0296875
0 0.35703125 0.13125 0.04375 0.0296875
0 0.64765625 0.34609375 0.0234375 0.01953125
0 0.6421875 0.3765625 0.05859375 0.021875
0 0.7515625 0.28515625 0.0296875 0.0265625
0 0.41171875 0.2734375 0.01875 0.0125
0 0.45390625 0.17734375 0.02109375 0.021875
0 0.6234375 0.35390625 0.01640625 0.01328125
0 0.4765625 0.30859375 0.0125 0.0109375
0 0.5859375 0.24765625 0.0265625 0.021875
0 0.5953125 0.2203125 0.03515625 0.03125
0 0.4828125 0.5703125 0.03984375 0.028125
0 0.46640625 0.55546875 0.02890625 0.034375
0 0.57265625 0.55625 0.03125 0.028125
0 0.57109375 0.43359375 0.05 0.02265625
0 0.55859375 0.80234375 0.03125 0.0359375
0 0.621875 0.76796875 0.0265625 0.025
0 0.5375 0.87421875 0.025 0.015625
0 0.29140625 0.16796875 0.0390625 0.025
0 0.14375 0.27734375 0.0359375 0.0265625
0 0.290625 0.1515625 0.0328125 0.028125
0 0.2671875 0.10859375 0.03984375 0.0265625
0 0.16640625 0.13984375 0.01875 0.015625
0 0.05 0.23984375 0.01484375 0.015625
0 0.19296875 0.09921875 0.03125 0.0234375
0 0.3265625 0.15 0.0390625 0.02421875
0 0.28203125 0.25 0.025 0.01328125
0 0.2609375 0.4171875 0.0203125 0.0171875
0 0.725 0.29296875 0.02890625 0.025
0 0.70546875 0.3890625 0.02734375 0.025
0 0.3859375 0.1390625 0.03359375 0.03125
1 0.3515625 0.26875 0.35625 0.07109375
0 0.27734375 0.41796875 0.0171875 0.015625
0 0.340625 0.4984375 0.0109375 0.01015625
0 0.0484375 0.51328125 0.03515625 0.0328125
0 0.2609375 0.71171875 0.025 0.0140625
0 0.403125 0.86328125 0.0296875 0.0125
0 0.3734375 0.66953125 0.0140625 0.0140625
0 0.40859375 0.60546875 0.0140625 0.0109375
1 0.25546875 0.734375 0.2015625 0.15859375
1 0.2484375 0.68359375 0.2546875 0.2
0 0.57109375 0.80703125 0.0265625 0.0453125
0 0.6328125 0.6640625 0.01640625 0.0125
0 0.7265625 0.69296875 0.01015625 0.0125
0 0.5734375 0.4578125 0.0359375 0.01875