0 0.05078125 0.27421875 0.0265625 0.0203125
0 0.2484375 0.16796875 0.0421875 0.0265625
0 0.20390625 0.303125 0.025 0.0234375
0 0.2203125 0.31796875 0.0234375 0.0234375
0 0.24140625 0.32421875 0.025 0.0171875
0 0.9765625 0.12265625 0.0421875 0.025
0 0.8796875 0.29296875 0.025 0.02890625
0 0.9921875 0.2296875 0.0140625 0.04140625
0 0.2328125 0.459375 0.025 0.01875
0 0.06796875 0.521875 0.01640625 0.01484375
0 0.38125 0.4078125 0.0171875 0.01875
0 0.9734375 0.621875 0.0296875 0.01796875
0 0.92890625 0.6234375 0.025 0.01484375
0 0.88203125 0.6203125 0.0265625 0.021875
0 0.42265625 0.72265625 0.025 0.02265625
0 0.9796875 0.75078125 0.0390625 0.0234375
0 0.84375 0.69140625 0.0171875 0.0140625
0 0.07890625 0.4375 0.11484375 0.07890625
0 0.28828125 0.65234375 0.0984375 0.09375
0 0.4078125 0.08515625 0.0921875 0.10234375
0 0.5046875 0.11875 0.09609375 0.103125
0 0.753125 0.33671875 0.08359375 0.0734375
0 0.55078125 0.65546875 0.0859375 0.1
0 0.28125 0.25625 0.08984375 0.10390625
0 0.059375 0.68046875 0.09609375 0.075
0 0.0984375 0.09765625 0.1 0.0625
0 0.7421875 0.9 0.07265625 0.07421875
0 0.6578125 0.6859375 0.09609375 0.09765625
0 0.7859375 0.61640625 0.10625 0.084375
0 0.0984375 0.7328125 0.0625 0.06640625
0 0.6390625 0.6046875 0.0703125 0.07109375
0 0.83984375 0.4796875 0.03984375 0.06953125
0 0.4625 0.6609375 0.07734375 0.06953125
0 0.4015625 0.8328125 0.0765625 0.04765625
0 0.559375 0.8296875 0.05859375 0.059375
0 0.9703125 0.43046875 0.03515625 0.040625
0 0.84375 0.3296875 0.03984375 0.02890625
0 0.1609375 0.053125 0.0234375 0.01953125
0 0.06796875 0.07890625 0.0265625 0.01484375
0 0.3828125 0.39765625 0.0109375 0.0109375
1 0.4703125 0.4234375 0.2234375 0.17890625
0 0.61015625 0.49375 0.0171875 0.0203125
0 0.59921875 0.49296875 0.00859375 0.01484375
0 0.7359375 0.58359375 0.01875 0.01875
0 0.525 0.81875 0.01015625 0.01015625
0 0.4078125 0.615625 0.0265625 0.01328125