0 0.71796875 0.12890625 0.03125 0.0234375
0 0.8921875 0.25703125 0.04140625 0.0359375
0 0.70703125 0.246875 0.03515625 0.02265625
0 0.68984375 0.26171875 0.03515625 0.021875
0 0.6859375 0.278125 0.0265625 0.021875
0 0.83828125 0.74453125 0.0421875 0.0234375
0 0.940625 0.81640625 0.05625 0.0171875
0 0.50703125 0.2953125 0.02890625 0.021875
0 0.39609375 0.18515625 0.02265625 0.01484375
0 0.60078125 0.39609375 0.02734375 0.015625
0 0.42265625 0.87109375 0.02890625 0.025
0 0.4125 0.8375 0.0234375 0.0203125
0 0.40859375 0.80234375 0.0328125 0.0234375
0 0.19453125 0.48125 0.03359375 0.02265625
0 0.253125 0.89765625 0.0375 0.0328125
0 0.30859375 0.78671875 0.02109375 0.01484375
0 0.50859375 0.178125 0.1234375 0.0984375
0 0.26328125 0.3703125 0.13984375 0.0890625
0 0.96171875 0.44140625 0.0765625 0.07890625
0 0.75859375 0.65859375 0.11015625 0.075
0 0.3046875 0.5640625 0.14609375 0.08125
0 0.78203125 0.29609375 0.15234375 0.084375
0 0.1859375 0.20625 0.11484375 0.084375
0 0.2828125 0.64921875 0.1453125 0.08828125
0 0.39609375 0.73125 0.12890625 0.09296875
0 0.125 0.24453125 0.0984375 0.0578125
0 0.38671875 0.6203125 0.10625 0.0640625
0 0.5859375 0.74765625 0.09765625 0.04140625
0 0.2828125 0.5 0.1046875 0.06953125
0 0.04609375 0.48515625 0.0765625 0.06484375
0 0.0765625 0.6015625 0.0875 0.053125
0 0.67265625 0.83515625 0.05859375 0.0328125
0 0.78359375 0.72421875 0.0453125 0.034375
0 0.6140625 0.3953125 0.01640625 0.01015625
1 0.5953125 0.46484375 0.2734375 0.19609375
0 0.52734375 0.58046875 0.0296875 0.0171875
0 0.5265625 0.571875 0.02109375 0.009375
0 0.43125 0.68828125 0.02734375 0.0171875
0 0.08515625 0.57421875 0.01484375 0.009375
0 0.33203125 0.4515625 0.02109375 0.021875