0 0.68515625 0.2296875 0.02734375 0.01953125
0 0.74765625 0.2515625 0.0296875 0.0171875
0 0.6578125 0.196875 0.0265625 0.01953125
0 0.2828125 0.19765625 0.03359375 0.03125
0 0.6703125 0.21328125 0.02734375 0.01875
0 0.39609375 0.146875 0.03359375 0.025
0 0.61953125 0.13515625 0.0171875 0.015625
0 0.571875 0.1671875 0.02265625 0.02265625
0 0.55625 0.16484375 0.0234375 0.021875
0 0.2984375 0.2234375 0.01484375 0.01328125
0 0.44765625 0.240625 0.0171875 0.01484375
0 0.584375 0.5078125 0.03984375 0.01484375
0 0.63828125 0.36796875 0.0140625 0.0109375
0 0.5921875 0.515625 0.025 0.0109375
0 0.39140625 0.5515625 0.01640625 0.01328125
0 0.6859375 0.76875 0.0359375 0.0296875
0 0.5171875 0.83359375 0.0171875 0.01328125
0 0.415625 0.6421875 0.0859375 0.0578125
1 0.7203125 0.57421875 0.1265625 0.18125
0 0.5015625 0.1375 0.0515625 0.03203125
0 0.38984375 0.721875 0.05390625 0.0390625
0 0.546875 0.21484375 0.05390625 0.05703125
0 0.48046875 0.31875 0.0515625 0.06015625
0 0.4625 0.43046875 0.0578125 0.053125
0 0.3109375 0.3375 0.0390625 0.05078125
0 0.46953125 0.278125 0.05 0.05625
0 0.42109375 0.27890625 0.0515625 0.05625
0 0.3609375 0.1734375 0.05390625 0.04609375
1 0.81484375 0.65546875 0.125 0.18671875
0 0.45390625 0.259375 0.0484375 0.05703125
0 0.6671875 0.76953125 0.01484375 0.0125
0 0.765625 0.77421875 0.2171875 0.103125
0 0.6203125 0.834375 0.0796875 0.01875
0 0.5078125 0.85 0.08359375 0.01796875
0 0.47109375 0.84453125 0.0890625 0.021875
0 0.4328125 0.86015625 0.02265625 0.00859375
0 0.56875 0.69375 0.0109375 0.009375
0 0.5796875 0.7 0.03984375 0.0125
0 0.540625 0.67421875 0.0890625 0.01796875
0 0.4890625 0.68984375 0.09140625 0.0171875
0 0.47265625 0.6671875 0.09140625 0.0171875
0 0.55703125 0.6390625 0.01015625 0.00625
0 0.2796875 0.75 0.0515625 0.0625
0 0.23984375 0.7828125 0.05 0.06015625
0 0.2484375 0.88671875 0.01640625 0.01328125
0 0.415625 0.2609375 0.0171875 0.01328125
0 0.40859375 0.203125 0.0453125 0.03828125
0 0.26015625 0.265625 0.0140625 0.0125
0 0.74375 0.178125 0.01640625 0.0140625
0 0.7203125 0.42578125 0.06875 0.034375
0 0.7140625 0.4375 0.01875 0.009375
0 0.74296875 0.36328125 0.0359375 0.05
0 0.73515625 0.3984375 0.06015625 0.03203125
0 0.771875 0.3765625 0.0328125 0.05
0 0.7328125 0.65390625 0.02734375 0.01015625