0 0.1609375 0.33359375 0.0234375 0.01875
0 0.19609375 0.28984375 0.0203125 0.0203125
0 0.1140625 0.35078125 0.0234375 0.01796875
0 0.07578125 0.63046875 0.0390625 0.02265625
0 0.1375 0.34296875 0.02265625 0.01875
0 0.0203125 0.540625 0.03125 0.0234375
0 0.02890625 0.37265625 0.0203125 0.0109375
0 0.06640625 0.41171875 0.02734375 0.01484375
0 0.0609375 0.4234375 0.0265625 0.015625
0 0.11171875 0.621875 0.01640625 0.01015625
0 0.15078125 0.5125 0.01875 0.0125
0 0.51953125 0.43828125 0.01640625 0.02890625
0 0.3390625 0.38359375 0.0140625 0.009375
0 0.5296875 0.4328125 0.0125 0.01796875
0 0.55703125 0.58671875 0.01640625 0.0109375
0 0.87578125 0.38984375 0.0359375 0.02421875
0 0.94453125 0.52265625 0.01640625 0.0125
0 0.6796875 0.578125 0.0703125 0.059375
1 0.621875 0.34375 0.23125 0.0765625
0 0.01875 0.4609375 0.0375 0.0359375
0 0.7828125 0.6046875 0.04765625 0.03671875
0 0.1265625 0.43515625 0.07109375 0.034375
0 0.2578125 0.4953125 0.0765625 0.0328125
0 0.4046875 0.5203125 0.06640625 0.03828125
0 0.26484375 0.6234375 0.06484375 0.02421875
0 0.203125 0.49921875 0.07109375 0.03203125
0 0.1984375 0.5359375 0.07109375 0.0328125
0 0.0515625 0.56953125 0.05625 0.03671875
1 0.7390625 0.28125 0.23984375 0.075
0 0.1765625 0.509375 0.07265625 0.03125
0 0.87578125 0.403125 0.01484375 0.01015625
0 0.8921875 0.33046875 0.11640625 0.1546875
0 0.95546875 0.4453125 0.01640625 0.059375
0 0.96484375 0.53046875 0.01484375 0.06171875
0 0.9546875 0.5578125 0.0203125 0.065625
0 0.97109375 0.5875 0.00859375 0.015625
0 0.7640625 0.46875 0.0109375 0.0078125
0 0.7734375 0.46171875 0.0125 0.02890625
0 0.73515625 0.4875 0.01484375 0.065625
0 0.75078125 0.528125 0.0140625 0.0671875
0 0.71875 0.53828125 0.0140625 0.0671875
0 0.68984375 0.471875 0.0078125 0.00625
0 0.8078125 0.690625 0.0796875 0.03203125
0 0.84765625 0.7234375 0.0765625 0.03203125
0 0.98671875 0.728125 0.01640625 0.0109375
0 0.17421875 0.53828125 0.01640625 0.0125
0 0.09609375 0.53671875 0.04765625 0.0296875
0 0.1640625 0.6546875 0.01484375 0.009375
0 0.0984375 0.284375 0.0171875 0.0109375
0 0.42421875 0.328125 0.03984375 0.0484375
0 0.4390625 0.33359375 0.0109375 0.01328125
0 0.34453125 0.3046875 0.0640625 0.02265625
0 0.38984375 0.3140625 0.0359375 0.0421875
0 0.36484375 0.284375 0.0640625 0.01953125
0 0.728125 0.3421875 0.0109375 0.01953125