0 0.8703125 0.625 0.02734375 0.021875
0 0.84375 0.671875 0.0234375 0.02265625
0 0.91171875 0.60234375 0.02734375 0.0203125
0 0.8921875 0.32109375 0.0421875 0.02734375
0 0.890625 0.6125 0.0265625 0.021875
0 0.96484375 0.40390625 0.0359375 0.02734375
0 0.98984375 0.56953125 0.0203125 0.01328125
0 0.946875 0.53671875 0.0296875 0.01796875
0 0.95 0.52421875 0.02890625 0.01875
0 0.8578125 0.334375 0.01875 0.0125
0 0.8421875 0.446875 0.02109375 0.0140625
0 0.49375 0.56328125 0.02265625 0.03125
0 0.6828125 0.596875 0.01484375 0.0109375
0 0.484375 0.5703125 0.01640625 0.01875
0 0.42578125 0.42109375 0.01875 0.01328125
0 0.1515625 0.653125 0.04140625 0.028125
0 0.05625 0.5296875 0.01875 0.0140625
0 0.30625 0.44453125 0.08125 0.06640625
1 0.41171875 0.66796875 0.2453125 0.103125
0 0.98046875 0.48203125 0.0390625 0.0390625
0 0.19921875 0.42890625 0.0546875 0.04140625
0 0.88203125 0.5203125 0.07734375 0.0421875
0 0.73984375 0.47578125 0.0828125 0.04140625
0 0.58984375 0.46875 0.0734375 0.04609375
0 0.70625 0.35 0.06875 0.03203125
0 0.79296875 0.465625 0.07734375 0.0390625
0 0.790625 0.42890625 0.07734375 0.040625
0 0.928125 0.37890625 0.0640625 0.04296875
1 0.31015625 0.74453125 0.25234375 0.10234375
0 0.8171875 0.45234375 0.07734375 0.0390625
0 0.14921875 0.6390625 0.0171875 0.0125
0 0.1484375 0.71328125 0.14765625 0.1671875
0 0.0609375 0.60703125 0.02890625 0.06015625
0 0.034375 0.52421875 0.02734375 0.0625
0 0.0390625 0.49609375 0.03359375 0.0671875
0 0.01640625 0.46875 0.0125 0.0171875
0 0.24609375 0.56171875 0.0125 0.00859375
0 0.23828125 0.56953125 0.01875 0.0296875
0 0.2703125 0.5390625 0.02890625 0.06640625
0 0.246875 0.5015625 0.02734375 0.06875
0 0.2765625 0.48828125 0.02734375 0.06875
0 0.31796875 0.55 0.00859375 0.0078125
0 0.15546875 0.34765625 0.0859375 0.04140625
0 0.11015625 0.3203125 0.0828125 0.040625
0 0.8140625 0.42421875 0.01875 0.0140625
0 0.89140625 0.41640625 0.05390625 0.0359375
0 0.8 0.3078125 0.01640625 0.0109375
0 0.94140625 0.665625 0.0203125 0.01328125
0 0.6109375 0.6609375 0.05 0.05234375
0 0.59453125 0.65703125 0.0140625 0.0140625
0 0.69453125 0.675 0.0671875 0.0296875
0 0.64765625 0.67109375 0.0453125 0.04609375
0 0.678125 0.69765625 0.0671875 0.02734375
0 0.3078125 0.6828125 0.01484375 0.0203125