0 0.9890625 0.61875 0.02109375 0.0203125
0 0.990625 0.5921875 0.01875 0.0140625
0 0.44765625 0.409375 0.02265625 0.0125
0 0.46484375 0.4046875 0.0203125 0.01171875
0 0.740625 0.39921875 0.025 0.009375
0 0.575 0.3 0.02109375 0.0109375
0 0.79765625 0.30390625 0.03125 0.02109375
0 0.43828125 0.46015625 0.04375 0.01875
0 0.7703125 0.45078125 0.025 0.00859375
0 0.35 0.58125 0.02265625 0.01171875
0 0.3859375 0.6921875 0.03125 0.0140625
0 0.5046875 0.61796875 0.02890625 0.0125
0 0.86953125 0.590625 0.0203125 0.00859375
0 0.09140625 0.66484375 0.04765625 0.01875
0 0.26796875 0.3734375 0.1375 0.0515625
0 0.12734375 0.3265625 0.0984375 0.05
0 0.2625 0.56171875 0.1078125 0.04296875
0 0.6046875 0.665625 0.09375 0.03984375
0 0.89140625 0.54296875 0.0796875 0.0359375
0 0.096875 0.615625 0.0453125 0.0234375
0 0.91875 0.3359375 0.05390625 0.0390625
0 0.4171875 0.48671875 0.21875 0.04765625
0 0.40390625 0.3171875 0.15390625 0.05546875
0 0.38984375 0.5875 0.0765625 0.05390625
0 0.3296875 0.45625 0.26015625 0.04765625
0 0.9140625 0.65625 0.09609375 0.03203125
0 0.89296875 0.63828125 0.0921875 0.028125
1 0.44140625 0.72109375 0.1828125 0.05078125
0 0.5046875 0.49453125 0.0453125 0.02109375
0 0.61640625 0.53828125 0.0203125 0.015625
0 0.49296875 0.659375 0.0265625 0.01484375
0 0.471875 0.65703125 0.0234375 0.015625
0 0.8109375 0.54765625 0.02265625 0.00859375
0 0.871875 0.51640625 0.025 0.00390625
1 0.85703125 0.7 0.08359375 0.03984375
0 0.6484375 0.72890625 0.03359375 0.0046875