0 0.81015625 0.28125 0.03984375 0.01328125
0 0.75390625 0.27890625 0.02734375 0.01015625
0 0.3046875 0.51328125 0.0234375 0.009375
0 0.29609375 0.5046875 0.02265625 0.00859375
0 0.31875 0.37421875 0.0171875 0.0109375
0 0.090625 0.440625 0.02109375 0.00859375
0 0.1265625 0.3359375 0.0421875 0.0125
0 0.40859375 0.52421875 0.03515625 0.01875
0 0.43046875 0.3671875 0.01640625 0.0109375
0 0.65234375 0.58046875 0.02265625 0.009375
0 0.88828125 0.57734375 0.0265625 0.01328125
0 0.7484375 0.5125 0.0234375 0.0125
0 0.734375 0.3375 0.01640625 0.00859375
0 0.7953125 0.7125 0.03359375 0.02109375
0 0.20703125 0.59375 0.09375 0.06015625
0 0.0921875 0.65390625 0.0953125 0.04140625
0 0.60078125 0.61953125 0.07890625 0.046875
0 0.859375 0.47109375 0.0734375 0.040625
0 0.6375 0.32109375 0.0671875 0.034375
0 0.2171875 0.21875 0.08984375 0.02578125
0 0.44296875 0.2328125 0.1515625 0.0234375
0 0.6921875 0.70390625 0.0453125 0.01875
0 0.83984375 0.23046875 0.07265625 0.05546875
0 0.2078125 0.2828125 0.07734375 0.02109375
0 0.46171875 0.5375 0.0765625 0.1
0 0.10546875 0.5234375 0.1015625 0.0671875
0 0.66953125 0.5625 0.10625 0.03046875
0 0.38828125 0.575 0.07109375 0.1203125
0 0.87734375 0.32421875 0.0578125 0.04296875
0 0.83671875 0.33203125 0.0484375 0.04140625
1 0.95625 0.5546875 0.0875 0.08203125
0 0.4890625 0.496875 0.03984375 0.01875
0 0.5953125 0.45 0.03125 0.0078125
0 0.8328125 0.52265625 0.02890625 0.0109375
0 0.8265625 0.53203125 0.03125 0.009375
0 0.13671875 0.73515625 0.02890625 0.0109375
0 0.63828125 0.359375 0.01640625 0.01015625
0 0.5796875 0.32734375 0.00625 0.01171875
0 0.67265625 0.23046875 0.02109375 0.0078125
1 0.9625 0.35625 0.075 0.03515625
0 0.996875 0.4578125 0.00625 0.015625