0 0.846875 0.4171875 0.0203125 0.0125
0 0.996875 0.7921875 0.00625 0.01484375
0 0.309375 0.271875 0.04375 0.02734375
0 0.3421875 0.53828125 0.0328125 0.0234375
0 0.39609375 0.82109375 0.0234375 0.01875
0 0.65078125 0.73046875 0.0171875 0.0140625
0 0.57109375 0.8375 0.0203125 0.0140625
0 0.1734375 0.296875 0.03984375 0.0296875
0 0.1828125 0.8078125 0.0265625 0.01796875
0 0.27265625 0.7984375 0.03984375 0.0203125
0 0.1734375 0.82578125 0.02890625 0.015625
1 0.3484375 0.18671875 0.17890625 0.11796875
0 0.41171875 0.4546875 0.1078125 0.0703125
0 0.43671875 0.70234375 0.09140625 0.08046875
0 0.50625 0.4328125 0.10390625 0.084375
0 0.33828125 0.80234375 0.1015625 0.0703125
0 0.653125 0.3328125 0.0515625 0.03828125
0 0.43046875 0.73359375 0.06015625 0.05625
0 0.0078125 0.271875 0.01484375 0.05078125
0 0.92734375 0.278125 0.04375 0.03828125
0 0.69765625 0.8390625 0.1375 0.05703125
0 0.15703125 0.32890625 0.03515625 0.04296875
0 0.4609375 0.51015625 0.04140625 0.034375
0 0.0453125 0.61328125 0.01640625 0.01484375
0 0.08125 0.8671875 0.02109375 0.0171875
0 0.63984375 0.84375 0.0703125 0.05234375
0 0.56328125 0.59921875 0.0109375 0.01015625
0 0.33515625 0.5578125 0.03359375 0.021875
0 0.31484375 0.54296875 0.02265625 0.02265625
0 0.51484375 0.8234375 0.9703125 0.06015625