0 0.67890625 0.94453125 0.0375 0.02890625
0 0.8453125 0.91796875 0.05 0.02421875
0 0.4140625 0.90703125 0.01875 0.0140625
0 0.5734375 0.7671875 0.01640625 0.0140625
0 0.2203125 0.88984375 0.03984375 0.01953125
0 0.059375 0.84609375 0.0203125 0.0171875
0 0.82265625 0.38203125 0.03515625 0.03203125
0 0.46640625 0.37890625 0.0296875 0.0234375
0 0.084375 0.3890625 0.025 0.01796875
0 0.178125 0.58828125 0.0171875 0.0125
0 0.0453125 0.51796875 0.01875 0.0140625
0 0.803125 0.278125 0.0390625 0.02890625
0 0.125 0.23125 0.0234375 0.01953125
0 0.128125 0.29921875 0.0265625 0.0296875
0 0.1015625 0.22265625 0.02109375 0.021875
1 0.9265625 0.41953125 0.14609375 0.13046875
0 0.56953125 0.4390625 0.09140625 0.078125
0 0.2390625 0.43125 0.10390625 0.06640625
0 0.5890625 0.51171875 0.11015625 0.075
0 0.115625 0.34765625 0.09140625 0.0734375
0 0.7046875 0.63203125 0.0484375 0.03671875
0 0.19765625 0.42421875 0.0734375 0.04296875
0 0.8546875 0.14453125 0.06640625 0.034375
0 0.75 0.84140625 0.05 0.03125
0 0.0328125 0.61171875 0.06484375 0.1015625
0 0.7625 0.26171875 0.05625 0.025
0 0.490625 0.46953125 0.0453125 0.0296875
0 0.87890625 0.109375 0.04609375 0.02421875
0 0.396875 0.14921875 0.01875 0.0125
0 0.05703125 0.14921875 0.02265625 0.015625
0 0.03125 0.56875 0.0625 0.0515625
0 0.09609375 0.878125 0.01640625 0.0109375
0 0.31015625 0.91328125 0.0125 0.0109375
0 0.31796875 0.91640625 0.01015625 0.01328125
0 0.36171875 0.53671875 0.0125 0.0078125
0 0.440625 0.37109375 0.02734375 0.025
0 0.4625 0.3578125 0.0296875 0.015625
0 0.06953125 0.45703125 0.04765625 0.78984375