0 0.30078125 0.0609375 0.0359375 0.028125
0 0.1359375 0.09140625 0.0484375 0.0234375
0 0.5671875 0.09140625 0.0171875 0.0140625
0 0.4140625 0.23515625 0.01484375 0.0140625
0 0.76171875 0.103125 0.0390625 0.01875
0 0.92421875 0.14296875 0.01875 0.015625
0 0.1828125 0.6265625 0.03359375 0.03125
0 0.5390625 0.6203125 0.02890625 0.02265625
0 0.9203125 0.6 0.0234375 0.0171875
0 0.8171875 0.403125 0.0171875 0.0125
0 0.95390625 0.4703125 0.0171875 0.0140625
0 0.2078125 0.73046875 0.0375 0.028125
0 0.8875 0.759375 0.02265625 0.01875
0 0.88125 0.69140625 0.025 0.02890625
0 0.9109375 0.76640625 0.0203125 0.0203125
1 0.0734375 0.5921875 0.14609375 0.1265625
0 0.43359375 0.5625 0.0875 0.07578125
0 0.7640625 0.56171875 0.1015625 0.0640625
0 0.4109375 0.490625 0.10625 0.071875
0 0.89140625 0.6421875 0.0875 0.07109375
0 0.2890625 0.37421875 0.04765625 0.0359375
0 0.80546875 0.56796875 0.07109375 0.04140625
0 0.1625 0.86484375 0.06484375 0.0328125
0 0.234375 0.16484375 0.0484375 0.0296875
0 0.96484375 0.37578125 0.0671875 0.09921875
0 0.2484375 0.74453125 0.0546875 0.0234375
0 0.5109375 0.5296875 0.04375 0.02890625
0 0.1390625 0.90078125 0.0453125 0.0234375
0 0.61953125 0.84765625 0.01875 0.0109375
0 0.959375 0.8390625 0.02109375 0.01484375
0 0.8984375 0.99375 0.025 0.0125
0 0.9671875 0.41953125 0.06484375 0.05
0 0.8859375 0.11171875 0.01640625 0.0109375
0 0.6703125 0.08203125 0.0125 0.0109375
0 0.6625 0.07890625 0.01015625 0.01328125
0 0.6359375 0.459375 0.0125 0.0078125
0 0.565625 0.62734375 0.0265625 0.02421875
0 0.54453125 0.64140625 0.02890625 0.01484375
0 0.9328125 0.53125 0.0109375 0.78984375