0 0.8578125 0.13203125 0.0390625 0.0296875
0 0.79140625 0.16953125 0.03515625 0.028125
0 0.7828125 0.52890625 0.03359375 0.02734375
0 0.9078125 0.596875 0.0375 0.028125
0 0.8828125 0.65 0.02109375 0.01328125
0 0.43203125 0.1984375 0.01484375 0.0109375
0 0.62109375 0.25 0.03125 0.025
0 0.4453125 0.25234375 0.0265625 0.021875
0 0.47109375 0.15546875 0.0265625 0.01875
0 0.36015625 0.37421875 0.0234375 0.0171875
0 0.290625 0.1921875 0.01640625 0.01328125
0 0.60703125 0.28359375 0.0171875 0.0125
0 0.528125 0.13046875 0.0546875 0.0265625
0 0.61953125 0.50546875 0.02265625 0.0109375
0 0.690625 0.52109375 0.0203125 0.01484375
0 0.38203125 0.6 0.02109375 0.0171875
0 0.21015625 0.28359375 0.0171875 0.0125
1 0.39765625 0.39375 0.30625 0.1953125
1 0.6859375 0.6625 0.12109375 0.0890625
1 0.1765625 0.778125 0.1671875 0.134375
0 0.69140625 0.24765625 0.1 0.05546875
1 0.56015625 0.7203125 0.1765625 0.140625
0 0.609375 0.33515625 0.0984375 0.07421875
1 0.92734375 0.72578125 0.1453125 0.1859375
1 0.1875 0.2171875 0.1171875 0.08984375
1 0.13359375 0.86796875 0.1140625 0.08515625
0 0.73359375 0.28125 0.10234375 0.04765625
0 0.89296875 0.68125 0.08125 0.05078125
0 0.3109375 0.48203125 0.0859375 0.0875
1 0.56484375 0.34453125 0.3984375 0.1984375
0 0.96328125 0.6625 0.0734375 0.05
0 0.7203125 0.5640625 0.07890625 0.04375
0 0.3546875 0.29140625 0.0390625 0.0328125
0 0.89765625 0.1296875 0.0265625 0.0234375
0 0.92734375 0.44765625 0.0140625 0.01015625
0 0.9046875 0.4546875 0.0140625 0.01015625
0 0.89609375 0.459375 0.0203125 0.015625
0 0.79453125 0.5859375 0.06484375 0.04375
1 0.76171875 0.60859375 0.1890625 0.12578125
0 0.675 0.521875 0.0171875 0.01328125
0 0.4578125 0.52109375 0.00859375 0.0125
1 0.39140625 0.54453125 0.2046875 0.153125
0 0.28671875 0.40625 0.0109375 0.0125
0 0.47890625 0.4609375 0.01640625 0.00625
0 0.32109375 0.29609375 0.0375 0.03125
1 0.5609375 0.33984375 0.225 0.13125
1 0.0796875 0.2609375 0.15859375 0.15625
0 0.11015625 0.23984375 0.01484375 0.0109375