0 0.990625 0.7546875 0.01875 0.0296875
0 0.95078125 0.70703125 0.0390625 0.02734375
0 0.47109375 0.7125 0.0359375 0.0265625
0 0.38515625 0.80859375 0.0390625 0.02890625
0 0.19140625 0.92890625 0.05625 0.0234375
0 0.3140625 0.7921875 0.0171875 0.0171875
0 0.9 0.43828125 0.01640625 0.0125
0 0.83671875 0.58203125 0.03515625 0.02421875
0 0.828125 0.45078125 0.0296875 0.0203125
0 0.95859375 0.46640625 0.0265625 0.0203125
0 0.66328125 0.390625 0.02265625 0.01796875
0 0.903125 0.3328125 0.01875 0.0125
0 0.7921875 0.57265625 0.01640625 0.0140625
0 0.9875 0.50859375 0.025 0.0421875
0 0.49765625 0.58984375 0.01640625 0.0171875
0 0.478125 0.64375 0.0203125 0.01484375
0 0.36328125 0.41484375 0.02265625 0.015625
0 0.77734375 0.27578125 0.0171875 0.0140625
1 0.6375 0.41953125 0.26875 0.234375
1 0.2890625 0.64453125 0.12265625 0.09296875
1 0.1171875 0.2671875 0.1828125 0.1296875
0 0.84375 0.634375 0.0765625 0.07578125
1 0.20859375 0.55234375 0.1921875 0.1359375
0 0.7234375 0.57578125 0.1015625 0.07578125
1 0.21875 0.8625 0.25859375 0.1828125
1 0.86640625 0.25546875 0.12265625 0.08984375
1 0.02734375 0.23828125 0.0546875 0.08828125
0 0.8 0.6671875 0.0671875 0.078125
0 0.271875 0.80078125 0.0703125 0.0625
0 0.51796875 0.3578125 0.1171875 0.0671875
1 0.71015625 0.54375 0.27734375 0.30390625
0 0.30078125 0.85546875 0.06875 0.06015625
0 0.42265625 0.66796875 0.0609375 0.0609375
0 0.7734375 0.384375 0.0453125 0.0296875
0 0.9953125 0.78515625 0.00859375 0.01953125
0 0.584375 0.81796875 0.0140625 0.01015625
0 0.57421875 0.8015625 0.0140625 0.01015625
0 0.56796875 0.7953125 0.02109375 0.01484375
0 0.3953125 0.7234375 0.0609375 0.05
1 0.3640625 0.7 0.17265625 0.1453125
0 0.4765625 0.63203125 0.01875 0.0140625
0 0.4703125 0.46953125 0.01640625 0.0078125
1 0.43671875 0.4203125 0.20859375 0.1578125
0 0.6171875 0.33671875 0.01640625 0.009375
0 0.5515625 0.4828125 0.01015625 0.0125
0 0.765625 0.35859375 0.0421875 0.02890625
1 0.71640625 0.540625 0.18125 0.171875
1 0.803125 0.1609375 0.21484375 0.1546875
0 0.83359375 0.1984375 0.01640625 0.0125