0 0.0265625 0.78125 0.0265625 0.028125
0 0.24765625 0.3390625 0.0265625 0.0265625
0 0.11875 0.3234375 0.0265625 0.025
0 0.45859375 0.26953125 0.04140625 0.03125
0 0.3859375 0.2765625 0.01875 0.0109375
0 0.71875 0.2140625 0.01484375 0.01484375
0 0.8078125 0.20234375 0.01640625 0.0171875
0 0.7640625 0.20625 0.01640625 0.01796875
0 0.9078125 0.36875 0.00859375 0.0078125
0 0.65078125 0.25078125 0.03984375 0.034375
0 0.109375 0.64140625 0.04375 0.0109375
0 0.1203125 0.6515625 0.02109375 0.0125
0 0.571875 0.2578125 0.03984375 0.03359375
0 0.8984375 0.19609375 0.0375 0.0296875
0 0.97734375 0.4234375 0.01640625 0.0109375
0 0.5875 0.41015625 0.01484375 0.009375
0 0.49609375 0.5546875 0.0109375 0.0078125
0 0.4859375 0.55390625 0.0125 0.009375
0 0.42890625 0.62734375 0.0125 0.009375
0 0.41640625 0.62578125 0.0109375 0.0125
0 0.3421875 0.73515625 0.0125 0.0125