0 0.99140625 0.24375 0.0171875 0.028125
0 0.73671875 0.6734375 0.02890625 0.02734375
0 0.8640625 0.69609375 0.02890625 0.0265625
0 0.5203125 0.73203125 0.04375 0.0328125
0 0.59296875 0.72890625 0.01875 0.0125
0 0.2546875 0.77421875 0.01640625 0.01484375
0 0.16484375 0.78125 0.0171875 0.0171875
0 0.209375 0.77890625 0.0171875 0.01796875
0 0.08125 0.609375 0.01015625 0.00859375
0 0.3265625 0.740625 0.0421875 0.0359375
0 0.90234375 0.3796875 0.0453125 0.01328125
0 0.8921875 0.36875 0.02109375 0.01328125
0 0.40546875 0.7375 0.0421875 0.034375
0 0.07421875 0.78203125 0.03984375 0.03203125
0 0.0171875 0.55234375 0.01640625 0.0109375
0 0.4046875 0.58515625 0.01640625 0.009375
0 0.50859375 0.44609375 0.0125 0.00859375
0 0.51875 0.446875 0.0140625 0.009375
0 0.5828125 0.3765625 0.0140625 0.009375
0 0.5953125 0.37890625 0.0125 0.01328125
0 0.67890625 0.2734375 0.0140625 0.01328125