0 0.190625 0.125 0.0359375 0.0109375
0 0.10078125 0.16015625 0.0359375 0.01875
0 0.70078125 0.30234375 0.03359375 0.01875
0 0.71484375 0.20546875 0.0328125 0.01875
0 0.7609375 0.11171875 0.01484375 0.0109375
0 0.8046875 0.45703125 0.0390625 0.02890625
0 0.7921875 0.403125 0.0140625 0.01328125
0 0.89296875 0.64921875 0.01875 0.01015625
0 0.91328125 0.71484375 0.02109375 0.0109375
0 0.9046875 0.68203125 0.02265625 0.0109375
0 0.69609375 0.79765625 0.01015625 0.00625
0 0.8390625 0.6 0.04375 0.028125
0 0.2921875 0.21484375 0.0125 0.0328125
0 0.27890625 0.22421875 0.01484375 0.01484375
0 0.82578125 0.54140625 0.0421875 0.028125
0 0.92578125 0.7828125 0.0390625 0.0265625
0 0.62734375 0.853125 0.0140625 0.0109375
0 0.62421875 0.5609375 0.0109375 0.0109375
0 0.42734375 0.5 0.01015625 0.00859375
0 0.42734375 0.4921875 0.0109375 0.009375
0 0.3265625 0.453125 0.0109375 0.009375
0 0.32734375 0.44375 0.01640625 0.0078125
0 0.17890625 0.39453125 0.01640625 0.00859375