0 0.33828125 0.3015625 0.02890625 0.04375
1 0.484375 0.33984375 0.2578125 0.21875
1 0.24765625 0.26015625 0.2875 0.2265625
1 0.58828125 0.85859375 0.18515625 0.1203125
0 0.33828125 0.653125 0.0859375 0.04765625
1 0.65625 0.53203125 0.17265625 0.14375
1 0.6765625 0.80234375 0.09765625 0.0859375
0 0.5359375 0.646875 0.08515625 0.04375
0 0.9640625 0.5921875 0.0609375 0.06640625
1 0.34765625 0.525 0.3421875 0.15859375
0 0.2109375 0.57578125 0.1 0.0546875
0 0.34296875 0.3109375 0.0390625 0.06171875
0 0.85546875 0.5078125 0.0765625 0.02890625
0 0.3765625 0.459375 0.0484375 0.034375
1 0.50546875 0.4734375 0.21640625 0.18203125
1 0.34375 0.44609375 0.14375 0.115625
0 0.7984375 0.60234375 0.07265625 0.0375
0 0.4015625 0.340625 0.03984375 0.034375
0 0.5484375 0.5484375 0.0796875 0.05078125
0 0.921875 0.72890625 0.0453125 0.04765625
0 0.54921875 0.190625 0.0359375 0.028125
0 0.4296875 0.16171875 0.0375 0.0296875
0 0.3140625 0.21953125 0.0234375 0.01484375
0 0.32890625 0.22890625 0.01015625 0.0125
0 0.5453125 0.3234375 0.01484375 0.01015625
0 0.5046875 0.325 0.0171875 0.0109375
1 0.4609375 0.3953125 0.10859375 0.096875
1 0.47734375 0.31328125 0.1390625 0.103125
0 0.29765625 0.41953125 0.03125 0.02265625
0 0.21640625 0.47734375 0.01015625 0.00859375
0 0.47265625 0.5703125 0.02265625 0.01328125
0 0.4515625 0.5640625 0.0203125 0.015625
0 0.39375 0.54140625 0.1 0.04296875
0 0.571875 0.434375 0.0140625 0.01015625
0 0.5953125 0.4421875 0.0109375 0.0125
0 0.68515625 0.54140625 0.0125 0.0140625
0 0.28671875 0.07578125 0.01875 0.025
1 0.30859375 0.05546875 0.10234375 0.1109375
0 0.97890625 0.34296875 0.0359375 0.0234375
0 0.79296875 0.628125 0.075 0.0234375
1 0.9140625 0.64609375 0.125 0.146875
0 0.6359375 0.67890625 0.08515625 0.02265625
0 0.6421875 0.65703125 0.0796875 0.0375
0 0.57578125 0.66015625 0.15 0.1015625
0 0.6265625 0.9046875 0.02734375 0.0171875
0 0.12734375 0.68515625 0.05859375 0.02265625
0 0.115625 0.725 0.03359375 0.025
0 0.02578125 0.7 0.02890625 0.021875
0 0.1046875 0.765625 0.025 0.01328125
1 0.1046875 0.790625 0.1140625 0.0609375
1 0.13203125 0.83515625 0.1140625 0.06640625
0 0.65859375 0.415625 0.12109375 0.22421875