0 0.1015625 0.25390625 0.0390625 0.021875
0 0.09296875 0.178125 0.0375 0.01796875
0 0.03125 0.0875 0.0171875 0.0125
0 0.340625 0.284375 0.0515625 0.02421875
0 0.3171875 0.27578125 0.05390625 0.0203125
0 0.609375 0.190625 0.02734375 0.0390625
0 0.66015625 0.04765625 0.02890625 0.01015625
0 0.29375 0.42578125 0.0296875 0.01953125
0 0.5828125 0.4640625 0.0421875 0.0328125
0 0.553125 0.621875 0.02734375 0.0234375
0 0.33984375 0.4984375 0.01875 0.0140625
0 0.99140625 0.56875 0.0171875 0.0265625
0 0.053125 0.76953125 0.03125 0.040625
0 0.08984375 0.86328125 0.0203125 0.01875
0 0.9953125 0.709375 0.00859375 0.028125
0 0.4953125 0.74765625 0.0515625 0.05625
0 0.3234375 0.47265625 0.0890625 0.07421875
0 0.65234375 0.83671875 0.05234375 0.0578125
0 0.628125 0.1890625 0.025 0.03671875
0 0.78359375 0.13515625 0.0390625 0.02265625
0 0.7328125 0.3578125 0.0140625 0.009375
0 0.37421875 0.62109375 0.0296875 0.040625
0 0.3625 0.6234375 0.0203125 0.0265625
0 0.4625 0.83984375 0.00859375 0.0078125