0 0.14453125 0.21953125 0.0359375 0.01875
0 0.1484375 0.14375 0.03515625 0.01484375
0 0.1015625 0.04765625 0.01640625 0.0109375
0 0.3765625 0.27109375 0.0484375 0.01953125
0 0.3546875 0.26015625 0.0515625 0.015625
0 0.65859375 0.203125 0.02109375 0.0375
0 0.7328125 0.065625 0.02734375 0.0078125
0 0.3078125 0.4078125 0.02734375 0.0171875
0 0.58828125 0.47265625 0.0375 0.0296875
0 0.5328125 0.62578125 0.0234375 0.021875
0 0.34140625 0.484375 0.0171875 0.0125
0 0.984375 0.6140625 0.02890625 0.0234375
0 0.0125 0.7265625 0.025 0.03828125
0 0.03359375 0.82265625 0.01875 0.0171875
0 0.971875 0.7546875 0.03359375 0.025
0 0.45546875 0.7453125 0.0421875 0.05234375
0 0.3296875 0.45625 0.07890625 0.0671875
0 0.596875 0.8484375 0.04375 0.0546875
0 0.67734375 0.203125 0.0203125 0.034375
0 0.840625 0.1640625 0.0359375 0.01953125
0 0.75390625 0.3796875 0.0125 0.00859375
0 0.35546875 0.609375 0.0234375 0.03828125
0 0.34375 0.609375 0.01640625 0.025
0 0.4078125 0.834375 0.0078125 0.00625