0 0.8859375 0.24296875 0.0265625 0.028125
0 0.9875 0.24921875 0.02109375 0.02734375
0 0.809375 0.415625 0.02734375 0.0375
0 0.82421875 0.4 0.02265625 0.0390625
0 0.890625 0.6296875 0.0515625 0.0171875
0 0.6296875 0.35859375 0.0234375 0.021875
0 0.53359375 0.5671875 0.04140625 0.02890625
0 0.33125 0.5203125 0.0296875 0.01875
0 0.5265625 0.38125 0.01640625 0.01328125
0 0.33046875 0.85859375 0.0328125 0.02265625
0 0.21484375 0.12734375 0.05234375 0.01953125
0 0.0859375 0.1390625 0.02265625 0.0140625
0 0.14375 0.84453125 0.03515625 0.0265625
0 0.175 0.45859375 0.07109375 0.03359375
0 0.5640625 0.3734375 0.0921875 0.0609375
0 0.034375 0.56015625 0.06875 0.034375
0 0.88984375 0.64375 0.04765625 0.015625
0 0.9359375 0.7671875 0.02734375 0.028125
0 0.6515625 0.69453125 0.0109375 0.009375
0 0.359375 0.38828125 0.05234375 0.01875
0 0.359375 0.37890625 0.03359375 0.01328125
0 0.0578125 0.41875 0.00859375 0.00546875