0 0.0859375 0.2453125 0.03125 0.0265625
0 0.20625 0.1703125 0.03125 0.028125
0 0.2859375 0.1109375 0.02890625 0.0109375
0 0.22109375 0.34609375 0.0296875 0.01953125
0 0.40546875 0.728125 0.0453125 0.0265625
0 0.51875 0.778125 0.0265625 0.02265625
0 0.6765625 0.8046875 0.02734375 0.0265625
0 0.5203125 0.1609375 0.0421875 0.02890625
0 0.5921875 0.153125 0.0359375 0.0296875
0 0.8078125 0.8125 0.025 0.02421875
1 0.89921875 0.42578125 0.1421875 0.1015625
1 0.615625 0.59296875 0.20234375 0.14609375
0 0.18984375 0.253125 0.0703125 0.05234375
0 0.421875 0.83046875 0.04140625 0.04765625
1 0.5265625 0.38515625 0.18359375 0.12265625
0 0.91875 0.21953125 0.08984375 0.0671875
0 0.90546875 0.28046875 0.12265625 0.07578125
0 0.02421875 0.378125 0.025 0.03671875
0 0.45859375 0.2171875 0.06015625 0.03828125
1 0.346875 0.40703125 0.2203125 0.16015625
0 0.63828125 0.184375 0.05390625 0.034375
0 0.58515625 0.74296875 0.07734375 0.06875
1 0.2859375 0.53671875 0.1796875 0.13203125
1 0.42109375 0.63359375 0.2421875 0.18203125
1 0.68046875 0.459375 0.24140625 0.1703125
1 0.8328125 0.325 0.2125 0.2015625
0 0.9140625 0.28515625 0.0296875 0.0234375
0 0.8234375 0.284375 0.01640625 0.0125
0 0.69765625 0.15078125 0.05625 0.028125
0 0.66328125 0.1375 0.0125 0.0046875
0 0.6515625 0.16484375 0.03515625 0.0171875
0 0.5546875 0.1609375 0.03515625 0.028125
0 0.4390625 0.125 0.02109375 0.015625
0 0.2140625 0.32734375 0.02265625 0.0171875
0 0.0453125 0.2765625 0.02109375 0.021875
0 0.11796875 0.603125 0.0171875 0.01484375
0 0.290625 0.59765625 0.0234375 0.015625
0 0.33671875 0.6140625 0.01484375 0.0125
0 0.42578125 0.5546875 0.02109375 0.00859375
0 0.265625 0.48125 0.02109375 0.009375
0 0.28046875 0.45625 0.0140625 0.015625
0 0.32109375 0.33671875 0.0265625 0.01328125
0 0.3296875 0.459375 0.01640625 0.0140625
0 0.34609375 0.459375 0.02265625 0.01328125
0 0.4984375 0.403125 0.01484375 0.0125
0 0.603125 0.48359375 0.01484375 0.0140625
0 0.58359375 0.55078125 0.0203125 0.01328125
0 0.6546875 0.65390625 0.025 0.01875
0 0.93671875 0.7875 0.02109375 0.02265625
0 0.54609375 0.78984375 0.05625 0.03125
0 0.53203125 0.81953125 0.0546875 0.0421875
0 0.39375 0.82890625 0.03515625 0.04140625