0 0.9421875 0.7265625 0.02734375 0.02421875
0 0.83125 0.80859375 0.02734375 0.0265625
0 0.7578125 0.8734375 0.02734375 0.009375
0 0.7953125 0.63515625 0.02734375 0.01796875
0 0.5671875 0.2671875 0.0421875 0.02421875
0 0.4484375 0.2234375 0.0234375 0.0203125
0 0.28828125 0.2078125 0.0234375 0.02421875
0 0.51953125 0.8390625 0.0390625 0.02734375
0 0.4484375 0.8515625 0.03359375 0.02734375
0 0.15703125 0.20859375 0.02265625 0.02265625
1 0.1109375 0.6 0.1328125 0.09375
1 0.3734375 0.41484375 0.1875 0.13515625
0 0.8375 0.725 0.06484375 0.0484375
0 0.5390625 0.165625 0.0359375 0.0453125
1 0.4875 0.61640625 0.17109375 0.1125
0 0.11484375 0.80703125 0.0828125 0.0625
0 0.121875 0.7453125 0.11484375 0.06953125
0 0.9875 0.58984375 0.02265625 0.0359375
0 0.57421875 0.77890625 0.05625 0.0359375
1 0.66328125 0.5828125 0.2046875 0.1484375
0 0.39921875 0.8234375 0.0515625 0.03203125
0 0.38671875 0.26328125 0.0703125 0.06484375
1 0.70859375 0.44921875 0.16640625 0.121875
1 0.5625 0.36171875 0.225 0.16796875
1 0.325 0.55234375 0.225 0.15625
1 0.1890625 0.69609375 0.19140625 0.190625
0 0.11328125 0.74140625 0.02734375 0.021875
0 0.20234375 0.7359375 0.01484375 0.0109375
0 0.34453125 0.8609375 0.05390625 0.025
0 0.3796875 0.871875 0.0125 0.00390625
0 0.38828125 0.84375 0.03359375 0.0140625
0 0.48515625 0.84140625 0.03125 0.0265625
0 0.60390625 0.86953125 0.0203125 0.0140625
0 0.8046875 0.65390625 0.0203125 0.01484375
0 0.9796875 0.69296875 0.01875 0.0203125
0 0.86875 0.371875 0.01484375 0.0140625
0 0.97734375 0.134375 0.01640625 0.00546875
0 0.696875 0.38828125 0.02265625 0.0140625
0 0.64921875 0.37578125 0.0140625 0.0109375
0 0.5671875 0.440625 0.0203125 0.00625
0 0.7359375 0.50390625 0.0203125 0.0078125
0 0.7234375 0.52890625 0.0109375 0.01484375
0 0.696875 0.65078125 0.025 0.0109375
0 0.675 0.5296875 0.01484375 0.01328125
0 0.6578125 0.5296875 0.02109375 0.0109375
0 0.5125 0.59609375 0.0140625 0.0109375
0 0.39921875 0.52265625 0.0140625 0.01328125
0 0.4109375 0.4546875 0.01875 0.0109375
0 0.328125 0.35625 0.02265625 0.0171875
0 0.03203125 0.2421875 0.01875 0.021875
0 0.4203125 0.2140625 0.05234375 0.028125
0 0.43125 0.18359375 0.0515625 0.0390625
0 0.5671875 0.165625 0.03125 0.0390625