0 0.83671875 0.88203125 0.0328125 0.0203125
0 0.56484375 0.7609375 0.0390625 0.021875
0 0.70390625 0.546875 0.01875 0.01328125
0 0.6296875 0.353125 0.03984375 0.0296875
0 0.61015625 0.4703125 0.0171875 0.0109375
0 0.33125 0.51484375 0.03984375 0.0296875
0 0.190625 0.41484375 0.03359375 0.021875
0 0.33203125 0.3109375 0.02265625 0.0140625
0 0.28359375 0.25 0.02109375 0.0140625
1 0.74296875 0.53359375 0.27109375 0.171875
0 0.4125 0.28515625 0.07109375 0.0609375
0 0.46953125 0.65625 0.07734375 0.053125
0 0.7953125 0.0765625 0.06640625 0.05
0 0.41484375 0.39140625 0.06640625 0.065625
0 0.6140625 0.22890625 0.0625 0.06484375
0 0.43046875 0.46875 0.0890625 0.05
0 0.6609375 0.22109375 0.04375 0.034375
0 0.16328125 0.79609375 0.06015625 0.0453125
1 0.1109375 0.309375 0.1015625 0.0390625
1 0.1328125 0.6515625 0.0484375 0.03671875
1 0.11015625 0.16796875 0.0765625 0.06171875
1 0.26015625 0.5015625 0.06015625 0.0375
0 0.49296875 0.4171875 0.075 0.0671875
1 0.234375 0.54765625 0.04375 0.053125
0 0.8765625 0.8796875 0.0203125 0.0109375
0 0.93828125 0.7734375 0.02890625 0.01875
0 0.57421875 0.83984375 0.03984375 0.021875
1 0.2109375 0.56484375 0.0625 0.03359375
1 0.078125 0.46171875 0.04765625 0.0421875
1 0.2921875 0.4546875 0.07890625 0.0578125
0 0.1546875 0.40390625 0.02265625 0.01875
0 0.88828125 0.26875 0.01640625 0.0125
0 0.6390625 0.61328125 0.0265625 0.01015625
1 0.92109375 0.534375 0.1578125 0.16953125
1 0.84921875 0.484375 0.03515625 0.034375
1 0.87421875 0.4859375 0.03359375 0.046875
0 0.025 0.6859375 0.0109375 0.01328125