0 0.05625 0.10390625 0.03515625 0.00859375
0 0.25078125 0.11171875 0.0359375 0.01875
0 0.37265625 0.203125 0.0375 0.01875
0 0.50546875 0.13046875 0.05234375 0.01015625
0 0.9921875 0.04296875 0.0125 0.0109375
0 0.4203125 0.596875 0.01015625 0.00625
0 0.9890625 0.44765625 0.01875 0.0140625
0 0.43515625 0.92578125 0.0296875 0.01875
0 0.6078125 0.7765625 0.03125 0.01796875
0 0.36640625 0.8515625 0.0203125 0.0109375
0 0.81796875 0.79140625 0.01875 0.0140625
0 0.4984375 0.36953125 0.11875 0.10390625
0 0.2734375 0.66171875 0.1171875 0.05625
0 0.58671875 0.30546875 0.0515625 0.0671875
0 0.17265625 0.09453125 0.0875 0.03671875
0 0.7515625 0.92890625 0.04609375 0.03671875
0 0.6671875 0.0734375 0.1375 0.046875
0 0.840625 0.21484375 0.14140625 0.13984375
0 0.24140625 0.3671875 0.0203125 0.0734375
1 0.91328125 0.40703125 0.1734375 0.1578125
1 0.9703125 0.63203125 0.05859375 0.1921875
1 0.17578125 0.59765625 0.23125 0.10390625
0 0.4984375 0.55234375 0.0203125 0.009375
0 0.57578125 0.48203125 0.01640625 0.0078125
0 0.57578125 0.475 0.03125 0.01015625
0 0.4984375 0.54140625 0.04765625 0.0109375
0 0.55859375 0.465625 0.06015625 0.0109375
0 0.6359375 0.4109375 0.01640625 0.00859375
0 0.4375 0.103125 0.03359375 0.01875
0 0.32734375 0.2859375 0.01640625 0.07109375
1 0.19296875 0.54140625 0.19375 0.159375
1 0.16875 0.50234375 0.11875 0.18125
1 0.0609375 0.45390625 0.121875 0.1484375
0 0.0453125 0.45703125 0.08984375 0.121875
0 0.02109375 0.48984375 0.0421875 0.01875
0 0.02109375 0.50859375 0.0421875 0.01484375
0 0.10390625 0.56796875 0.01484375 0.07421875
1 0.8390625 0.6671875 0.01015625 0.00859375
1 0.83671875 0.62265625 0.225 0.1859375
0 0.7578125 0.50625 0.01015625 0.01015625