0 0.1328125 0.64609375 0.03125 0.03125
0 0.0140625 0.56015625 0.02265625 0.040625
0 0.640625 0.5421875 0.01015625 0.00859375
0 0.34609375 0.14765625 0.02109375 0.015625
0 0.84453125 0.371875 0.02890625 0.0265625
0 0.9859375 0.5375 0.01875 0.0171875
0 0.82734375 0.21484375 0.02109375 0.015625
0 0.3296875 0.52421875 0.1578125 0.10625
0 0.7515625 0.6390625 0.09375 0.096875
0 0.2296875 0.46953125 0.09765625 0.05
0 0.08515625 0.29765625 0.1703125 0.128125
0 0.3703125 0.7140625 0.1 0.02734375
1 0.3078125 0.21015625 0.2375 0.1546875
1 0.5921875 0.1296875 0.2625 0.0765625
1 0.684375 0.72265625 0.1765625 0.18828125
0 0.56875 0.4921875 0.01640625 0.015625
0 0.46328125 0.44765625 0.0125 0.01328125
0 0.45390625 0.4484375 0.01875 0.025
0 0.5546875 0.49375 0.02265625 0.0375
0 0.44453125 0.4625 0.025 0.04609375
0 0.359375 0.41484375 0.0140625 0.01328125
0 0.24921875 0.66484375 0.09609375 0.02421875
1 0.6078125 0.71953125 0.2421875 0.1703125
1 0.5609375 0.74453125 0.25859375 0.11875
1 0.51640625 0.83203125 0.21640625 0.11640625
0 0.52265625 0.84375 0.1765625 0.0875
0 0.56953125 0.85546875 0.0328125 0.034375
0 0.5953125 0.8515625 0.02734375 0.03359375
0 0.6578125 0.78046875 0.1 0.02421875
1 0.6609375 0.22109375 0.0125 0.00859375
1 0.6015625 0.23046875 0.2828125 0.1984375
0 0.4640625 0.30859375 0.01484375 0.009375