0 0.77734375 0.32109375 0.075 0.06875
0 0.26328125 0.21875 0.0765625 0.04765625
0 0.36484375 0.578125 0.04609375 0.034375
1 0.6015625 0.7640625 0.2953125 0.1328125
0 0.1453125 0.85390625 0.04375 0.028125
0 0.0546875 0.521875 0.04375 0.034375
0 0.1546875 0.6859375 0.04375 0.03203125
0 0.1296875 0.3578125 0.0421875 0.02421875
0 0.28203125 0.65859375 0.04375 0.03203125
0 0.33515625 0.55 0.0453125 0.02421875
0 0.5796875 0.1859375 0.0453125 0.034375
1 0.3171875 0.846875 0.28984375 0.1296875
0 0.1265625 0.64375 0.0546875 0.0359375
0 0.1578125 0.45546875 0.03984375 0.03203125
0 0.2609375 0.7015625 0.07265625 0.0328125
0 0.3109375 0.52734375 0.0453125 0.021875
0 0.13984375 0.7734375 0.0421875 0.02734375
0 0.39140625 0.3515625 0.03984375 0.025
0 0.5015625 0.32734375 0.0328125 0.02265625
0 0.496875 0.25078125 0.0328125 0.021875
0 0.1 0.53203125 0.0453125 0.03125
0 0.1546875 0.61640625 0.0375 0.028125
1 0.71015625 0.43359375 0.2859375 0.12578125
0 0.56796875 0.28828125 0.01640625 0.009375
0 0.96171875 0.19296875 0.0359375 0.0203125
0 0.9390625 0.29921875 0.0265625 0.0125
0 0.0578125 0.35625 0.02109375 0.01796875
0 0.00625 0.41796875 0.0125 0.0296875
0 0.98515625 0.59921875 0.02734375 0.02265625
0 0.9296875 0.38671875 0.0265625 0.0140625
0 0.8953125 0.6578125 0.02109375 0.015625
0 0.93359375 0.6421875 0.02265625 0.015625
0 0.91171875 0.40078125 0.0265625 0.0125
0 0.86015625 0.6328125 0.0171875 0.0125
0 0.928125 0.54296875 0.01640625 0.01015625
0 0.88203125 0.76875 0.0140625 0.0125
0 0.0046875 0.2453125 0.00859375 0.009375
0 0.59921875 0.48125 0.00859375 0.00625
0 0.70625 0.7421875 0.0609375 0.0359375
0 0.43515625 0.83046875 0.0140625 0.015625
0 0.28828125 0.703125 0.02109375 0.015625