0 0.76171875 0.69140625 0.09765625 0.06171875
0 0.853125 0.2984375 0.0703125 0.0609375
0 0.38515625 0.40546875 0.05 0.0375
1 0.1578125 0.59921875 0.20234375 0.23125
0 0.009375 0.265625 0.01875 0.034375
0 0.4328125 0.16953125 0.05 0.0359375
0 0.22265625 0.2578125 0.04609375 0.0359375
0 0.65625 0.21171875 0.0359375 0.03359375
0 0.2703125 0.35078125 0.04609375 0.0359375
0 0.41953125 0.38125 0.0359375 0.0359375
0 0.92421875 0.53203125 0.05 0.03671875
1 0.06015625 0.39140625 0.1203125 0.225
0 0.2765625 0.23359375 0.05234375 0.04375
0 0.5296875 0.240625 0.04609375 0.0328125
0 0.2109375 0.3390625 0.05 0.05703125
0 0.44765625 0.3609375 0.0328125 0.0359375
0 0.1046875 0.2546875 0.03984375 0.03359375
0 0.6875 0.40546875 0.0375 0.03203125
0 0.7296875 0.4859375 0.0328125 0.0265625
0 0.83125 0.47578125 0.03125 0.0265625
0 0.42265625 0.20390625 0.0453125 0.03671875
0 0.31484375 0.25234375 0.04140625 0.03125
1 0.60703125 0.65078125 0.19140625 0.225
0 0.78671875 0.53203125 0.0140625 0.01328125
0 0.9484375 0.81796875 0.0296875 0.02890625
0 0.8046875 0.8109375 0.01875 0.0203125
0 0.6515625 0.1578125 0.025 0.01796875
0 0.565625 0.12421875 0.04140625 0.0125
0 0.4109375 0.8703125 0.0328125 0.02265625
0 0.68828125 0.8109375 0.02109375 0.0203125
0 0.325 0.809375 0.02265625 0.0171875
0 0.3484375 0.83671875 0.0234375 0.01796875
0 0.66796875 0.79921875 0.01875 0.0203125
0 0.3546875 0.78046875 0.0171875 0.0140625
0 0.4796875 0.8234375 0.01484375 0.01328125
0 0.17578125 0.80859375 0.0171875 0.0109375
0 0.7953125 0.1078125 0.0140625 0.0078125
0 0.53359375 0.57265625 0.01015625 0.00859375
0 0.196875 0.675 0.05234375 0.0484375
0 0.05546875 0.48046875 0.02265625 0.0109375
0 0.21171875 0.359375 0.02265625 0.0171875