0 0.31484375 0.1875 0.14140625 0.08515625
0 0.7890625 0.6609375 0.1171875 0.059375
0 0.88125 0.2234375 0.10859375 0.0625
0 0.38359375 0.42421875 0.0875 0.0484375
0 0.028125 0.56328125 0.05625 0.03984375
0 0.11796875 0.575 0.0734375 0.0390625
0 0.5703125 0.6515625 0.0640625 0.03125
0 0.2546875 0.5171875 0.06015625 0.03203125
0 0.8328125 0.53671875 0.0859375 0.03828125
0 0.17109375 0.49609375 0.07109375 0.04140625
0 0.8171875 0.49921875 0.1546875 0.05
0 0.3109375 0.42109375 0.06484375 0.0390625
0 0.57265625 0.4265625 0.06875 0.04140625
0 0.3703125 0.37734375 0.05234375 0.03203125
0 0.48203125 0.33671875 0.0671875 0.0296875
0 0.253125 0.70703125 0.0765625 0.04921875
0 0.71640625 0.61015625 0.0734375 0.03125
0 0.23125 0.4890625 0.05234375 0.02734375
0 0.9453125 0.2765625 0.0671875 0.034375
0 0.1203125 0.5203125 0.09609375 0.03046875
0 0.303125 0.69609375 0.0515625 0.028125
0 0.3390625 0.7 0.04765625 0.02734375
0 0.60390625 0.3125 0.0453125 0.025
0 0.790625 0.34453125 0.03359375 0.0109375
0 0.97421875 0.34296875 0.04140625 0.0203125
0 0.9640625 0.33671875 0.0328125 0.01796875
0 0.771875 0.35234375 0.0359375 0.0109375
0 0.3375 0.39765625 0.0421875 0.025
0 0.0671875 0.56796875 0.04140625 0.02109375
0 0.28203125 0.453125 0.03984375 0.02265625
0 0.2140625 0.5875 0.04140625 0.02109375
0 0.26640625 0.43984375 0.0390625 0.01953125
0 0.1796875 0.63046875 0.0234375 0.01171875
0 0.3921875 0.63125 0.03359375 0.01875
0 0.59140625 0.4375 0.0234375 0.0171875
0 0.4171875 0.63671875 0.0359375 0.02109375
0 0.9109375 0.57421875 0.02890625 0.01640625
0 0.365625 0.68046875 0.03515625 0.02578125
1 0.1484375 0.76015625 0.29609375 0.1171875
0 0.0765625 0.1953125 0.01640625 0.02578125
0 0.78515625 0.265625 0.04765625 0.02421875
0 0.1234375 0.5203125 0.02734375 0.0078125
0 0.32421875 0.18515625 0.11015625 0.05390625
0 0.55859375 0.6546875 0.02109375 0.0109375