0 0.2390625 0.20546875 0.1234375 0.07578125
0 0.82578125 0.63671875 0.10625 0.0515625
0 0.809375 0.196875 0.09609375 0.05546875
0 0.36640625 0.434375 0.07734375 0.04296875
0 0.0359375 0.6 0.071875 0.034375
0 0.140625 0.60390625 0.06640625 0.03359375
0 0.6078125 0.64453125 0.0578125 0.0265625
0 0.26171875 0.5359375 0.05390625 0.02734375
0 0.83828125 0.5109375 0.07890625 0.03203125
0 0.1734375 0.521875 0.0625 0.0375
0 0.8140625 0.47421875 0.14609375 0.0390625
0 0.29375 0.43671875 0.0578125 0.034375
0 0.55390625 0.421875 0.06015625 0.0375
0 0.340625 0.38828125 0.04609375 0.02890625
0 0.4421875 0.33984375 0.0609375 0.025
0 0.30703125 0.72421875 0.06640625 0.04453125
0 0.74140625 0.5921875 0.0671875 0.02578125
0 0.23125 0.51015625 0.04765625 0.02421875
0 0.8859375 0.24375 0.06015625 0.03046875
0 0.1296875 0.54921875 0.09140625 0.0234375
0 0.35390625 0.709375 0.0453125 0.025
0 0.96484375 0.153125 0.05234375 0.025
0 0.390625 0.7109375 0.04140625 0.025
0 0.55625 0.30625 0.03984375 0.021875
0 0.74921875 0.3234375 0.0328125 0.00859375
0 0.93125 0.3078125 0.0375 0.01796875
0 0.91953125 0.3015625 0.02890625 0.015625
0 0.7328125 0.33203125 0.03515625 0.0078125
0 0.3140625 0.4109375 0.0375 0.021875
0 0.0890625 0.6015625 0.0375 0.01796875
0 0.27265625 0.4703125 0.03515625 0.01953125
0 0.2390625 0.609375 0.0375 0.01796875
0 0.25390625 0.459375 0.03515625 0.0171875
0 0.215625 0.6546875 0.02109375 0.0109375
0 0.4265625 0.63828125 0.0296875 0.0171875
0 0.575 0.43125 0.0203125 0.015625
0 0.4515625 0.64140625 0.03125 0.01875
0 0.925 0.540625 0.025 0.0140625
0 0.4109375 0.6890625 0.0296875 0.02421875
1 0.1859375 0.7875 0.3375 0.0921875
0 0.0046875 0.23125 0.009375 0.025
0 0.72421875 0.2453125 0.0421875 0.02109375
0 0.1328125 0.54921875 0.0265625 0.00546875
0 0.2484375 0.2015625 0.0984375 0.046875
0 0.59609375 0.6484375 0.01875 0.01015625