0 0.2578125 0.20078125 0.12890625 0.078125
0 0.8171875 0.64296875 0.10859375 0.053125
0 0.828125 0.203125 0.1 0.0578125
0 0.3703125 0.43203125 0.0796875 0.04453125
0 0.03359375 0.59140625 0.0671875 0.0359375
0 0.134375 0.596875 0.06875 0.03515625
0 0.5984375 0.646875 0.05859375 0.028125
0 0.26015625 0.53203125 0.0546875 0.028125
0 0.8375 0.5171875 0.08125 0.03359375
0 0.17265625 0.515625 0.06484375 0.0390625
0 0.815625 0.48046875 0.1484375 0.04140625
0 0.2984375 0.4328125 0.06015625 0.0359375
0 0.55859375 0.42265625 0.0625 0.0390625
0 0.34765625 0.38515625 0.04765625 0.0296875
0 0.4515625 0.33828125 0.0625 0.0265625
0 0.29296875 0.7203125 0.06875 0.04609375
0 0.7359375 0.596875 0.06875 0.02734375
0 0.23046875 0.5046875 0.0484375 0.025
0 0.9015625 0.2515625 0.0609375 0.03203125
0 0.1265625 0.5421875 0.0921875 0.025
0 0.340625 0.70625 0.04609375 0.025
0 0.97890625 0.1625 0.0421875 0.025
0 0.37734375 0.70859375 0.0421875 0.025
0 0.56796875 0.30703125 0.04140625 0.02265625
0 0.76015625 0.328125 0.0328125 0.009375
0 0.94296875 0.31640625 0.0390625 0.01796875
0 0.93125 0.31015625 0.0296875 0.01640625
0 0.7421875 0.33671875 0.03515625 0.00859375
0 0.31953125 0.4078125 0.0390625 0.02265625
0 0.0828125 0.59296875 0.0390625 0.01875
0 0.27421875 0.465625 0.0359375 0.0203125
0 0.23203125 0.60390625 0.0390625 0.01875
0 0.25625 0.45390625 0.0359375 0.01796875
0 0.20625 0.6484375 0.02265625 0.0109375
0 0.4171875 0.6375 0.03125 0.01796875
0 0.5796875 0.4328125 0.02109375 0.01640625
0 0.44296875 0.640625 0.0328125 0.01953125
0 0.92265625 0.54921875 0.0265625 0.01484375
0 0.39921875 0.6875 0.03125 0.025
1 0.1703125 0.78046875 0.33984375 0.0984375
0 0.021875 0.221875 0.0109375 0.025
0 0.73984375 0.25 0.04375 0.021875
0 0.1296875 0.5421875 0.0265625 0.00625
0 0.2671875 0.196875 0.1015625 0.04921875
0 0.58671875 0.65 0.01875 0.0109375