0 0.0671875 0.31953125 0.02734375 0.02265625
0 0.1921875 0.21953125 0.0359375 0.021875
0 0.05859375 0.23125 0.0328125 0.01796875
0 0.28046875 0.2625 0.03125 0.015625
0 0.60390625 0.1421875 0.0296875 0.028125
0 0.44140625 0.30703125 0.0375 0.025
0 0.65390625 0.27109375 0.0125 0.01015625
0 0.86953125 0.1546875 0.03125 0.03359375
0 0.715625 0.1671875 0.03359375 0.0234375
0 0.93359375 0.1359375 0.03515625 0.028125
0 0.95390625 0.2015625 0.0375 0.028125
0 0.32421875 0.39296875 0.04140625 0.0375
0 0.10703125 0.36484375 0.03125 0.02734375
0 0.1390625 0.34921875 0.03359375 0.02734375
0 0.2609375 0.62109375 0.01640625 0.01015625
0 0.325 0.6 0.0125 0.0125
0 0.1515625 0.48984375 0.025 0.0109375
0 0.31484375 0.5046875 0.0125 0.00859375
0 0.38828125 0.58046875 0.0140625 0.009375
0 0.46953125 0.64453125 0.01640625 0.01484375
0 0.375 0.69609375 0.01484375 0.01015625
1 0.64921875 0.45390625 0.20859375 0.16953125
1 0.79453125 0.48671875 0.22109375 0.17265625
1 0.5546875 0.5953125 0.18515625 0.14140625
1 0.07421875 0.68203125 0.1484375 0.1203125
1 0.253125 0.78046875 0.1546875 0.1203125
0 0.91953125 0.40078125 0.0484375 0.04765625
0 0.39765625 0.43203125 0.05 0.046875
0 0.96171875 0.43359375 0.0359375 0.0359375
0 0.24375 0.45234375 0.0328125 0.0484375
0 0.4953125 0.7984375 0.05390625 0.0578125
0 0.49296875 0.390625 0.04375 0.04140625
0 0.284375 0.465625 0.03359375 0.05078125
0 0.66875 0.79765625 0.0546875 0.05703125
0 0.8203125 0.5765625 0.1625 0.0125
0 0.6296875 0.44921875 0.025 0.03203125
0 0.60234375 0.4578125 0.05234375 0.0390625
0 0.4578125 0.63984375 0.01015625 0.009375