0 0.69453125 0.15859375 0.0328125 0.02265625
0 0.8390625 0.240625 0.0328125 0.02890625
0 0.8109375 0.14296875 0.02734375 0.0265625
0 0.7921875 0.31171875 0.025 0.025
0 0.98203125 0.5390625 0.0359375 0.025
0 0.75 0.4359375 0.0375 0.03125
0 0.81953125 0.590625 0.01484375 0.01015625
0 0.9859375 0.7390625 0.02734375 0.02734375
0 0.9640625 0.62578125 0.03515625 0.02734375
0 0.94296875 0.80703125 0.04140625 0.03125
0 0.6234375 0.3578125 0.05390625 0.034375
0 0.63828125 0.19296875 0.0390625 0.0265625
0 0.6625 0.215625 0.03984375 0.028125
0 0.3140625 0.334375 0.01484375 0.01328125
0 0.3484375 0.3796875 0.0171875 0.01015625
0 0.4765625 0.2390625 0.0171875 0.01953125
0 0.47421875 0.3625 0.0125 0.01015625
0 0.38203125 0.425 0.0140625 0.0109375
0 0.3046875 0.4921875 0.02109375 0.0140625
0 0.2265625 0.42734375 0.01484375 0.0125
1 0.5765625 0.60625 0.24609375 0.1734375
1 0.5484375 0.71796875 0.2515625 0.1828125
1 0.3796875 0.55078125 0.2078125 0.153125
1 0.2140625 0.2015625 0.175 0.1234375
1 0.1015625 0.3453125 0.175 0.128125
0 0.67578125 0.80234375 0.06875 0.04140625
0 0.5796875 0.41640625 0.0671875 0.0421875
0 0.6359375 0.8375 0.0515625 0.03125
0 0.5359375 0.30390625 0.0671875 0.02890625
0 0.10390625 0.528125 0.0828125 0.04609375
0 0.64453125 0.48359375 0.05859375 0.03671875
0 0.5234375 0.33515625 0.07109375 0.0296875
0 0.12265625 0.65703125 0.08125 0.046875
0 0.43203125 0.74609375 0.03359375 0.12265625
0 0.58046875 0.59140625 0.0453125 0.021875
0 0.5671875 0.571875 0.0578125 0.04296875
0 0.31015625 0.48359375 0.0140625 0.00859375