0 0.86484375 0.6703125 0.03515625 0.0328125
0 0.9015625 0.6875 0.0296875 0.025
0 0.4375 0.69921875 0.04140625 0.0265625
0 0.40234375 0.71171875 0.0375 0.025
0 0.45625 0.7234375 0.0296875 0.028125
0 0.9859375 0.4 0.01640625 0.02421875
0 0.68984375 0.584375 0.0234375 0.0171875
0 0.9828125 0.3546875 0.01640625 0.01796875
0 0.6390625 0.428125 0.03984375 0.0265625
0 0.52578125 0.3875 0.03359375 0.02265625
0 0.59921875 0.6125 0.02109375 0.0203125
0 0.4328125 0.59765625 0.02265625 0.02421875
0 0.4078125 0.44140625 0.01484375 0.0125
0 0.50234375 0.371875 0.0390625 0.0171875
0 0.5109375 0.509375 0.02890625 0.0234375
0 0.4859375 0.5734375 0.03125 0.01875
0 0.5703125 0.5328125 0.025 0.03203125
0 0.534375 0.5453125 0.02734375 0.03359375
0 0.3515625 0.36640625 0.0171875 0.0125
0 0.61796875 0.50390625 0.0109375 0.0171875
0 0.4296875 0.35859375 0.01875 0.03828125
0 0.23359375 0.6125 0.03125 0.025
0 0.3046875 0.6640625 0.05 0.02421875
0 0.1109375 0.3640625 0.03515625 0.01484375
0 0.2421875 0.41484375 0.01875 0.009375
0 0.9171875 0.1984375 0.01640625 0.0109375
0 0.5484375 0.32109375 0.0640625 0.0171875
0 0.56640625 0.28828125 0.025 0.009375
0 0.40546875 0.25 0.02109375 0.01484375
0 0.18671875 0.340625 0.0203125 0.0109375
0 0.03984375 0.3515625 0.0796875 0.05625
0 0.7765625 0.6515625 0.05859375 0.06640625
0 0.25703125 0.503125 0.075 0.05546875
0 0.96796875 0.53359375 0.0640625 0.06875
0 0.8078125 0.26484375 0.12109375 0.04765625
0 0.15703125 0.4703125 0.0765625 0.040625
0 0.34140625 0.56796875 0.06484375 0.05546875
0 0.62578125 0.3578125 0.04609375 0.03671875
0 0.29140625 0.284375 0.08125 0.03671875
0 0.57109375 0.63046875 0.04375 0.034375
0 0.97265625 0.4515625 0.0546875 0.07109375
0 0.67421875 0.4203125 0.04609375 0.0546875
0 0.18671875 0.5125 0.0671875 0.046875
0 0.3046875 0.66796875 0.05 0.03203125
0 0.2484375 0.3578125 0.0390625 0.05
0 0.2140625 0.53359375 0.0671875 0.0546875
0 0.11640625 0.3796875 0.05 0.03671875
0 0.928125 0.26015625 0.05 0.02890625
0 0.40546875 0.58046875 0.06015625 0.04609375
0 0.78046875 0.23359375 0.0734375 0.02734375
0 0.19140625 0.421875 0.07265625 0.05546875
0 0.4453125 0.353125 0.0265625 0.0296875
0 0.5890625 0.36328125 0.06640625 0.0328125
0 0.32578125 0.64453125 0.04375 0.0375
1 0.56484375 0.4671875 0.2234375 0.0625
0 0.590625 0.54375 0.0203125 0.03125
0 0.61015625 0.43984375 0.02734375 0.0046875
0 0.6046875 0.4328125 0.03984375 0.015625
0 0.49453125 0.4375 0.03984375 0.01328125
0 0.4765625 0.4203125 0.0578125 0.01328125
0 0.4796875 0.3546875 0.0640625 0.015625
0 0.57265625 0.35234375 0.0609375 0.015625
0 0.715625 0.46875 0.0609375 0.01875
0 0.96875 0.30546875 0.02109375 0.015625
0 0.9953125 0.5203125 0.00859375 0.03359375
1 0.675 0.553125 0.1484375 0.13125
0 0.3125 0.44921875 0.0078125 0.01015625
1 0.3765625 0.47890625 0.14765625 0.134375
1 0.32890625 0.36796875 0.13515625 0.12734375
0 0.22890625 0.409375 0.01640625 0.0109375
0 0.0109375 0.3109375 0.021875 0.0375
0 0.1296875 0.25390625 0.00625 0.0046875
0 0.3828125 0.2375 0.01015625 0.00625