0 0.8203125 0.71484375 0.0375 0.034375
0 0.85234375 0.73671875 0.0328125 0.02734375
0 0.3921875 0.68828125 0.04375 0.028125
0 0.3546875 0.69609375 0.03984375 0.02734375
0 0.4046875 0.7140625 0.0328125 0.0296875
0 0.99609375 0.46484375 0.0078125 0.02421875
0 0.6671875 0.6078125 0.025 0.01796875
0 0.65390625 0.44765625 0.0421875 0.028125
0 0.5515625 0.3921875 0.0359375 0.02421875
0 0.571875 0.6234375 0.02265625 0.021875
0 0.4109375 0.5875 0.025 0.025
0 0.42265625 0.43046875 0.01484375 0.0125
0 0.53203125 0.37421875 0.03984375 0.01875
0 0.5078125 0.5109375 0.03125 0.025
0 0.46953125 0.57109375 0.0328125 0.0203125
0 0.5609375 0.54140625 0.02734375 0.0328125
0 0.5234375 0.54921875 0.0296875 0.034375
0 0.384375 0.34921875 0.0171875 0.0125
0 0.61484375 0.51953125 0.0125 0.01796875
0 0.46328125 0.3515625 0.02265625 0.03828125
0 0.21171875 0.57578125 0.03359375 0.02734375
0 0.26953125 0.6359375 0.05234375 0.02734375
0 0.1484375 0.315625 0.0359375 0.0171875
0 0.265625 0.3828125 0.0203125 0.01015625
0 0.98046875 0.25703125 0.01640625 0.0109375
0 0.5890625 0.33046875 0.0640625 0.01953125
0 0.6140625 0.3 0.0265625 0.01015625
0 0.46484375 0.24140625 0.02265625 0.015625
0 0.228125 0.30234375 0.0203125 0.0125
0 0.08125 0.29453125 0.0859375 0.06015625
0 0.7375 0.68515625 0.0640625 0.06953125
0 0.259375 0.471875 0.07890625 0.059375
0 0.95625 0.59453125 0.0734375 0.07109375
0 0.8578125 0.30859375 0.125 0.053125
0 0.16875 0.42578125 0.07890625 0.04375
0 0.328125 0.54609375 0.0703125 0.059375
0 0.65703125 0.3765625 0.0484375 0.03828125
0 0.34453125 0.26015625 0.08359375 0.040625
0 0.53984375 0.63828125 0.04609375 0.03671875
0 0.97265625 0.51328125 0.0546875 0.0734375
0 0.690625 0.44453125 0.0515625 0.05625
0 0.1890625 0.47109375 0.07109375 0.05
0 0.26953125 0.63984375 0.05234375 0.03359375
0 0.28515625 0.3265625 0.0421875 0.0515625
0 0.2109375 0.49609375 0.07109375 0.05703125
0 0.15 0.33203125 0.05234375 0.03828125
0 0.975 0.31953125 0.05 0.03203125
0 0.38828125 0.5671875 0.0640625 0.0484375
0 0.83828125 0.2734375 0.0765625 0.03125
0 0.2140625 0.38203125 0.0765625 0.0578125
0 0.4796875 0.3484375 0.02890625 0.03125
0 0.61875 0.37734375 0.06875 0.0359375
0 0.29453125 0.61953125 0.04609375 0.0390625
1 0.57109375 0.4765625 0.22734375 0.07421875
0 0.5796875 0.5546875 0.02265625 0.03125
0 0.621875 0.4546875 0.02734375 0.00625
0 0.61796875 0.446875 0.04140625 0.01796875
0 0.50859375 0.43828125 0.03984375 0.01484375
0 0.4953125 0.41875 0.0578125 0.015625
0 0.5140625 0.35390625 0.0640625 0.01875
0 0.60546875 0.36328125 0.0609375 0.01953125
0 0.71953125 0.496875 0.0625 0.02265625
0 0.99765625 0.36953125 0.0046875 0.0171875
0 0.9859375 0.58515625 0.0140625 0.034375
0 0.9734375 0.67109375 0.0078125 0.0125
1 0.66015625 0.57578125 0.15859375 0.1375
0 0.3265625 0.42578125 0.0078125 0.0109375
1 0.38359375 0.46328125 0.15859375 0.140625
1 0.36171875 0.34765625 0.1453125 0.1328125
0 0.25390625 0.375 0.01640625 0.0109375
0 0.0546875 0.25 0.03984375 0.03828125
0 0.1921875 0.209375 0.0078125 0.00546875
0 0.4453125 0.2265625 0.0109375 0.0078125