0 0.14765625 0.315625 0.0328125 0.03203125
0 0.11171875 0.296875 0.02890625 0.02421875
0 0.5765625 0.30390625 0.03984375 0.02421875
0 0.61171875 0.2921875 0.0359375 0.02421875
0 0.559375 0.27890625 0.02890625 0.02734375
0 0.0078125 0.58046875 0.01484375 0.0234375
0 0.31640625 0.4078125 0.02265625 0.015625
0 0.0078125 0.62578125 0.01484375 0.0171875
0 0.35546875 0.56640625 0.0390625 0.02421875
0 0.46640625 0.61171875 0.0328125 0.021875
0 0.40859375 0.38359375 0.0203125 0.01953125
0 0.57421875 0.40546875 0.02109375 0.0234375
0 0.58828125 0.5625 0.0140625 0.0109375
0 0.4890625 0.628125 0.0375 0.01484375
0 0.48984375 0.48984375 0.02734375 0.02265625
0 0.51875 0.4265625 0.0296875 0.01796875
0 0.4328125 0.4640625 0.02265625 0.03125
0 0.46875 0.453125 0.025 0.0328125
0 0.6390625 0.6390625 0.01640625 0.0109375
0 0.3828125 0.49140625 0.01015625 0.0171875
0 0.5609375 0.64375 0.01640625 0.0375
0 0.7734375 0.3984375 0.0296875 0.02421875
0 0.70703125 0.34375 0.0484375 0.02265625
0 0.8796875 0.65078125 0.03359375 0.0140625
0 0.7515625 0.59453125 0.01875 0.00859375
0 0.0625 0.78515625 0.01484375 0.01015625
0 0.4390625 0.6765625 0.0625 0.0140625
0 0.41875 0.709375 0.025 0.00859375
0 0.5765625 0.753125 0.0203125 0.0140625
0 0.8015625 0.671875 0.01875 0.01015625
0 0.94921875 0.665625 0.07890625 0.053125
0 0.234375 0.3375 0.05390625 0.06484375
0 0.74296875 0.50625 0.07109375 0.05234375
0 0.03203125 0.44765625 0.0640625 0.065625
0 0.17578125 0.72265625 0.11875 0.04296875
0 0.840625 0.54375 0.0734375 0.0375
0 0.66328125 0.43828125 0.0609375 0.053125
0 0.3640625 0.63671875 0.04375 0.034375
0 0.69296875 0.7234375 0.07890625 0.03359375
0 0.43828125 0.36640625 0.04140625 0.0328125
0 0.025 0.5296875 0.05 0.06953125
0 0.3203125 0.57265625 0.0421875 0.05234375
0 0.8140625 0.5 0.06484375 0.04375
0 0.70625 0.33984375 0.04765625 0.0296875
0 0.74140625 0.65234375 0.03515625 0.0484375
0 0.78828125 0.47734375 0.0640625 0.0515625
0 0.875 0.63515625 0.04765625 0.034375
0 0.05546875 0.721875 0.0484375 0.02734375
0 0.6 0.4234375 0.0578125 0.04375
0 0.2015625 0.75546875 0.07265625 0.02421875
0 0.803125 0.590625 0.06875 0.05234375
0 0.54453125 0.64921875 0.0234375 0.02890625
0 0.4015625 0.6328125 0.0640625 0.0296875
0 0.684375 0.3625 0.04140625 0.0359375
1 0.4328125 0.5296875 0.2203125 0.0546875
0 0.4125 0.453125 0.0171875 0.0296875
0 0.3859375 0.55546875 0.02734375 0.00390625
0 0.39140625 0.56328125 0.0390625 0.0140625
0 0.5015625 0.5625 0.0390625 0.0109375
0 0.5171875 0.58046875 0.05625 0.0109375
0 0.51015625 0.64609375 0.0625 0.01328125
0 0.4171875 0.64453125 0.06015625 0.0140625
0 0.2828125 0.52265625 0.06015625 0.0171875
0 0.01796875 0.67578125 0.0203125 0.01484375
0 0.0046875 0.459375 0.00859375 0.03359375
0 0.00234375 0.3734375 0.0046875 0.0125
1 0.32890625 0.43984375 0.13984375 0.12578125
0 0.68359375 0.5578125 0.00625 0.01015625
1 0.62109375 0.52578125 0.1390625 0.128125
1 0.66171875 0.6390625 0.1265625 0.12265625
0 0.7640625 0.6015625 0.01484375 0.01015625
0 0.98203125 0.70703125 0.0359375 0.0359375
0 0.853125 0.76015625 0.00625 0.0046875
0 0.5984375 0.76640625 0.01015625 0.00625