0 0.46328125 0.140625 0.03359375 0.0171875
0 0.3484375 0.17421875 0.0328125 0.01953125
0 0.61015625 0.13984375 0.0203125 0.01875
0 0.9546875 0.18671875 0.0390625 0.0265625
0 0.88671875 0.23359375 0.0234375 0.0203125
0 0.8390625 0.16328125 0.03359375 0.025
0 0.7203125 0.24609375 0.0171875 0.01796875
0 0.91015625 0.475 0.0296875 0.0234375
0 0.98671875 0.57578125 0.0234375 0.02734375
0 0.80390625 0.44921875 0.0296875 0.025
0 0.8796875 0.57578125 0.0359375 0.025
0 0.74296875 0.60546875 0.0390625 0.0203125
0 0.85 0.63203125 0.03984375 0.0203125
0 0.9234375 0.65703125 0.0171875 0.0109375
0 0.8859375 0.6296875 0.01640625 0.01328125
0 0.7765625 0.55 0.01484375 0.01328125
0 0.70390625 0.52578125 0.0203125 0.0109375
0 0.86796875 0.42109375 0.01640625 0.0125
0 0.1421875 0.81875 0.0125 0.0109375
0 0.8921875 0.71484375 0.0375 0.025
1 0.221875 0.12265625 0.10859375 0.078125
1 0.2890625 0.6140625 0.15625 0.17734375
0 0.70078125 0.4828125 0.1015625 0.06171875
1 0.47421875 0.71484375 0.1703125 0.1734375
0 0.30078125 0.24921875 0.0484375 0.09453125
0 0.96015625 0.35 0.06015625 0.0703125
0 0.6265625 0.4171875 0.0984375 0.0578125
0 0.63828125 0.53515625 0.04375 0.0296875
0 0.634375 0.24375 0.0234375 0.0234375
0 0.53515625 0.2140625 0.0390625 0.03125
0 0.684375 0.10390625 0.02265625 0.01015625
0 0.7515625 0.13828125 0.0390625 0.021875
0 0.7890625 0.23125 0.0390625 0.028125
0 0.80234375 0.27734375 0.0359375 0.03125
0 0.86484375 0.31484375 0.04375 0.0296875
0 0.6984375 0.421875 0.01484375 0.0125
0 0.640625 0.5125 0.02734375 0.0140625
0 0.99453125 0.709375 0.0109375 0.0125
0 0.8296875 0.79921875 0.0375 0.02265625
0 0.1484375 0.63828125 0.0078125 0.009375
0 0.16015625 0.4359375 0.0125 0.01484375