0 0.478125 0.86015625 0.0359375 0.01953125
0 0.596875 0.8375 0.03515625 0.02265625
0 0.3328125 0.84765625 0.02265625 0.0203125
0 0.009375 0.76953125 0.01875 0.0296875
0 0.07265625 0.72890625 0.02734375 0.02265625
0 0.10859375 0.80234375 0.0375 0.028125
0 0.240625 0.73203125 0.0203125 0.01953125
0 0.0890625 0.4875 0.03359375 0.0265625
0 0.0296875 0.3796875 0.02734375 0.02890625
0 0.18984375 0.52265625 0.03359375 0.028125
0 0.1359375 0.38984375 0.03984375 0.028125
0 0.27578125 0.37265625 0.04140625 0.02421875
0 0.1734375 0.3375 0.0421875 0.02421875
0 0.1046875 0.30546875 0.01875 0.01328125
0 0.13828125 0.3359375 0.01875 0.0140625
0 0.23359375 0.425 0.0171875 0.0140625
0 0.3015625 0.45625 0.02109375 0.01328125
0 0.121875 0.54453125 0.0171875 0.01328125
0 0.90703125 0.21640625 0.0140625 0.0125
0 0.1453125 0.25078125 0.04140625 0.028125
1 0.7140625 0.9 0.1203125 0.0875
1 0.72734375 0.40546875 0.18359375 0.190625
0 0.2984375 0.49921875 0.11015625 0.0703125
1 0.5609375 0.28828125 0.19765625 0.1875
0 0.65703125 0.7671875 0.0640625 0.0984375
0 0.0265625 0.60625 0.053125 0.075
0 0.3609375 0.57109375 0.1078125 0.06640625
0 0.36875 0.45234375 0.0484375 0.03359375
0 0.325 0.7421875 0.02734375 0.025
0 0.41875 0.78046875 0.04375 0.034375
0 0.25234375 0.8765625 0.0234375 0.0125
0 0.19140625 0.8359375 0.0421875 0.025
0 0.1703125 0.73984375 0.0421875 0.03203125
0 0.1640625 0.69296875 0.04140625 0.03359375
0 0.1078125 0.65078125 0.0484375 0.03359375
0 0.28984375 0.559375 0.01640625 0.01328125
0 0.3625 0.475 0.0296875 0.0171875
0 0.04296875 0.246875 0.0140625 0.01328125
0 0.22109375 0.17265625 0.04140625 0.025
0 0.871875 0.3953125 0.00859375 0.01015625
0 0.8265625 0.59453125 0.01484375 0.015625