0 0.5296875 0.13984375 0.0359375 0.0203125
0 0.4109375 0.1609375 0.0359375 0.02265625
0 0.67578125 0.1546875 0.0234375 0.0203125
0 0.99296875 0.2375 0.0140625 0.0296875
0 0.9328125 0.2765625 0.02734375 0.02265625
0 0.8984375 0.20234375 0.0375 0.028125
0 0.76484375 0.27109375 0.02109375 0.01953125
0 0.9109375 0.51796875 0.03359375 0.0265625
0 0.96796875 0.62578125 0.02890625 0.02890625
0 0.81015625 0.48203125 0.03515625 0.028125
0 0.86171875 0.61484375 0.03984375 0.02890625
0 0.72109375 0.6296875 0.0421875 0.02421875
0 0.821875 0.6671875 0.04375 0.02421875
0 0.890625 0.7 0.0203125 0.01328125
0 0.8578125 0.66875 0.01875 0.01484375
0 0.7640625 0.578125 0.0171875 0.01484375
0 0.696875 0.546875 0.02265625 0.01328125
0 0.8796875 0.4609375 0.01875 0.0140625
0 0.08671875 0.77890625 0.01484375 0.0125
0 0.8484375 0.753125 0.04140625 0.02890625
1 0.2953125 0.096875 0.12265625 0.08828125
1 0.2703125 0.59140625 0.1875 0.1921875
0 0.7015625 0.50390625 0.1109375 0.071875
1 0.43515625 0.71015625 0.2 0.1890625
0 0.34921875 0.23046875 0.06640625 0.0984375
0 0.97265625 0.39921875 0.0546875 0.0765625
0 0.64140625 0.43125 0.10859375 0.0671875
0 0.6296875 0.54921875 0.0484375 0.034375
0 0.68046875 0.26015625 0.02734375 0.025
0 0.5875 0.22109375 0.04375 0.034375
0 0.75625 0.1265625 0.0234375 0.0125
0 0.8171875 0.16796875 0.0421875 0.025
0 0.8359375 0.2640625 0.04375 0.03203125
0 0.840625 0.3109375 0.04140625 0.034375
0 0.8953125 0.3546875 0.0484375 0.034375
0 0.7109375 0.44296875 0.0171875 0.0140625
0 0.63671875 0.5265625 0.0296875 0.0171875
0 0.95078125 0.759375 0.0140625 0.01328125
0 0.77109375 0.83046875 0.04140625 0.0265625
0 0.12578125 0.6 0.00859375 0.01015625
0 0.175 0.4015625 0.01484375 0.015625