0 0.35546875 0.71171875 0.0296875 0.0171875
0 0.4078125 0.86640625 0.02734375 0.01484375
0 0.67265625 0.65546875 0.01875 0.0171875
0 0.48359375 0.43125 0.01015625 0.009375
0 0.35390625 0.52734375 0.02265625 0.01484375
0 0.48203125 0.22109375 0.03359375 0.02890625
0 0.4796875 0.17265625 0.03515625 0.0296875
0 0.3328125 0.3125 0.02734375 0.03125
0 0.83984375 0.75546875 0.0296875 0.0203125
0 0.9453125 0.7828125 0.03359375 0.0203125
0 0.72734375 0.78203125 0.0234375 0.0171875
0 0.8265625 0.70390625 0.02265625 0.01328125
0 0.99140625 0.7109375 0.0078125 0.0125
0 0.8515625 0.39765625 0.03984375 0.02265625
1 0.34296875 0.58984375 0.32265625 0.190625
0 0.6921875 0.23828125 0.0578125 0.10703125
1 0.0171875 0.4921875 0.03359375 0.0609375
1 0.2484375 0.62890625 0.3359375 0.11875
0 0.1515625 0.2109375 0.05 0.04296875
0 0.5265625 0.72421875 0.09765625 0.0515625
1 0.72265625 0.17265625 0.06484375 0.04609375
0 0.7484375 0.56953125 0.05390625 0.02421875
1 0.2765625 0.5109375 0.05859375 0.034375
1 0.6171875 0.446875 0.0703125 0.0453125
0 0.24375 0.14296875 0.04375 0.0375
1 0.1578125 0.5765625 0.0609375 0.04609375
1 0.40703125 0.5765625 0.05234375 0.0375
0 0.53046875 0.684375 0.0484375 0.0421875
0 0.5734375 0.69921875 0.04765625 0.04140625
0 0.1171875 0.4453125 0.0203125 0.01875
0 0.4609375 0.63359375 0.01875 0.0140625
0 0.478125 0.646875 0.02265625 0.0171875
0 0.653125 0.67734375 0.00859375 0.0078125
0 0.6453125 0.6828125 0.02265625 0.0171875
0 0.71796875 0.79296875 0.0234375 0.0171875
1 0.6625 0.196875 0.0671875 0.06171875
1 0.9171875 0.15546875 0.15859375 0.05078125