0 0.21484375 0.3953125 0.02265625 0.02265625
0 0.01015625 0.4375 0.0203125 0.0203125
0 0.29609375 0.63203125 0.02265625 0.0140625
0 0.59140625 0.48671875 0.0125 0.0078125
0 0.4609375 0.390625 0.0203125 0.0171875
0 0.871875 0.48203125 0.0390625 0.02421875
0 0.9359375 0.4796875 0.03984375 0.025
0 0.746875 0.371875 0.04140625 0.01953125
0 0.16484375 0.759375 0.02734375 0.02265625
0 0.13125 0.83828125 0.02734375 0.025
0 0.12734375 0.675 0.02265625 0.01796875
0 0.23359375 0.74921875 0.0171875 0.0171875
0 0.2265625 0.87578125 0.01640625 0.0125
0 0.64296875 0.76171875 0.02890625 0.0296875
1 0.378125 0.38359375 0.2484375 0.2390625
0 0.8515625 0.6390625 0.14140625 0.04140625
1 0.50078125 0.11328125 0.08125 0.075
1 0.3234375 0.31328125 0.15234375 0.25
0 0.8796875 0.23359375 0.05625 0.03671875
1 0.825 0.940625 0.0953125 0.0578125
0 0.2015625 0.5234375 0.0671875 0.071875
1 0.93984375 0.6609375 0.06015625 0.04765625
0 0.415625 0.0484375 0.08359375 0.04765625
0 0.41171875 0.6875 0.03125 0.040625
1 0.48125 0.3328125 0.0453125 0.04296875
0 0.8171875 0.1140625 0.0375 0.0359375
1 0.5734375 0.5875 0.05859375 0.0515625
0 0.971875 0.3015625 0.0484375 0.03203125
1 0.39140625 0.24453125 0.06015625 0.0453125
1 0.3953125 0.43125 0.0484375 0.03828125
0 0.2546875 0.5265625 0.0546875 0.0359375
1 0.43203125 0.9109375 0.04140625 0.05234375
0 0.2359375 0.5578125 0.05390625 0.034375
0 0.565625 0.21171875 0.025 0.01484375
0 0.659375 0.10625 0.04765625 0.03125
0 0.43203125 0.0359375 0.0453125 0.01328125
0 0.32109375 0.47265625 0.01875 0.0140625
0 0.30390625 0.4859375 0.02265625 0.0171875
0 0.26640625 0.61796875 0.01015625 0.00625
0 0.25859375 0.6125 0.02265625 0.0171875
0 0.11328125 0.66875 0.02265625 0.01796875
1 0.90703125 0.61640625 0.08125 0.05
1 0.9671875 0.80625 0.06484375 0.11796875