0 0.3875 0.06171875 0.03125 0.0140625
0 0.4640625 0.18046875 0.03984375 0.02265625
0 0.871875 0.29453125 0.0421875 0.02421875
0 0.97578125 0.36484375 0.0234375 0.02734375
0 0.8734375 0.209375 0.01875 0.01484375
0 0.92890625 0.1390625 0.05625 0.021875
0 0.928125 0.1515625 0.06015625 0.02421875
0 0.31953125 0.3796875 0.0140625 0.009375
0 0.475 0.64375 0.03359375 0.025
0 0.9421875 0.49375 0.0421875 0.01953125
0 0.4875 0.7125 0.0359375 0.028125
0 0.41640625 0.784375 0.0359375 0.03125
0 0.271875 0.88125 0.0125 0.009375
0 0.6015625 0.88828125 0.03515625 0.03125
0 0.7109375 0.54375 0.13984375 0.084375
0 0.6296875 0.6203125 0.1609375 0.084375
0 0.5828125 0.578125 0.09765625 0.0546875
0 0.71171875 0.55390625 0.03359375 0.02265625
0 0.58671875 0.57890625 0.03125 0.02265625
0 0.6328125 0.625 0.0328125 0.025
0 0.9890625 0.365625 0.02109375 0.028125
0 0.29296875 0.184375 0.0296875 0.040625
0 0.27265625 0.18203125 0.03125 0.04296875
0 0.10703125 0.45 0.04609375 0.03828125