0 0.29765625 0.08046875 0.0296875 0.01015625
0 0.3984375 0.18828125 0.0359375 0.01875
0 0.82421875 0.253125 0.0390625 0.01953125
0 0.9421875 0.3109375 0.01875 0.025
0 0.8078125 0.16875 0.01640625 0.01328125
0 0.8484375 0.09296875 0.05390625 0.01484375
0 0.85 0.10546875 0.0578125 0.01796875
0 0.29609375 0.40234375 0.0125 0.00859375
0 0.5046875 0.64453125 0.0296875 0.02265625
0 0.93515625 0.4421875 0.03984375 0.01484375
0 0.01328125 0.671875 0.0265625 0.0265625
0 0.53203125 0.71171875 0.03125 0.02421875
0 0.4765625 0.790625 0.03125 0.02734375
0 0.3546875 0.903125 0.0109375 0.00859375
0 0.68125 0.871875 0.0296875 0.028125
0 0.7171875 0.51875 0.12734375 0.0703125
0 0.653125 0.60390625 0.1484375 0.0671875
0 0.59765625 0.5671875 0.08984375 0.04375
0 0.05859375 0.92578125 0.05 0.0625
0 0.7203125 0.52890625 0.0296875 0.01953125
0 0.60234375 0.56796875 0.02734375 0.01953125
0 0.6578125 0.6078125 0.02890625 0.02265625
0 0.95625 0.31015625 0.0171875 0.0265625
0 0.2296875 0.2125 0.02265625 0.03828125
0 0.20859375 0.2125 0.02265625 0.04140625
0 0.1015625 0.496875 0.03984375 0.03359375