0 0.2578125 0.196875 0.02890625 0.028125
0 0.1078125 0.26171875 0.0140625 0.009375
0 0.178125 0.290625 0.01640625 0.01328125
0 0.24140625 0.24296875 0.0125 0.01015625
0 0.4828125 0.15546875 0.03359375 0.0328125
0 0.38515625 0.14609375 0.05234375 0.01796875
0 0.62265625 0.2765625 0.01484375 0.01015625
0 0.62578125 0.12265625 0.01875 0.0078125
0 0.4484375 0.24453125 0.0328125 0.03203125
0 0.8546875 0.17734375 0.03125 0.03125
0 0.934375 0.1234375 0.02890625 0.00859375
0 0.8453125 0.3203125 0.03515625 0.02890625
0 0.6875 0.2 0.025 0.01953125
0 0.8640625 0.240625 0.01484375 0.0078125
0 0.05234375 0.559375 0.01484375 0.0109375
0 0.2375 0.58515625 0.02734375 0.01953125
0 0.25390625 0.646875 0.01484375 0.015625
0 0.13671875 0.51953125 0.0140625 0.0109375
0 0.18046875 0.53203125 0.0140625 0.0125
0 0.2734375 0.4328125 0.01484375 0.0109375
0 0.1015625 0.459375 0.0171875 0.01015625
0 0.2984375 0.64609375 0.02109375 0.01796875
0 0.56171875 0.46484375 0.0265625 0.01875
0 0.65703125 0.43828125 0.01875 0.009375
0 0.365625 0.4140625 0.00859375 0.0125
0 0.48515625 0.56171875 0.0125 0.0109375
0 0.51015625 0.55546875 0.01484375 0.01015625
0 0.3796875 0.37734375 0.0109375 0.01015625
0 0.4640625 0.6625 0.0359375 0.01484375
0 0.7609375 0.5171875 0.01875 0.0109375
0 0.70859375 0.5296875 0.0171875 0.0109375
0 0.67265625 0.63671875 0.025 0.01328125
0 0.94375 0.4609375 0.02734375 0.0109375
0 0.9421875 0.45 0.0203125 0.01015625
0 0.2578125 0.7109375 0.01484375 0.021875
0 0.2265625 0.79140625 0.0203125 0.021875
0 0.171875 0.8515625 0.01875 0.0140625
0 0.2796875 0.809375 0.01875 0.0140625
0 0.06640625 0.73359375 0.0171875 0.0125
0 0.4078125 0.69921875 0.0171875 0.01328125
0 0.621875 0.846875 0.02109375 0.0140625
0 0.4765625 0.746875 0.02109375 0.015625
0 0.48984375 0.6796875 0.0203125 0.009375
0 0.4765625 0.6703125 0.0171875 0.0125
0 0.4578125 0.67578125 0.0234375 0.0125
0 0.98515625 0.690625 0.02734375 0.0328125
0 0.43125 0.33671875 0.0671875 0.046875
0 0.02578125 0.45703125 0.0515625 0.05
0 0.4703125 0.296875 0.0671875 0.0421875
0 0.91171875 0.64140625 0.06640625 0.03203125
0 0.8921875 0.7625 0.04765625 0.0296875
0 0.9453125 0.67734375 0.0640625 0.03203125
0 0.0609375 0.40703125 0.05625 0.059375
0 0.0390625 0.30390625 0.03125 0.0265625
0 0.22578125 0.3609375 0.0125 0.01015625
0 0.3734375 0.4140625 0.0109375 0.01015625
0 0.2828125 0.44140625 0.01640625 0.0078125
0 0.51953125 0.446875 0.01484375 0.0109375
0 0.5265625 0.44296875 0.0328125 0.0140625
0 0.6578125 0.4296875 0.0171875 0.009375
0 0.65625 0.52421875 0.025 0.01015625
0 0.66484375 0.6125 0.01484375 0.0140625
0 0.66875 0.62578125 0.01875 0.0109375
0 0.4765625 0.6984375 0.1828125 0.1015625
0 0.4671875 0.71015625 0.18984375 0.1046875
0 0.3015625 0.6046875 0.01875 0.0140625
0 0.28671875 0.6171875 0.0125 0.01484375
0 0.34453125 0.6296875 0.09375 0.0515625
0 0.334375 0.63984375 0.09609375 0.05546875
0 0.27578125 0.5625 0.0078125 0.009375
0 0.2796875 0.56640625 0.0109375 0.0125
0 0.26953125 0.57421875 0.01015625 0.0140625
0 0.2765625 0.578125 0.01015625 0.0125
0 0.2328125 0.5546875 0.06875 0.04140625
0 0.22421875 0.5640625 0.0703125 0.0453125
0 0.04609375 0.3953125 0.0328125 0.025
0 0.7203125 0.82109375 0.0203125 0.01015625
1 0.98046875 0.4359375 0.0390625 0.02421875
0 0.996875 0.27890625 0.00625 0.01953125
0 0.99296875 0.28125 0.0109375 0.01015625
0 0.9828125 0.2640625 0.0109375 0.0078125
0 0.96484375 0.26015625 0.0109375 0.00546875
0 0.971875 0.2640625 0.0140625 0.0109375
0 0.8796875 0.14921875 0.02734375 0.01015625
0 0.9328125 0.1171875 0.0265625 0.00625
0 0.6953125 0.203125 0.03125 0.0171875
0 0.696875 0.20546875 0.0125 0.0078125
0 0.55625 0.1578125 0.0140625 0.0078125
0 0.384375 0.15078125 0.0109375 0.00546875