0 0.0484375 0.675 0.04375 0.04765625
1 0.17265625 0.5625 0.3453125 0.1953125
0 0.66328125 0.31484375 0.0625 0.053125
0 0.6328125 0.6234375 0.04375 0.03671875
0 0.1234375 0.71953125 0.08359375 0.0640625
1 0.3515625 0.728125 0.10625 0.071875
1 0.3609375 0.43984375 0.24375 0.2484375
0 0.434375 0.609375 0.18359375 0.07421875
1 0.58515625 0.78125 0.11015625 0.06953125
0 0.17578125 0.690625 0.06484375 0.04375
1 0.3484375 0.5859375 0.1109375 0.08359375
1 0.74140625 0.7703125 0.1171875 0.0765625
1 0.56953125 0.25 0.0609375 0.06484375
1 0.4859375 0.34453125 0.21640625 0.2265625
0 0.24921875 0.21015625 0.03125 0.0203125
0 0.22734375 0.78359375 0.0375 0.0296875
0 0.2859375 0.64140625 0.0328125 0.02265625
0 0.1765625 0.51015625 0.025 0.0140625
0 0.14921875 0.23046875 0.04140625 0.02734375
0 0.03984375 0.20859375 0.04140625 0.028125
0 0.12734375 0.18359375 0.0359375 0.02265625
0 0.07109375 0.41171875 0.0265625 0.0140625
0 0.57890625 0.68203125 0.0296875 0.0234375
0 0.3640625 0.75546875 0.04765625 0.0234375
0 0.5 0.64609375 0.02265625 0.015625
0 0.6765625 0.74375 0.0265625 0.01953125
0 0.3390625 0.76015625 0.02265625 0.015625
0 0.35703125 0.815625 0.0375 0.03125
0 0.353125 0.596875 0.025 0.01796875
0 0.50234375 0.13046875 0.0484375 0.025
0 0.28359375 0.23046875 0.03515625 0.02265625
0 0.41640625 0.20859375 0.0234375 0.01953125
0 0.38359375 0.21015625 0.0234375 0.01953125
0 0.95234375 0.7609375 0.0375 0.025
0 0.76796875 0.7328125 0.0328125 0.02421875
0 0.8828125 0.74921875 0.03359375 0.025
0 0.75859375 0.190625 0.0125 0.009375
0 0.6734375 0.4921875 0.0203125 0.0125
1 0.5671875 0.78828125 0.04375 0.05
1 0.5453125 0.828125 0.1 0.05078125
1 0.4515625 0.83828125 0.0984375 0.05
1 0.01484375 0.5328125 0.0296875 0.078125
1 0.36875 0.3234375 0.0984375 0.0375
0 0.8203125 0.81015625 0.03515625 0.0265625
0 0.8296875 0.7921875 0.02109375 0.015625
1 0.81015625 0.80390625 0.0890625 0.0484375
0 0.23671875 0.20078125 0.02265625 0.021875
0 0.4734375 0.4265625 0.0140625 0.01015625