0 0.8046875 0.80390625 0.0328125 0.034375
0 0.75703125 0.78984375 0.03359375 0.0296875
0 0.3609375 0.7671875 0.0328125 0.0296875
0 0.3296875 0.67734375 0.03359375 0.028125
0 0.39140625 0.82265625 0.03984375 0.025
0 0.51796875 0.69765625 0.0140625 0.0109375
0 0.55 0.6765625 0.0140625 0.0109375
0 0.8453125 0.52265625 0.04140625 0.025
0 0.8109375 0.3625 0.03359375 0.04296875
0 0.6765625 0.5875 0.0265625 0.0328125
0 0.81328125 0.47265625 0.00859375 0.01015625
0 0.6125 0.60859375 0.03359375 0.040625
0 0.565625 0.36640625 0.04140625 0.025
0 0.6453125 0.63671875 0.03125 0.02890625
0 0.3984375 0.43984375 0.0265625 0.0203125
0 0.3953125 0.62890625 0.0171875 0.01484375
0 0.35078125 0.4390625 0.02265625 0.01953125
0 0.41484375 0.62109375 0.01640625 0.0140625
0 0.3515625 0.3875 0.01484375 0.015625
0 0.4765625 0.54609375 0.01640625 0.00859375
0 0.125 0.409375 0.0421875 0.02890625
0 0.08984375 0.38359375 0.0453125 0.028125
0 0.17890625 0.428125 0.04140625 0.028125
0 0.88984375 0.32265625 0.03515625 0.0234375
0 0.853125 0.21484375 0.0359375 0.0265625
0 0.1921875 0.2796875 0.01875 0.0140625
1 0.77421875 0.44765625 0.10234375 0.0828125
0 0.15546875 0.6203125 0.13515625 0.06640625
0 0.51328125 0.59921875 0.05390625 0.04140625
0 0.3046875 0.4 0.08515625 0.0515625
1 0.7546875 0.3234375 0.1046875 0.0921875
1 0.83203125 0.3921875 0.0515625 0.040625
0 0.02109375 0.828125 0.0421875 0.115625
1 0.4484375 0.2078125 0.05390625 0.04765625
0 0.11640625 0.91875 0.0484375 0.0375
0 0.23203125 0.43515625 0.04765625 0.03359375
0 0.265625 0.359375 0.04375 0.03203125
1 0.38203125 0.15859375 0.05625 0.05234375
1 0.6515625 0.1953125 0.0546875 0.0484375
0 0.23046875 0.3859375 0.0484375 0.0328125
1 0.5171875 0.45234375 0.0484375 0.04140625
1 0.8328125 0.5515625 0.04765625 0.03359375
0 0.57734375 0.71953125 0.0140625 0.01328125
0 0.4734375 0.71328125 0.0140625 0.0296875
0 0.48203125 0.7140625 0.0078125 0.021875
0 0.640625 0.72421875 0.03125 0.02890625
0 0.73359375 0.43984375 0.0109375 0.00859375
0 0.4984375 0.3828125 0.02890625 0.0109375
0 0.4984375 0.3734375 0.0234375 0.015625
0 0.54375 0.334375 0.01875 0.0125
0 0.553125 0.32578125 0.0125 0.01484375
0 0.5390625 0.32421875 0.02265625 0.0171875
0 0.3203125 0.36953125 0.025 0.00859375
0 0.11171875 0.35859375 0.0453125 0.03125
0 0.16015625 0.409375 0.0375 0.02734375
0 0.01484375 0.440625 0.02265625 0.009375
0 0.0109375 0.44921875 0.01484375 0.00859375
0 0.5328125 0.48046875 0.00859375 0.01328125
0 0.54375 0.471875 0.0125 0.02890625