0 0.1671875 0.21328125 0.0296875 0.0328125
0 0.2171875 0.22421875 0.03125 0.028125
0 0.6140625 0.22578125 0.0296875 0.028125
0 0.653125 0.3140625 0.03125 0.0265625
0 0.57890625 0.17265625 0.0375 0.0234375
0 0.4640625 0.30390625 0.0125 0.01015625
0 0.43359375 0.3265625 0.0125 0.01015625
0 0.153125 0.4953125 0.0390625 0.0234375
0 0.20234375 0.653125 0.0296875 0.04140625
0 0.315625 0.421875 0.0234375 0.03203125
0 0.18984375 0.54375 0.0078125 0.01015625
0 0.37734375 0.39765625 0.0296875 0.03828125
0 0.446875 0.63671875 0.0390625 0.0234375
0 0.3421875 0.371875 0.02890625 0.02734375
0 0.6078125 0.5546875 0.025 0.01953125
0 0.5921875 0.365625 0.01640625 0.0140625
0 0.6546875 0.553125 0.02109375 0.01875
0 0.5734375 0.375 0.01484375 0.01328125
0 0.6578125 0.6046875 0.0140625 0.01484375
0 0.51875 0.45234375 0.01484375 0.0078125
0 0.8828125 0.57109375 0.03984375 0.02734375
0 0.9203125 0.5953125 0.0421875 0.0265625
0 0.8265625 0.5546875 0.0390625 0.0265625
0 0.12734375 0.69765625 0.0328125 0.021875
0 0.17421875 0.803125 0.03359375 0.02421875
0 0.82734375 0.70390625 0.0171875 0.01328125
1 0.23125 0.56640625 0.0953125 0.078125
0 0.8328125 0.36171875 0.1296875 0.06015625
0 0.47734375 0.4015625 0.05 0.03828125
0 0.7046875 0.58984375 0.08125 0.04765625
1 0.2625 0.6890625 0.09765625 0.0875
1 0.17890625 0.625 0.04765625 0.0375
0 0.96484375 0.146875 0.0703125 0.11171875
1 0.57890625 0.7890625 0.05 0.0453125
0 0.84375 0.06171875 0.0453125 0.0359375
0 0.7734375 0.55078125 0.0453125 0.03203125
0 0.746875 0.628125 0.04140625 0.0296875
1 0.64921875 0.834375 0.0515625 0.05
1 0.3765625 0.81171875 0.0515625 0.04609375
0 0.7796875 0.6 0.04609375 0.0296875
1 0.4875 0.5484375 0.0453125 0.0390625
1 0.1640625 0.465625 0.0453125 0.03203125
0 0.40234375 0.28515625 0.0125 0.0125
0 0.50625 0.2859375 0.0109375 0.02890625
0 0.4984375 0.2859375 0.0046875 0.021875
0 0.3390625 0.28359375 0.02890625 0.02734375
0 0.27265625 0.571875 0.01015625 0.0078125
0 0.51171875 0.61640625 0.02734375 0.009375
0 0.51328125 0.6265625 0.02265625 0.01484375
0 0.471875 0.66796875 0.0171875 0.0109375
0 0.46328125 0.6765625 0.0109375 0.0140625
0 0.47734375 0.67734375 0.02109375 0.015625
0 0.69140625 0.6203125 0.0234375 0.0078125
0 0.90078125 0.62109375 0.0421875 0.02890625
0 0.84765625 0.5734375 0.03515625 0.025
0 0.9890625 0.534375 0.02109375 0.00859375
0 0.99296875 0.525 0.0140625 0.0078125
0 0.46875 0.521875 0.0078125 0.01328125
0 0.45859375 0.53046875 0.01015625 0.02890625