0 0.790625 0.8109375 0.03515625 0.034375
0 0.74296875 0.796875 0.03515625 0.0296875
0 0.3484375 0.7640625 0.03359375 0.0296875
0 0.321875 0.67265625 0.03515625 0.028125
0 0.3765625 0.81875 0.03984375 0.0265625
0 0.50859375 0.69765625 0.0140625 0.0109375
0 0.5421875 0.67734375 0.0140625 0.0109375
0 0.84453125 0.53203125 0.04140625 0.0265625
0 0.8171875 0.37109375 0.03515625 0.04296875
0 0.67265625 0.5921875 0.02734375 0.03359375
0 0.8140625 0.48046875 0.00859375 0.0109375
0 0.6078125 0.6109375 0.03515625 0.040625
0 0.571875 0.36796875 0.04140625 0.0265625
0 0.6390625 0.63984375 0.0328125 0.02890625
0 0.40078125 0.4375 0.02734375 0.021875
0 0.38984375 0.62578125 0.0171875 0.01484375
0 0.35390625 0.43515625 0.0234375 0.0203125
0 0.409375 0.61875 0.01640625 0.0140625
0 0.3578125 0.38359375 0.01640625 0.015625
0 0.475 0.5453125 0.01640625 0.00859375
0 0.1296875 0.39921875 0.04375 0.0296875
0 0.0953125 0.37265625 0.04609375 0.02890625
0 0.1828125 0.41953125 0.0421875 0.02890625
0 0.8984375 0.3328125 0.03515625 0.02421875
0 0.86640625 0.22421875 0.0375 0.02734375
0 0.20234375 0.271875 0.01875 0.0140625
1 0.7765625 0.4546875 0.1046875 0.084375
0 0.15 0.61171875 0.1375 0.0703125
0 0.50859375 0.6 0.0546875 0.0421875
0 0.309375 0.39453125 0.0875 0.0546875
1 0.7625 0.33046875 0.10859375 0.09453125
1 0.83671875 0.40078125 0.05234375 0.04140625
0 0.01484375 0.8140625 0.0296875 0.11640625
1 0.46171875 0.20625 0.05625 0.0484375
0 0.096875 0.90859375 0.05 0.0390625
0 0.23515625 0.428125 0.0484375 0.0359375
0 0.27265625 0.353125 0.0453125 0.0328125
1 0.3984375 0.15546875 0.0578125 0.053125
1 0.66640625 0.19921875 0.0578125 0.05
0 0.2359375 0.37890625 0.05 0.03359375
1 0.51953125 0.45234375 0.05 0.04296875
1 0.8296875 0.56015625 0.0484375 0.0359375
0 0.5671875 0.721875 0.0140625 0.01328125
0 0.4640625 0.7125 0.01484375 0.0296875
0 0.471875 0.71328125 0.0078125 0.021875
0 0.6296875 0.728125 0.0328125 0.02890625
0 0.7359375 0.44609375 0.0109375 0.00859375
0 0.5046875 0.3828125 0.02890625 0.0109375
0 0.5046875 0.3734375 0.025 0.0171875
0 0.5515625 0.33515625 0.01875 0.0125
0 0.5609375 0.32734375 0.0140625 0.01484375
0 0.546875 0.32578125 0.0234375 0.01796875
0 0.3265625 0.36484375 0.025 0.009375
0 0.11796875 0.3484375 0.04609375 0.03203125
0 0.1640625 0.4 0.0390625 0.028125
0 0.01796875 0.428125 0.02265625 0.01015625
0 0.01328125 0.4359375 0.01484375 0.00859375
0 0.534375 0.48046875 0.00859375 0.0140625
0 0.5453125 0.47265625 0.0140625 0.0296875