0 0.78203125 0.6671875 0.0375 0.0296875
0 0.4390625 0.71796875 0.0265625 0.0203125
0 0.56796875 0.76328125 0.0234375 0.021875
0 0.5125 0.71015625 0.02734375 0.021875
0 0.3640625 0.8734375 0.0375 0.0265625
0 0.29453125 0.86015625 0.05 0.0265625
0 0.07734375 0.7578125 0.0390625 0.03671875
0 0.71875 0.58203125 0.0453125 0.03359375
0 0.67421875 0.5015625 0.0140625 0.02734375
0 0.6140625 0.4765625 0.04765625 0.03125
0 0.65390625 0.503125 0.0375 0.0296875
0 0.6078125 0.60546875 0.0265625 0.021875
0 0.1390625 0.42421875 0.02109375 0.0171875
0 0.09140625 0.5375 0.0234375 0.0140625
0 0.6828125 0.79453125 0.1328125 0.07890625
1 0.4625 0.5375 0.2703125 0.1921875
0 0.390625 0.64921875 0.08515625 0.06640625
0 0.8625 0.559375 0.10390625 0.07421875
0 0.4578125 0.9046875 0.0734375 0.05234375
0 0.0390625 0.43515625 0.0625 0.03125
0 0.5609375 0.096875 0.0734375 0.046875
0 0.72578125 0.40234375 0.0640625 0.03359375
0 0.62734375 0.29375 0.0875 0.04765625
0 0.51796875 0.18984375 0.0484375 0.03671875
0 0.53828125 0.2359375 0.05390625 0.0375
0 0.27421875 0.421875 0.0375 0.0421875
0 0.54140625 0.41875 0.06015625 0.0375
1 0.91953125 0.48984375 0.1609375 0.0984375
0 0.82578125 0.83828125 0.04375 0.03125
0 0.94140625 0.88125 0.05 0.040625
0 0.98828125 0.9 0.0234375 0.0328125
0 0.55703125 0.85546875 0.0390625 0.02890625
0 0.2328125 0.909375 0.0359375 0.0234375
0 0.1796875 0.9140625 0.0671875 0.040625
0 0.1203125 0.9296875 0.03359375 0.02421875
0 0.04140625 0.6875 0.0171875 0.0125
1 0.0703125 0.66015625 0.1109375 0.1375
1 0.0734375 0.72265625 0.0734375 0.05546875
0 0.321875 0.58046875 0.025 0.015625
0 0.4421875 0.5453125 0.01015625 0.0125
0 0.2578125 0.42578125 0.0171875 0.01875
0 0.30546875 0.4265625 0.03125 0.0140625
0 0.2984375 0.4328125 0.01015625 0.00546875
0 0.50390625 0.37734375 0.0484375 0.0265625
0 0.5296875 0.39765625 0.0578125 0.0359375
0 0.6296875 0.31875 0.05 0.03359375
1 0.9046875 0.09921875 0.0375 0.02265625
0 0.2484375 0.17734375 0.02109375 0.015625
0 0.2203125 0.23984375 0.01875 0.015625
0 0.1921875 0.30234375 0.02265625 0.0140625
0 0.1796875 0.334375 0.02109375 0.01484375
0 0.2296875 0.34140625 0.0140625 0.0125
0 0.33828125 0.26015625 0.0140625 0.00859375
0 0.3359375 0.2546875 0.02265625 0.0125
0 0.12265625 0.1921875 0.02265625 0.0140625
0 0.0421875 0.44765625 0.03125 0.015625