0 0.79921875 0.35078125 0.03984375 0.028125
0 0.7578125 0.6109375 0.02734375 0.01953125
0 0.8546875 0.5328125 0.02890625 0.01796875
0 0.77109375 0.55625 0.02890625 0.0203125
0 0.93203125 0.7125 0.03515625 0.028125
0 0.89296875 0.7578125 0.03515625 0.0375
0 0.696875 0.88125 0.0484375 0.02890625
0 0.671875 0.36953125 0.0453125 0.03359375
0 0.55546875 0.3765625 0.0359375 0.01015625
0 0.50546875 0.41171875 0.04140625 0.0359375
0 0.5515625 0.39140625 0.03984375 0.028125
0 0.6671875 0.45546875 0.02890625 0.01953125
0 0.29296875 0.73359375 0.02265625 0.015625
0 0.42109375 0.803125 0.01875 0.01796875
0 0.93046875 0.4609375 0.1046875 0.09921875
1 0.5359375 0.53828125 0.25625 0.20234375
0 0.65625 0.62421875 0.0890625 0.0640625
0 0.68671875 0.259375 0.0984375 0.078125
0 0.275 0.80859375 0.04140625 0.046875
0 0.4453125 0.30859375 0.0453125 0.04765625
0 0.27734375 0.3453125 0.0640625 0.065625
0 0.1125 0.39140625 0.0484375 0.03671875
0 0.1765625 0.39140625 0.05 0.040625
0 0.33125 0.6359375 0.05625 0.028125
0 0.40859375 0.44609375 0.05 0.0453125
1 0.6203125 0.19375 0.13125 0.12734375
0 0.96875 0.56953125 0.0390625 0.02890625
0 0.93125 0.81640625 0.02109375 0.0265625
0 0.9171875 0.85546875 0.0359375 0.0484375
0 0.9171875 0.90234375 0.0125 0.0234375
0 0.5953125 0.88515625 0.01640625 0.01328125
1 0.5703125 0.85546875 0.18359375 0.08359375
1 0.65078125 0.87265625 0.0734375 0.05546875
0 0.54609375 0.6515625 0.02109375 0.01875
0 0.5390625 0.5546875 0.01640625 0.0078125
0 0.33203125 0.64921875 0.025 0.01328125
0 0.346875 0.61640625 0.01875 0.0234375
0 0.35234375 0.62265625 0.0078125 0.0078125
0 0.34609375 0.459375 0.03515625 0.03671875
0 0.37890625 0.446875 0.04765625 0.04296875
0 0.31015625 0.3515625 0.0453125 0.0375
1 0.11640625 0.0875 0.0296875 0.028125
0 0.0125 0.5796875 0.02109375 0.015625
0 0.08359375 0.61875 0.02109375 0.0140625
0 0.15390625 0.65859375 0.01875 0.0171875
0 0.19140625 0.67734375 0.0203125 0.015625
0 0.21484375 0.64375 0.01640625 0.01015625
0 0.1453125 0.54140625 0.0109375 0.01015625
0 0.1375 0.54140625 0.01640625 0.0171875
0 0.2921875 0.81015625 0.02109375 0.0234375