0 0.82578125 0.73203125 0.0171875 0.0140625
0 0.4859375 0.7390625 0.02109375 0.025
0 0.18046875 0.73359375 0.0296875 0.03125
0 0.1921875 0.34453125 0.10390625 0.0953125
0 0.5328125 0.45703125 0.0984375 0.0984375
0 0.6546875 0.7484375 0.0796875 0.08359375
0 0.71171875 0.21953125 0.0734375 0.05078125
0 0.396875 0.8390625 0.04765625 0.02890625
0 0.6734375 0.24765625 0.0703125 0.05078125
0 0.30078125 0.578125 0.03359375 0.03359375
0 0.5171875 0.2546875 0.0234375 0.02890625
0 0.46796875 0.57421875 0.09609375 0.09453125
0 0.4953125 0.6234375 0.10859375 0.090625
0 0.4453125 0.728125 0.02109375 0.0203125
0 0.60859375 0.709375 0.025 0.01875
0 0.61796875 0.7015625 0.01640625 0.02421875
0 0.60859375 0.86796875 0.0515625 0.0328125
0 0.59140625 0.85078125 0.04140625 0.0375
0 0.13203125 0.8046875 0.0203125 0.0203125
0 0.2046875 0.69609375 0.02109375 0.01953125
0 0.2828125 0.5828125 0.0203125 0.0203125
0 0.0421875 0.66953125 0.02109375 0.01875
0 0.2421875 0.39140625 0.02109375 0.0234375
0 0.4984375 0.26875 0.0234375 0.03125
0 0.496875 0.28515625 0.02265625 0.02421875
0 0.6453125 0.24140625 0.025 0.034375
0 0.28359375 0.13671875 0.0328125 0.02421875
0 0.08828125 0.4078125 0.01015625 0.00859375
0 0.1703125 0.634375 0.00859375 0.009375
0 0.08984375 0.165625 0.01015625 0.00625
0 0.8890625 0.16640625 0.02109375 0.034375
0 0.80234375 0.590625 0.01484375 0.02734375
0 0.8046875 0.69765625 0.01484375 0.025
0 0.803125 0.81640625 0.0203125 0.015625
0 0.88984375 0.68359375 0.0171875 0.01484375
1 0.8625 0.6875 0.03515625 0.03125
1 0.8640625 0.69375 0.01875 0.0109375
1 0.8390625 0.70625 0.03359375 0.0375
1 0.828125 0.71171875 0.0390625 0.0640625