0 0.74140625 0.17734375 0.02265625 0.02421875
0 0.82109375 0.18984375 0.02109375 0.02421875
0 0.81328125 0.259375 0.0171875 0.02890625
0 0.88359375 0.278125 0.02265625 0.02265625
0 0.890625 0.1109375 0.0203125 0.025
0 0.7234375 0.13046875 0.01484375 0.0125
0 0.9203125 0.0796875 0.0140625 0.00625
0 0.82109375 0.49453125 0.03984375 0.03203125
0 0.7671875 0.51875 0.03984375 0.0328125
0 0.95546875 0.50078125 0.0375 0.028125
0 0.9296875 0.33671875 0.0390625 0.02890625
0 0.81171875 0.61875 0.03984375 0.03125
0 0.9734375 0.60703125 0.03984375 0.0296875
0 0.85625 0.72578125 0.03125 0.025
0 0.9171875 0.6765625 0.02265625 0.021875
0 0.40625 0.3546875 0.0359375 0.02734375
0 0.6140625 0.32421875 0.04140625 0.03203125
0 0.37421875 0.375 0.0453125 0.025
0 0.32734375 0.209375 0.01640625 0.01328125
0 0.6546875 0.34609375 0.04140625 0.0328125
0 0.47421875 0.2828125 0.01640625 0.0125
0 0.3828125 0.240625 0.01640625 0.0140625
0 0.4046875 0.134375 0.01640625 0.00625
0 0.4015625 0.23046875 0.04609375 0.01484375
0 0.6515625 0.2859375 0.01484375 0.01015625
0 0.54375 0.4 0.0421875 0.034375
0 0.58203125 0.6015625 0.0328125 0.0265625
0 0.434375 0.596875 0.02265625 0.015625
0 0.625 0.546875 0.01875 0.015625
0 0.6390625 0.5328125 0.0140625 0.01015625
0 0.378125 0.390625 0.04140625 0.01328125
0 0.5640625 0.596875 0.0125 0.00859375
0 0.5671875 0.7078125 0.03515625 0.028125
0 0.6828125 0.6375 0.0421875 0.03203125
0 0.5609375 0.62578125 0.03984375 0.0296875
0 0.6421875 0.7328125 0.0265625 0.0203125
0 0.6703125 0.7234375 0.0296875 0.025
0 0.3421875 0.71875 0.025 0.01953125
0 0.38203125 0.82421875 0.0203125 0.015625
0 0.40234375 0.7984375 0.02890625 0.02265625
0 0.6609375 0.7421875 0.01640625 0.0125
0 0.5171875 0.75 0.0140625 0.0109375
0 0.14765625 0.18359375 0.0171875 0.0140625
0 0.18203125 0.27734375 0.0203125 0.0359375
0 0.27734375 0.77421875 0.0265625 0.0171875
0 0.28828125 0.85546875 0.0171875 0.01328125
0 0.30859375 0.59453125 0.0671875 0.04765625
0 0.4546875 0.390625 0.06484375 0.05
0 0.78046875 0.6484375 0.05625 0.04296875
0 0.77890625 0.478125 0.05859375 0.0453125
0 0.521875 0.43828125 0.06015625 0.046875
0 0.9140625 0.42421875 0.05625 0.04375
0 0.97734375 0.7578125 0.0453125 0.046875
0 0.2296875 0.52265625 0.04609375 0.034375
1 0.35703125 0.1625 0.18125 0.06875
1 0.5203125 0.8546875 0.05859375 0.04765625
1 0.61796875 0.8421875 0.19375 0.06640625
0 0.48203125 0.4703125 0.04375 0.0328125
1 0.69296875 0.83359375 0.0546875 0.0421875
0 0.8046875 0.26796875 0.01015625 0.01484375
0 0.4109375 0.2234375 0.0234375 0.01015625
0 0.4296875 0.13203125 0.01875 0.0078125
0 0.4375 0.13515625 0.02734375 0.01484375
1 0.2421875 0.17421875 0.0859375 0.05703125
0 0.68046875 0.62734375 0.00625 0.00625
0 0.471875 0.39921875 0.00859375 0.0078125
0 0.509375 0.44296875 0.00859375 0.0078125
0 0.5859375 0.4234375 0.0109375 0.0078125