0 0.21953125 0.2515625 0.08125 0.0515625
0 0.2296875 0.4046875 0.0859375 0.053125
0 0.21640625 0.4453125 0.06484375 0.05546875
0 0.2453125 0.49765625 0.0609375 0.0453125
0 0.39609375 0.28984375 0.0703125 0.05078125
0 0.1671875 0.55234375 0.06015625 0.0421875
0 0.53125 0.37421875 0.06484375 0.0484375
0 0.065625 0.17734375 0.0515625 0.0375
0 0.6515625 0.5390625 0.0671875 0.053125
0 0.3171875 0.44609375 0.0578125 0.0484375
0 0.43203125 0.36875 0.0734375 0.040625
0 0.3984375 0.446875 0.1140625 0.1015625
0 0.0890625 0.553125 0.06015625 0.04296875
0 0.69921875 0.64765625 0.04609375 0.0375
0 0.9484375 0.55078125 0.06640625 0.0453125
0 0.95078125 0.58359375 0.0484375 0.0484375
0 0.48671875 0.17265625 0.0359375 0.02734375
0 0.10859375 0.2734375 0.05 0.02890625
0 0.36328125 0.4171875 0.0515625 0.03203125
0 0.7359375 0.7140625 0.0359375 0.03125
0 0.159375 0.7578125 0.04140625 0.03203125
1 0.03203125 0.30234375 0.0640625 0.0734375
0 0.740625 0.3015625 0.04375 0.0328125
0 0.8796875 0.25703125 0.03984375 0.03203125
0 0.7078125 0.309375 0.02109375 0.05
0 0.94140625 0.390625 0.04140625 0.03203125
0 0.6296875 0.2171875 0.05390625 0.0140625
0 0.871875 0.4421875 0.0421875 0.03828125
0 0.53359375 0.325 0.03515625 0.03203125
0 0.1296875 0.521875 0.03515625 0.02734375
0 0.2953125 0.3109375 0.0359375 0.02265625
0 0.1484375 0.18125 0.02734375 0.0203125
0 0.57109375 0.203125 0.0328125 0.01953125
0 0.43828125 0.2171875 0.03359375 0.01953125
0 0.79296875 0.27890625 0.01640625 0.01328125
0 0.24609375 0.60859375 0.02734375 0.01953125
0 0.20625 0.609375 0.025 0.01875
0 0.6265625 0.48515625 0.0359375 0.0171875
0 0.53828125 0.60703125 0.01640625 0.0125
0 0.6546875 0.50234375 0.01640625 0.0109375
0 0.39609375 0.6078125 0.0171875 0.0125
0 0.46875 0.55234375 0.01484375 0.0125
0 0.63203125 0.50703125 0.0109375 0.009375
0 0.4359375 0.44453125 0.0140625 0.01328125
0 0.6828125 0.509375 0.02890625 0.0234375
0 0.98125 0.4875 0.01015625 0.01328125
0 0.3171875 0.75390625 0.0296875 0.0234375
0 0.3171875 0.7828125 0.02109375 0.01796875
0 0.1171875 0.790625 0.01875 0.0140625
0 0.28203125 0.69609375 0.01875 0.01484375
0 0.13828125 0.85234375 0.01640625 0.0125
0 0.25 0.7765625 0.0203125 0.0125
0 0.43203125 0.69296875 0.0234375 0.01875
0 0.90546875 0.6796875 0.0109375 0.00859375
0 0.984375 0.69609375 0.0109375 0.0125
0 0.878125 0.4375 0.03984375 0.0453125
0 0.95078125 0.3765625 0.03125 0.0296875
0 0.7 0.31171875 0.0109375 0.04140625
0 0.603125 0.26015625 0.04765625 0.04375
0 0.6296875 0.20546875 0.05625 0.0140625
0 0.2984375 0.48828125 0.0109375 0.0140625
0 0.24765625 0.63828125 0.04140625 0.0296875