0 0.196875 0.2671875 0.0859375 0.05546875
0 0.221875 0.41875 0.09140625 0.0578125
0 0.21171875 0.4609375 0.0703125 0.0578125
0 0.24609375 0.5109375 0.06484375 0.04765625
0 0.3765625 0.2953125 0.075 0.0546875
0 0.1734375 0.56953125 0.0640625 0.0453125
0 0.51953125 0.37265625 0.0703125 0.05234375
0 0.03671875 0.20078125 0.0546875 0.040625
0 0.6546875 0.53125 0.07265625 0.05703125
0 0.31328125 0.45625 0.0625 0.0515625
0 0.4203125 0.37265625 0.07734375 0.04375
0 0.39453125 0.45234375 0.12265625 0.10625
0 0.09453125 0.57421875 0.0640625 0.04609375
0 0.7125 0.63671875 0.05 0.0390625
0 0.9515625 0.52734375 0.0703125 0.0484375
0 0.9578125 0.56015625 0.05390625 0.0515625
0 0.45625 0.17421875 0.0390625 0.02890625
0 0.0890625 0.29453125 0.05234375 0.03203125
0 0.35546875 0.42421875 0.05390625 0.034375
0 0.7546875 0.70078125 0.0390625 0.0328125
0 0.184375 0.77578125 0.04375 0.03359375
1 0.02421875 0.32734375 0.0484375 0.07578125
0 0.72109375 0.2890625 0.04609375 0.034375
0 0.85625 0.2375 0.0421875 0.03359375
0 0.68984375 0.29921875 0.0265625 0.05078125
0 0.9296875 0.3671875 0.04375 0.03359375
0 0.603125 0.2109375 0.0546875 0.0171875
0 0.865625 0.42265625 0.04609375 0.040625
0 0.5171875 0.3234375 0.0375 0.03359375
0 0.1328125 0.540625 0.0375 0.02890625
0 0.27890625 0.32265625 0.0390625 0.02421875
0 0.1203125 0.2 0.02890625 0.021875
0 0.54296875 0.2 0.03359375 0.021875
0 0.41171875 0.22109375 0.03515625 0.021875
0 0.771875 0.2640625 0.0171875 0.0140625
0 0.25703125 0.621875 0.02890625 0.0203125
0 0.2171875 0.62421875 0.0265625 0.01953125
0 0.625 0.47890625 0.0375 0.01875
0 0.5484375 0.6046875 0.0171875 0.01328125
0 0.6546875 0.49453125 0.0171875 0.0125
0 0.40625 0.61328125 0.01875 0.01328125
0 0.4734375 0.55390625 0.01640625 0.01328125
0 0.6328125 0.5 0.0125 0.01015625
0 0.43046875 0.44765625 0.01484375 0.0140625
0 0.68359375 0.5 0.03125 0.025
0 0.97890625 0.46171875 0.0109375 0.0140625
0 0.3421875 0.7625 0.0328125 0.025
0 0.34375 0.7921875 0.02265625 0.01875
0 0.1453125 0.809375 0.0203125 0.01484375
0 0.30078125 0.70703125 0.0203125 0.015625
0 0.171875 0.8703125 0.0171875 0.01328125
0 0.2765625 0.78828125 0.02109375 0.01328125
0 0.45 0.69609375 0.025 0.01953125
0 0.92109375 0.65859375 0.0125 0.009375
0 0.99765625 0.6703125 0.0046875 0.01328125
0 0.87109375 0.4171875 0.04375 0.046875
0 0.93828125 0.353125 0.03359375 0.03203125
0 0.68203125 0.30234375 0.01484375 0.0421875
0 0.58046875 0.25546875 0.0515625 0.046875
0 0.6015625 0.2 0.0578125 0.0171875
0 0.29765625 0.49921875 0.0125 0.01484375
0 0.2609375 0.65078125 0.04375 0.03203125