0 0.1296875 0.23671875 0.03984375 0.025
0 0.1609375 0.21640625 0.03359375 0.02734375
0 0.02890625 0.24921875 0.0328125 0.02890625
0 0.0890625 0.2953125 0.01484375 0.0109375
0 0.0234375 0.29453125 0.01484375 0.01015625
0 0.371875 0.3328125 0.02890625 0.028125
0 0.48359375 0.25234375 0.025 0.0078125
0 0.6609375 0.325 0.01015625 0.0109375
0 0.5421875 0.22890625 0.0125 0.009375
0 0.53125 0.22890625 0.0125 0.01015625
0 0.67265625 0.32578125 0.0125 0.01015625
0 0.8515625 0.29921875 0.0125 0.009375
0 0.2390625 0.390625 0.0265625 0.04140625
0 0.0359375 0.4921875 0.0234375 0.015625
0 0.4359375 0.5421875 0.03515625 0.02890625
0 0.33828125 0.47578125 0.01640625 0.00859375
0 0.49375 0.51484375 0.01015625 0.0109375
0 0.69453125 0.42890625 0.01875 0.0140625
0 0.9421875 0.6625 0.025 0.021875
0 0.4015625 0.73671875 0.0203125 0.0109375
0 0.609375 0.78046875 0.1359375 0.10390625
0 0.4828125 0.68984375 0.1359375 0.103125
1 0.10625 0.5734375 0.175 0.19375
0 0.7375 0.56953125 0.0875 0.07890625
0 0.3421875 0.4453125 0.02734375 0.0484375
0 0.8953125 0.58125 0.0890625 0.0515625
0 0.159375 0.61328125 0.0421875 0.03125
0 0.38046875 0.56171875 0.0234375 0.059375
0 0.46640625 0.51484375 0.0453125 0.03359375
0 0.2484375 0.37265625 0.0375 0.04140625
0 0.43359375 0.3984375 0.04765625 0.0546875
0 0.83671875 0.58046875 0.2015625 0.08515625
0 0.65703125 0.6046875 0.0734375 0.0484375
0 0.35 0.6 0.025 0.08828125
0 0.07890625 0.4828125 0.02265625 0.01015625
0 0.3171875 0.45859375 0.0328125 0.01953125
0 0.3109375 0.45078125 0.0375 0.02265625
0 0.66640625 0.4515625 0.025 0.0171875
0 0.74765625 0.39609375 0.0109375 0.01484375
0 0.7390625 0.3953125 0.01015625 0.0125
0 0.484375 0.2453125 0.01875 0.00625
0 0.70234375 0.5875 0.01875 0.0109375
0 0.70234375 0.5765625 0.01640625 0.01015625
1 0.02890625 0.81015625 0.0578125 0.06953125
1 0.00859375 0.63125 0.0171875 0.0921875