0 0.88828125 0.2515625 0.0375 0.0328125
0 0.91171875 0.2765625 0.03984375 0.028125
0 0.8828125 0.175 0.0421875 0.02734375
0 0.8140625 0.21484375 0.01640625 0.0125
0 0.821875 0.16640625 0.01484375 0.0125
0 0.73515625 0.421875 0.03984375 0.02421875
0 0.83046875 0.51328125 0.0125 0.01953125
0 0.71484375 0.6390625 0.01640625 0.00859375
0 0.85546875 0.56015625 0.0140625 0.01015625
0 0.85625 0.5515625 0.01484375 0.01015625
0 0.71328125 0.646875 0.01484375 0.01015625
0 0.7296875 0.7828125 0.0140625 0.01015625
0 0.671875 0.3171875 0.0578125 0.0234375
0 0.55859375 0.1546875 0.0234375 0.01953125
0 0.45078125 0.44765625 0.0421875 0.02890625
0 0.54921875 0.38203125 0.0125 0.01328125
0 0.48125 0.49375 0.01640625 0.00859375
0 0.57421875 0.65234375 0.0203125 0.01484375
0 0.23828125 0.8125 0.03125 0.0203125
0 0.19609375 0.4015625 0.0171875 0.015625
0 0.1171875 0.55234375 0.15234375 0.1125
0 0.25 0.46796875 0.1515625 0.1125
1 0.44375 0.1984375 0.2765625 0.15078125
0 0.3828125 0.66953125 0.1140625 0.0734375
0 0.5890625 0.38828125 0.0671875 0.025
0 0.35078125 0.7859375 0.07734375 0.07109375
0 0.3859375 0.234375 0.0453125 0.034375
0 0.43046875 0.4046875 0.08125 0.0234375
0 0.484375 0.4734375 0.05 0.0375
0 0.6953125 0.32578125 0.05859375 0.03203125
0 0.6421875 0.4609375 0.07734375 0.04140625
0 0.3578125 0.74296875 0.13359375 0.159375
0 0.3453125 0.60625 0.07265625 0.06015625
0 0.3828125 0.37734375 0.1203125 0.028125
0 0.56640625 0.1875 0.01640625 0.01796875
0 0.57421875 0.36796875 0.0296875 0.0265625
0 0.58515625 0.36484375 0.03359375 0.0296875
0 0.54765625 0.62890625 0.025 0.0203125
0 0.61171875 0.6953125 0.02109375 0.01015625
0 0.6140625 0.68828125 0.0171875 0.00859375
0 0.8390625 0.51484375 0.0109375 0.01484375
0 0.3625 0.6421875 0.0171875 0.01484375
0 0.3765625 0.64296875 0.01484375 0.01328125
1 0.1375 0.11640625 0.09765625 0.05
1 0.37734375 0.1203125 0.1234375 0.02265625