0 0.4265625 0.24375 0.0671875 0.05234375
0 0.31640625 0.7296875 0.07265625 0.0625
0 0.3546875 0.81796875 0.05859375 0.05078125
0 0.6421875 0.34375 0.0546875 0.0390625
0 0.75546875 0.4890625 0.05625 0.040625
0 0.68203125 0.87890625 0.06640625 0.0453125
0 0.4328125 0.47890625 0.075 0.0375
0 0.5296875 0.596875 0.04140625 0.0390625
0 0.9640625 0.86796875 0.05859375 0.03828125
0 0.4375 0.61640625 0.05 0.0375
0 0.58828125 0.68828125 0.05625 0.0390625
0 0.56953125 0.26328125 0.0359375 0.028125
0 0.6640625 0.72890625 0.05625 0.0390625
0 0.9265625 0.84375 0.0578125 0.0359375
0 0.98125 0.26640625 0.0375 0.0296875
0 0.94765625 0.48359375 0.0328125 0.03359375
0 0.74921875 0.2953125 0.04765625 0.04296875
0 0.1546875 0.8109375 0.07890625 0.05703125
1 0.45390625 0.58203125 0.225 0.184375
0 0.04609375 0.7078125 0.0921875 0.04375
0 0.703125 0.2953125 0.04609375 0.04375
0 0.90234375 0.3796875 0.04765625 0.0203125
0 0.79921875 0.48671875 0.03359375 0.0359375
0 0.0578125 0.26796875 0.0390625 0.01875
0 0.13125 0.3203125 0.0375 0.021875
0 0.47890625 0.2328125 0.0171875 0.01015625
0 0.8921875 0.2640625 0.03359375 0.01875
0 0.6421875 0.39375 0.02734375 0.01875
0 0.69140625 0.5390625 0.02890625 0.0125
0 0.7625 0.615625 0.0203125 0.01796875
0 0.725 0.6125 0.0296875 0.0140625
0 0.6734375 0.525 0.0296875 0.01328125
0 0.66015625 0.375 0.025 0.01875
0 0.09375 0.68671875 0.0296875 0.01953125
0 0.12109375 0.6984375 0.02734375 0.02421875
0 0.44140625 0.91640625 0.0203125 0.015625
0 0.95703125 0.72890625 0.02109375 0.01484375
0 0.7921875 0.7484375 0.0171875 0.0140625
0 0.0046875 0.34453125 0.009375 0.0078125
0 0.003125 0.21953125 0.00625 0.0109375
0 0.04296875 0.91328125 0.03125 0.0171875