0 0.1625 0.56875 0.0734375 0.053125
0 0.815625 0.62578125 0.0875 0.05703125
0 0.93125 0.5921875 0.0703125 0.046875
0 0.28515625 0.4015625 0.0546875 0.04296875
0 0.471875 0.309375 0.05625 0.04375
0 0.97734375 0.34453125 0.02890625 0.05078125
0 0.47578125 0.5515625 0.05390625 0.0578125
0 0.62734375 0.47265625 0.0546875 0.0328125
0 0.9578125 0.1328125 0.0375 0.0453125
0 0.65859375 0.540625 0.05234375 0.0390625
0 0.7453125 0.42421875 0.0546875 0.04375
0 0.18125 0.4609375 0.0390625 0.02890625
0 0.796875 0.36484375 0.0546875 0.04375
0 0.93515625 0.16328125 0.05 0.0453125
0 0.1625 0.1515625 0.0421875 0.0296875
0 0.4546875 0.165625 0.04609375 0.0265625
0 0.2140625 0.3234375 0.06015625 0.0375
0 0.9328125 0.7421875 0.0796875 0.06171875
1 0.61171875 0.53046875 0.2578125 0.178125
0 0.80078125 0.82890625 0.0640625 0.07109375
0 0.2171875 0.35859375 0.0609375 0.03671875
0 0.31875 0.2046875 0.0296875 0.03671875
0 0.46640625 0.2765625 0.0484375 0.02734375
0 0.2140625 0.84296875 0.02734375 0.0296875
0 0.2796875 0.78515625 0.03125 0.02890625
0 0.1453125 0.5296875 0.01484375 0.0140625
0 0.165625 0.21875 0.0265625 0.0265625
0 0.35078125 0.3984375 0.0265625 0.021875
0 0.5421875 0.3546875 0.0171875 0.02265625
0 0.63984375 0.29765625 0.025 0.015625
0 0.63828125 0.32578125 0.0203125 0.0234375
0 0.5234375 0.36953125 0.01875 0.0234375
0 0.325 0.38671875 0.0265625 0.01953125
0 0.76953125 0.79453125 0.02734375 0.0234375
0 0.78359375 0.7734375 0.03359375 0.021875
0 0.78125 0.14609375 0.02109375 0.0171875
0 0.815625 0.26796875 0.0203125 0.0140625
0 0.3203125 0.87890625 0.01015625 0.0078125
0 0.1515625 0.88671875 0.01484375 0.00546875