0 0.27421875 0.25703125 0.16015625 0.075
1 0.1109375 0.43359375 0.1578125 0.11875
0 0.825 0.56484375 0.06484375 0.078125
0 0.08359375 0.24921875 0.1109375 0.06484375
1 0.115625 0.5265625 0.1546875 0.115625
0 0.8890625 0.50625 0.05625 0.065625
0 0.1 0.89375 0.0453125 0.03671875
0 0.959375 0.521875 0.05390625 0.06640625
0 0.1671875 0.2875 0.10859375 0.040625
0 0.6703125 0.76875 0.05625 0.071875
0 0.7671875 0.71484375 0.08125 0.09921875
1 0.5453125 0.2171875 0.1234375 0.075
0 0.91875 0.4765625 0.0546875 0.06953125
1 0.44453125 0.25546875 0.13125 0.075
1 0.1 0.34921875 0.15390625 0.103125
0 0.7578125 0.61484375 0.0484375 0.0703125
0 0.6578125 0.49140625 0.05 0.025
0 0.7078125 0.52421875 0.0359375 0.028125
0 0.6640625 0.51015625 0.09765625 0.034375
0 0.19296875 0.52265625 0.03984375 0.0421875
0 0.59921875 0.825 0.06015625 0.06875
0 0.471875 0.78984375 0.03515625 0.03203125
0 0.5234375 0.67890625 0.0359375 0.0140625
0 0.615625 0.79296875 0.0140625 0.01015625
0 0.11171875 0.71875 0.0171875 0.01796875
0 0.128125 0.7328125 0.0203125 0.0140625
0 0.171875 0.72265625 0.02265625 0.01484375
0 0.2125 0.86953125 0.02109375 0.0140625
0 0.2484375 0.8890625 0.0234375 0.015625
0 0.27109375 0.8921875 0.02109375 0.0140625
0 0.721875 0.4390625 0.0171875 0.01328125
0 0.8296875 0.4015625 0.01640625 0.0125
0 0.8140625 0.36171875 0.0140625 0.0109375
0 0.6921875 0.4828125 0.0140625 0.01015625
0 0.7375 0.36875 0.0078125 0.00546875
0 0.6078125 0.509375 0.0234375 0.021875
0 0.44921875 0.59921875 0.02890625 0.0109375
0 0.42890625 0.61953125 0.0203125 0.01484375
0 0.4578125 0.60625 0.01875 0.01328125
0 0.4296875 0.609375 0.0359375 0.0125
0 0.1953125 0.67265625 0.0203125 0.01875
0 0.1921875 0.68671875 0.0203125 0.015625
0 0.3265625 0.5734375 0.0171875 0.01796875
0 0.16875 0.690625 0.0234375 0.0140625
0 0.1734375 0.68125 0.0234375 0.01796875
0 0.11015625 0.41171875 0.0203125 0.01328125
0 0.11171875 0.50859375 0.0203125 0.0140625
0 0.6671875 0.2453125 0.0203125 0.0140625
0 0.5359375 0.19609375 0.025 0.01875
0 0.48203125 0.25078125 0.02734375 0.0203125
0 0.3640625 0.315625 0.025 0.01484375
0 0.35859375 0.2859375 0.0296875 0.01875
0 0.3703125 0.3296875 0.01484375 0.01015625
0 0.35390625 0.29453125 0.0171875 0.0125
0 0.68828125 0.76015625 0.01015625 0.01484375
0 0.5796875 0.81875 0.01484375 0.0203125
0 0.3703125 0.76484375 0.0375 0.03203125
0 0.1234375 0.71328125 0.0140625 0.0140625
0 0.18046875 0.6703125 0.0109375 0.01015625
0 0.20390625 0.684375 0.01015625 0.009375
0 0.1640625 0.69453125 0.0140625 0.01015625
0 0.16171875 0.521875 0.0546875 0.05234375
0 0.115625 0.33515625 0.0203125 0.01484375
0 0.715625 0.68828125 0.0171875 0.015625
0 0.50859375 0.6859375 0.03515625 0.01328125
0 0.51328125 0.69140625 0.0296875 0.01015625
0 0.46875 0.596875 0.00859375 0.0078125