0 0.4203125 0.25078125 0.0390625 0.03203125
0 0.559375 0.28515625 0.0375 0.0328125
0 0.3578125 0.3375 0.0125 0.0078125
0 0.309375 0.53671875 0.02890625 0.0171875
0 0.16796875 0.690625 0.03359375 0.01484375
0 0.08515625 0.65859375 0.02109375 0.0140625
0 0.0578125 0.53828125 0.0421875 0.0265625
0 0.30625 0.46484375 0.03515625 0.01484375
0 0.2296875 0.5015625 0.05625 0.028125
0 0.15546875 0.54453125 0.0171875 0.009375
0 0.271875 0.43125 0.0171875 0.00859375
0 0.2734375 0.4359375 0.0171875 0.009375
0 0.0859375 0.66953125 0.02109375 0.009375
0 0.32265625 0.60625 0.05859375 0.021875
0 0.1796875 0.5546875 0.01015625 0.0078125
0 0.52265625 0.43828125 0.03359375 0.0265625
0 0.596875 0.334375 0.02109375 0.01796875
0 0.6171875 0.61328125 0.04765625 0.02421875
0 0.34375 0.3609375 0.025 0.01875
0 0.365625 0.45625 0.02734375 0.01875
0 0.4609375 0.3671875 0.01640625 0.009375
0 0.3359375 0.45078125 0.0828125 0.0203125
0 0.4984375 0.5421875 0.01015625 0.00625
0 0.45546875 0.496875 0.0078125 0.0078125
0 0.94765625 0.29296875 0.04140625 0.03203125
0 0.86796875 0.3984375 0.03984375 0.02734375
0 0.7046875 0.61796875 0.03359375 0.025
0 0.309375 0.86953125 0.01875 0.01484375
0 0.4515625 0.70234375 0.01640625 0.0125
0 0.84765625 0.6859375 0.01875 0.0140625
0 0.7890625 0.71484375 0.0171875 0.0140625
0 0.79765625 0.6421875 0.01875 0.01328125
0 0.94453125 0.6515625 0.02109375 0.0140625
0 0.8625 0.6328125 0.05234375 0.025
0 0.83984375 0.76015625 0.01875 0.0140625
0 0.71796875 0.66953125 0.0171875 0.0140625
0 0.8078125 0.76171875 0.0171875 0.015625
0 0.85234375 0.2140625 0.0734375 0.05703125
0 0.5546875 0.4921875 0.0890625 0.08984375
0 0.509375 0.63046875 0.1015625 0.04609375
0 0.075 0.778125 0.0609375 0.04140625
0 0.30703125 0.625 0.0640625 0.03359375
0 0.9125 0.5765625 0.0625 0.02890625
1 0.7421875 0.51796875 0.06484375 0.071875
1 0.6921875 0.421875 0.0609375 0.071875
0 0.734375 0.4171875 0.05390625 0.06953125
0 0.6671875 0.72265625 0.04375 0.0375
0 0.62578125 0.5296875 0.07265625 0.0515625
0 0.5859375 0.59609375 0.05234375 0.0375
0 0.72265625 0.59453125 0.0703125 0.05078125
1 0.7859375 0.45 0.0671875 0.071875
0 0.7828125 0.51484375 0.0546875 0.059375
0 0.0421875 0.48984375 0.04375 0.0359375
0 0.82578125 0.4453125 0.05390625 0.065625
1 0.809375 0.33515625 0.08359375 0.065625
0 0.3671875 0.59921875 0.15859375 0.0359375
0 0.81875 0.3546875 0.0578125 0.0453125
0 0.07578125 0.84296875 0.0390625 0.0375
0 0.4421875 0.61328125 0.08515625 0.01875
0 0.9203125 0.52109375 0.1 0.040625
0 0.3515625 0.5203125 0.08515625 0.015625
0 0.4890625 0.26875 0.04375 0.03125
0 0.4625 0.37421875 0.01640625 0.00859375
0 0.4671875 0.37734375 0.01015625 0.00625
0 0.4359375 0.39296875 0.0171875 0.0078125
0 0.4375 0.3984375 0.0140625 0.00625
0 0.4421875 0.403125 0.0109375 0.00625
0 0.3640625 0.346875 0.01484375 0.0078125
0 0.29140625 0.3375 0.0140625 0.0078125
0 0.16171875 0.30625 0.03515625 0.015625
0 0.16171875 0.3 0.0390625 0.0171875
0 0.0078125 0.39609375 0.015625 0.0140625
0 0.00546875 0.38671875 0.0109375 0.009375
0 0.240625 0.4171875 0.0125 0.00625
0 0.3390625 0.5109375 0.04609375 0.015625
0 0.15625 0.55078125 0.0171875 0.00859375
0 0.18828125 0.559375 0.0140625 0.00859375
0 0.1875 0.565625 0.01640625 0.0078125
1 0.92578125 0.4828125 0.1484375 0.1
1 0.91015625 0.4453125 0.1796875 0.1703125
0 0.5109375 0.6203125 0.01640625 0.0078125
0 0.4578125 0.60078125 0.0515625 0.01484375
0 0.3265625 0.75703125 0.0109375 0.009375