0 0.4671875 0.2453125 0.03359375 0.02890625
0 0.5984375 0.29296875 0.0328125 0.0296875
0 0.3890625 0.325 0.0109375 0.00625
0 0.3046875 0.51640625 0.0265625 0.0140625
0 0.1359375 0.65390625 0.0328125 0.0109375
0 0.059375 0.61328125 0.01875 0.0125
0 0.0546875 0.4921875 0.0390625 0.02265625
0 0.3140625 0.4453125 0.03359375 0.0109375
0 0.2328125 0.4734375 0.05234375 0.02265625
0 0.15078125 0.5078125 0.01640625 0.0078125
0 0.28671875 0.4078125 0.01640625 0.00625
0 0.28671875 0.41328125 0.01640625 0.0078125
0 0.05859375 0.62421875 0.0203125 0.0078125
0 0.3046875 0.5859375 0.05625 0.015625
0 0.1734375 0.5203125 0.00859375 0.00625
0 0.53359375 0.440625 0.0296875 0.0234375
0 0.6265625 0.34609375 0.01875 0.015625
0 0.59453125 0.625 0.04375 0.01953125
0 0.37109375 0.34609375 0.02265625 0.0171875
0 0.375 0.44296875 0.025 0.015625
0 0.4859375 0.36484375 0.01484375 0.0078125
0 0.346875 0.434375 0.08125 0.0125
0 0.490625 0.54140625 0.00859375 0.00546875
0 0.45703125 0.4921875 0.00625 0.00625
0 0.98203125 0.34140625 0.0359375 0.028125
0 0.8828125 0.43828125 0.0359375 0.0234375
0 0.68125 0.63828125 0.0296875 0.02265625
0 0.2421875 0.84609375 0.01640625 0.01328125
0 0.4140625 0.6953125 0.0140625 0.0109375
0 0.809375 0.7203125 0.01640625 0.0125
0 0.746875 0.74296875 0.01484375 0.0125
0 0.76796875 0.671875 0.01640625 0.0109375
0 0.91171875 0.696875 0.01875 0.0125
0 0.834375 0.66953125 0.0484375 0.0203125
0 0.9828125 0.8546875 0.01875 0.01328125
0 0.7890625 0.79296875 0.01640625 0.0125
0 0.684375 0.690625 0.01484375 0.0125
0 0.75546875 0.79140625 0.01484375 0.0140625
0 0.9859375 0.86875 0.01015625 0.0109375
0 0.90234375 0.253125 0.06484375 0.05078125
0 0.55546875 0.4984375 0.0734375 0.08359375
0 0.48515625 0.63046875 0.0953125 0.03671875
0 0.02734375 0.73125 0.0546875 0.0359375
0 0.2859375 0.60390625 0.05859375 0.028125
0 0.89453125 0.61875 0.05859375 0.0234375
1 0.7359375 0.54375 0.05234375 0.0671875
1 0.7046875 0.4421875 0.0484375 0.0671875
0 0.74765625 0.4421875 0.0421875 0.065625
0 0.6234375 0.7375 0.0375 0.03359375
0 0.61875 0.54296875 0.06484375 0.0453125
0 0.5671875 0.60390625 0.04609375 0.0328125
0 0.70234375 0.6171875 0.0625 0.04375
1 0.7921875 0.48046875 0.0546875 0.0671875
0 0.77734375 0.54375 0.0453125 0.05546875
0 0.0484375 0.4421875 0.0390625 0.03203125
0 0.8328125 0.4796875 0.0421875 0.06171875
1 0.83671875 0.36953125 0.0734375 0.0578125
0 0.35078125 0.584375 0.15625 0.01953125
0 0.8421875 0.3890625 0.05 0.040625
0 0.01640625 0.7953125 0.0328125 0.034375
0 0.421875 0.60625 0.08359375 0.01015625
0 0.9125 0.56484375 0.0953125 0.03125
0 0.3484375 0.50390625 0.08515625 0.0078125
0 0.53203125 0.26953125 0.0390625 0.02734375
0 0.48671875 0.371875 0.01484375 0.00625
0 0.490625 0.375 0.00859375 0.00546875
0 0.45625 0.38671875 0.01640625 0.00546875
0 0.45703125 0.39296875 0.0125 0.00546875
0 0.4609375 0.39765625 0.01015625 0.00546875
0 0.39296875 0.334375 0.0140625 0.00625
0 0.3234375 0.31796875 0.0125 0.00625
0 0.2015625 0.2734375 0.03359375 0.01328125
0 0.20234375 0.26640625 0.0359375 0.01328125
0 0.028125 0.3453125 0.025 0.0109375
0 0.02890625 0.33671875 0.01484375 0.0078125
0 0.25859375 0.39140625 0.0109375 0.00546875
0 0.33828125 0.49453125 0.0453125 0.0125
0 0.15 0.51484375 0.01640625 0.00625
0 0.1796875 0.5265625 0.0125 0.0078125
0 0.178125 0.53203125 0.01484375 0.00546875
1 0.92890625 0.52734375 0.1421875 0.0859375
1 0.9203125 0.4890625 0.15859375 0.15546875
0 0.48828125 0.6203125 0.01484375 0.00546875
0 0.43984375 0.5953125 0.05 0.01015625
0 0.28046875 0.7359375 0.01015625 0.00859375