0 0.4859375 0.75546875 0.0390625 0.03203125
0 0.3640625 0.69453125 0.0375 0.0328125
0 0.5765625 0.68515625 0.0125 0.0078125
0 0.696875 0.50390625 0.02890625 0.0171875
0 0.8890625 0.38515625 0.03359375 0.01484375
0 0.9578125 0.43359375 0.02109375 0.0140625
0 0.93984375 0.5546875 0.0421875 0.0265625
0 0.6734375 0.5734375 0.03515625 0.01484375
0 0.76015625 0.5546875 0.05625 0.028125
0 0.84765625 0.52890625 0.0171875 0.009375
0 0.69375 0.61328125 0.0171875 0.00859375
0 0.6953125 0.60859375 0.0171875 0.009375
0 0.96015625 0.4234375 0.02109375 0.009375
0 0.71015625 0.43515625 0.05859375 0.021875
0 0.82734375 0.51328125 0.01015625 0.0078125
0 0.45546875 0.5546875 0.03359375 0.0265625
0 0.3453125 0.6390625 0.02109375 0.01796875
0 0.4296875 0.3671875 0.04765625 0.02421875
0 0.5984375 0.665625 0.025 0.01875
0 0.61328125 0.56953125 0.02734375 0.01875
0 0.4890625 0.63515625 0.01640625 0.009375
0 0.6390625 0.58125 0.0828125 0.0203125
0 0.5171875 0.459375 0.01015625 0.00625
0 0.54140625 0.51171875 0.0078125 0.0078125
0 0.00703125 0.60625 0.0140625 0.03203125
0 0.109375 0.52109375 0.03984375 0.02734375
0 0.34609375 0.34453125 0.03359375 0.025
0 0.81953125 0.184375 0.01875 0.01484375
0 0.62109375 0.315625 0.01640625 0.0125
0 0.234375 0.25 0.01875 0.0140625
0 0.30078125 0.23359375 0.0171875 0.0140625
0 0.26640625 0.3015625 0.01875 0.01328125
0 0.12890625 0.26171875 0.02109375 0.0140625
0 0.2 0.29765625 0.05234375 0.025
0 0.0875 0.0984375 0.02109375 0.01484375
0 0.26796875 0.1796875 0.01875 0.0140625
0 0.35234375 0.2921875 0.0171875 0.0140625
0 0.3015625 0.184375 0.0171875 0.015625
0 0.08671875 0.08359375 0.0125 0.0125
0 0.05546875 0.70234375 0.0734375 0.05703125
0 0.44453125 0.49609375 0.0890625 0.08984375
0 0.5390625 0.37265625 0.1015625 0.04609375
0 0.98984375 0.31953125 0.0203125 0.04140625
0 0.73125 0.41953125 0.0640625 0.03359375
0 0.13125 0.34140625 0.0625 0.02890625
1 0.27421875 0.43203125 0.06484375 0.071875
1 0.2859375 0.5359375 0.0609375 0.071875
0 0.24453125 0.53125 0.05390625 0.06953125
0 0.42109375 0.2515625 0.04375 0.0375
0 0.390625 0.4453125 0.07265625 0.0515625
0 0.453125 0.38984375 0.05234375 0.0375
0 0.32109375 0.3625 0.0703125 0.05078125
1 0.2078125 0.4890625 0.0671875 0.071875
0 0.2328125 0.42734375 0.0546875 0.059375
0 0.93671875 0.60390625 0.04375 0.0359375
0 0.1671875 0.48515625 0.05390625 0.065625
1 0.1421875 0.59453125 0.08359375 0.065625
0 0.6640625 0.43203125 0.15859375 0.0359375
0 0.13984375 0.5734375 0.0578125 0.0453125
0 0.596875 0.403125 0.08515625 0.01875
0 0.10390625 0.39296875 0.1 0.040625
0 0.65078125 0.51171875 0.08515625 0.015625
0 0.42578125 0.72421875 0.04375 0.03125
0 0.48984375 0.628125 0.01640625 0.00859375
0 0.4859375 0.625 0.01015625 0.00625
0 0.52265625 0.61640625 0.0171875 0.0078125
0 0.5234375 0.61015625 0.0140625 0.00625
0 0.51953125 0.60546875 0.0109375 0.00625
0 0.575 0.675 0.01484375 0.0078125
0 0.64140625 0.69921875 0.0140625 0.0078125
0 0.75390625 0.75546875 0.03515625 0.015625
0 0.7515625 0.76171875 0.0390625 0.0171875
0 0.9390625 0.70234375 0.0265625 0.0140625
0 0.9359375 0.71171875 0.01640625 0.009375
0 0.71875 0.6328125 0.0125 0.00625
0 0.659375 0.52265625 0.04609375 0.015625
0 0.84921875 0.521875 0.0171875 0.00859375
0 0.821875 0.5078125 0.0140625 0.00859375
0 0.825 0.5015625 0.01640625 0.0078125
1 0.0796875 0.42734375 0.15625 0.1
1 0.0875 0.46640625 0.175 0.1703125
0 0.53359375 0.38203125 0.01640625 0.0078125
0 0.5765625 0.41171875 0.0515625 0.01484375
0 0.7609375 0.2890625 0.0109375 0.009375