0 0.009375 0.20546875 0.01875 0.03671875
0 0.97890625 0.31640625 0.0296875 0.0171875
0 0.9578125 0.22109375 0.02890625 0.0171875
0 0.95234375 0.15078125 0.0125 0.01484375
0 0.7703125 0.125 0.00859375 0.0078125
0 0.63046875 0.478125 0.03125 0.01875
0 0.3421875 0.41875 0.0265625 0.0125
0 0.7375 0.33359375 0.0296875 0.0203125
0 0.82578125 0.5578125 0.0234375 0.02890625
0 0.78671875 0.5859375 0.03125 0.0203125
0 0.93671875 0.3515625 0.0265625 0.01484375
0 0.79921875 0.41015625 0.0265625 0.015625
0 0.8109375 0.50625 0.02109375 0.01328125
0 0.67734375 0.4109375 0.02265625 0.04765625
0 0.8484375 0.51953125 0.02890625 0.01328125
0 0.959375 0.3625 0.02109375 0.01328125
0 0.8765625 0.346875 0.0453125 0.0140625
0 0.07890625 0.80078125 0.025 0.01015625
0 0.19140625 0.75234375 0.0203125 0.01015625
0 0.4890625 0.79921875 0.0140625 0.00859375
0 0.79453125 0.74921875 0.02890625 0.02265625
0 0.8 0.88203125 0.0203125 0.01328125
0 0.8390625 0.85625 0.0171875 0.01328125
0 0.84921875 0.69609375 0.02109375 0.01328125
0 0.8296875 0.66796875 0.01875 0.01875
0 0.753125 0.66640625 0.0265625 0.01875
0 0.34296875 0.85390625 0.14140625 0.0890625
0 0.64375 0.73046875 0.0671875 0.04296875
0 0.4734375 0.32578125 0.08515625 0.07109375
0 0.615625 0.121875 0.0765625 0.0640625
0 0.2359375 0.26171875 0.07734375 0.090625
0 0.0359375 0.43359375 0.07109375 0.0703125
0 0.38125 0.128125 0.0671875 0.05703125
0 0.93046875 0.59765625 0.0765625 0.05234375
0 0.43515625 0.62578125 0.05 0.04375
0 0.65546875 0.4125 0.0640625 0.0484375
0 0.23125 0.4375 0.04765625 0.04375
0 0.04453125 0.3296875 0.0890625 0.05078125
0 0.896875 0.1734375 0.04140625 0.03359375
0 0.25546875 0.5125 0.09375 0.04296875
0 0.08671875 0.36484375 0.0609375 0.0484375
0 0.50546875 0.190625 0.0390625 0.03359375
0 0.09296875 0.57578125 0.05390625 0.03671875
0 0.925 0.63671875 0.0921875 0.04140625
0 0.11796875 0.165625 0.04140625 0.0375
0 0.16875 0.20546875 0.0453125 0.03125
0 0.57578125 0.5125 0.0515625 0.0703125
0 0.5265625 0.5359375 0.0671875 0.0671875
0 0.946875 0.134375 0.0765625 0.015625
0 0.0828125 0.10703125 0.0609375 0.021875
0 0.20234375 0.48046875 0.0796875 0.0328125
0 0.98515625 0.58203125 0.0296875 0.0546875
0 0.47265625 0.5921875 0.0203125 0.009375
0 0.2953125 0.56328125 0.01875 0.01328125
0 0.4609375 0.4703125 0.01484375 0.00859375
0 0.24609375 0.48828125 0.0265625 0.0171875
0 0.1609375 0.45859375 0.0328125 0.0125
0 0.065625 0.559375 0.02265625 0.0109375
0 0.0359375 0.5734375 0.01640625 0.00859375
0 0.41640625 0.2953125 0.0359375 0.02890625
0 0.33828125 0.409375 0.02109375 0.00859375
0 0.4875 0.37265625 0.03125 0.01328125
0 0.509375 0.36328125 0.02265625 0.01015625
0 0.7796875 0.29921875 0.03984375 0.03203125
0 0.88203125 0.33515625 0.0296875 0.01015625
0 0.91953125 0.37421875 0.03125 0.0109375
0 0.9203125 0.3859375 0.0359375 0.01015625
0 0.96328125 0.4640625 0.0734375 0.053125
0 0.96328125 0.48671875 0.06484375 0.025
0 0.61015625 0.77109375 0.1390625 0.04765625
0 0.62265625 0.8015625 0.13984375 0.08515625
0 0.4359375 0.6140625 0.01015625 0.00625
0 0.65234375 0.21875 0.03515625 0.00546875
0 0.640625 0.2265625 0.0578125 0.0171875