0 0.2453125 0.253125 0.02109375 0.01640625
0 0.46875 0.2 0.03984375 0.0203125
0 0.59140625 0.15390625 0.0203125 0.01328125
0 0.89609375 0.14921875 0.01484375 0.01171875
0 0.815625 0.13203125 0.01875 0.009375
0 0.86640625 0.1625 0.02734375 0.0109375
0 0.9078125 0.2046875 0.0109375 0.0171875
0 0.765625 0.10078125 0.0234375 0.009375
0 0.9890625 0.2046875 0.0171875 0.02421875
0 0.86015625 0.15390625 0.0203125 0.0078125
0 0.2859375 0.5546875 0.0390625 0.01484375
0 0.25 0.41171875 0.0203125 0.01328125
0 0.509375 0.48203125 0.0359375 0.0171875
0 0.3859375 0.61015625 0.04375 0.01953125
0 0.346875 0.653125 0.0359375 0.01640625
0 0.55625 0.565625 0.0328125 0.015625
0 0.44296875 0.63984375 0.03359375 0.01484375
0 0.4875 0.38359375 0.0296875 0.01484375
0 0.51796875 0.60546875 0.0390625 0.0125
0 0.5515625 0.49765625 0.03359375 0.015625
0 0.7078125 0.528125 0.03359375 0.01875
0 0.71328125 0.5953125 0.0265625 0.0125
0 0.95625 0.46875 0.01484375 0.01640625
0 0.90546875 0.62578125 0.0140625 0.01171875
0 0.88828125 0.50390625 0.02109375 0.0140625
0 0.90625 0.578125 0.0125 0.0078125
0 0.8921875 0.378125 0.01640625 0.01640625
0 0.76328125 0.46484375 0.0265625 0.01328125
0 0.9046875 0.66171875 0.0125 0.009375
0 0.890625 0.42109375 0.01640625 0.01328125
0 0.88984375 0.44453125 0.0171875 0.01328125
0 0.41640625 0.7515625 0.0421875 0.02265625
0 0.5671875 0.803125 0.04140625 0.0203125
0 0.39296875 0.70234375 0.04140625 0.01640625
0 0.6015625 0.71875 0.0375 0.01484375
0 0.58046875 0.696875 0.03359375 0.0171875
0 0.41875 0.6703125 0.0375 0.0171875
0 0.5421875 0.7 0.02109375 0.0109375
0 0.6609375 0.7890625 0.0359375 0.02265625
0 0.3328125 0.86328125 0.0390625 0.02109375
0 0.846875 0.89453125 0.04140625 0.0234375
0 0.971875 0.75390625 0.0109375 0.00703125
0 0.1359375 0.07890625 0.10390625 0.1
0 0.3125 0.80625 0.05 0.021875
0 0.09375 0.58125 0.1046875 0.10078125
0 0.0265625 0.1921875 0.053125 0.096875
0 0.19921875 0.47421875 0.0203125 0.02265625
0 0.04765625 0.27734375 0.0953125 0.06015625
0 0.55 0.1359375 0.0390625 0.02109375
0 0.621875 0.07890625 0.0359375 0.0203125
0 0.71796875 0.08671875 0.03984375 0.01328125
0 0.6140625 0.18203125 0.01640625 0.0109375
0 0.72734375 0.8375 0.02734375 0.0125
0 0.76171875 0.9171875 0.04765625 0.0203125
0 0.90703125 0.6375 0.01015625 0.01015625
0 0.88984375 0.6015625 0.0140625 0.01171875
0 0.90625 0.53671875 0.01484375 0.01796875