0 0.7546875 0.746875 0.02109375 0.01640625
0 0.53125 0.8 0.03984375 0.0203125
0 0.40859375 0.84609375 0.0203125 0.01328125
0 0.10390625 0.85078125 0.01484375 0.01171875
0 0.184375 0.86796875 0.01875 0.009375
0 0.13359375 0.8375 0.02734375 0.0109375
0 0.0921875 0.7953125 0.0109375 0.0171875
0 0.234375 0.89921875 0.0234375 0.009375
0 0.0109375 0.7953125 0.0171875 0.02421875
0 0.13984375 0.84609375 0.0203125 0.0078125
0 0.7140625 0.4453125 0.0390625 0.01484375
0 0.75 0.58828125 0.0203125 0.01328125
0 0.490625 0.51796875 0.0359375 0.0171875
0 0.6140625 0.38984375 0.04375 0.01953125
0 0.653125 0.346875 0.0359375 0.01640625
0 0.44375 0.434375 0.0328125 0.015625
0 0.55703125 0.36015625 0.03359375 0.01484375
0 0.5125 0.61640625 0.0296875 0.01484375
0 0.48203125 0.39453125 0.0390625 0.0125
0 0.4484375 0.50234375 0.03359375 0.015625
0 0.2921875 0.471875 0.03359375 0.01875
0 0.28671875 0.4046875 0.0265625 0.0125
0 0.04375 0.53125 0.01484375 0.01640625
0 0.09453125 0.37421875 0.0140625 0.01171875
0 0.11171875 0.49609375 0.02109375 0.0140625
0 0.09375 0.421875 0.0125 0.0078125
0 0.1078125 0.621875 0.01640625 0.01640625
0 0.23671875 0.53515625 0.0265625 0.01328125
0 0.0953125 0.33828125 0.0125 0.009375
0 0.109375 0.57890625 0.01640625 0.01328125
0 0.11015625 0.55546875 0.0171875 0.01328125
0 0.58359375 0.2484375 0.0421875 0.02265625
0 0.4328125 0.196875 0.04140625 0.0203125
0 0.60703125 0.29765625 0.04140625 0.01640625
0 0.3984375 0.28125 0.0375 0.01484375
0 0.41953125 0.303125 0.03359375 0.0171875
0 0.58125 0.3296875 0.0375 0.0171875
0 0.4578125 0.3 0.02109375 0.0109375
0 0.3390625 0.2109375 0.0359375 0.02265625
0 0.6671875 0.13671875 0.0390625 0.02109375
0 0.153125 0.10546875 0.04140625 0.0234375
0 0.028125 0.24609375 0.0109375 0.00703125
0 0.8640625 0.92109375 0.10390625 0.1
0 0.6875 0.19375 0.05 0.021875
0 0.90625 0.41875 0.1046875 0.10078125
0 0.97265625 0.80625 0.0546875 0.096875
0 0.80078125 0.52578125 0.0203125 0.02265625
0 0.95234375 0.72265625 0.0953125 0.06015625
0 0.45 0.8640625 0.0390625 0.02109375
0 0.378125 0.92109375 0.0359375 0.0203125
0 0.28203125 0.91328125 0.03984375 0.01328125
0 0.3859375 0.81796875 0.01640625 0.0109375
0 0.27265625 0.1625 0.02734375 0.0125
0 0.23828125 0.0828125 0.04765625 0.0203125
0 0.09296875 0.3625 0.01015625 0.01015625
0 0.11015625 0.3984375 0.0140625 0.01171875
0 0.09375 0.46328125 0.01484375 0.01796875