0 0.25859375 0.24765625 0.02265625 0.0171875
0 0.48515625 0.2 0.04140625 0.02109375
0 0.609375 0.15625 0.02109375 0.0140625
0 0.91484375 0.15859375 0.01484375 0.01171875
0 0.83515625 0.1390625 0.01875 0.01015625
0 0.88359375 0.17109375 0.02734375 0.01171875
0 0.9234375 0.2140625 0.0125 0.0171875
0 0.78671875 0.10703125 0.0234375 0.01015625
0 0.99765625 0.21640625 0.0046875 0.02421875
0 0.878125 0.1625 0.0203125 0.009375
0 0.2828125 0.54921875 0.03984375 0.015625
0 0.2546875 0.40625 0.02109375 0.0140625
0 0.5109375 0.48203125 0.0375 0.01796875
0 0.3796875 0.60703125 0.0453125 0.0203125
0 0.3390625 0.64921875 0.0375 0.0171875
0 0.55234375 0.56640625 0.03359375 0.01640625
0 0.4359375 0.63828125 0.03515625 0.015625
0 0.49375 0.3828125 0.03125 0.015625
0 0.5125 0.60625 0.03984375 0.01328125
0 0.5515625 0.4984375 0.03515625 0.01640625
0 0.70625 0.5328125 0.03515625 0.01953125
0 0.7078125 0.6 0.02734375 0.01328125
0 0.9578125 0.47890625 0.01640625 0.01640625
0 0.8984375 0.634375 0.0140625 0.01171875
0 0.8875 0.51328125 0.02265625 0.01484375
0 0.9015625 0.5875 0.0125 0.0078125
0 0.8984375 0.3875 0.0171875 0.01640625
0 0.76484375 0.47109375 0.02734375 0.0140625
0 0.89609375 0.6703125 0.0125 0.009375
0 0.89453125 0.4296875 0.0171875 0.01328125
0 0.8921875 0.45390625 0.01875 0.01328125
0 0.403125 0.75 0.04375 0.0234375
0 0.55078125 0.80390625 0.0421875 0.02109375
0 0.3828125 0.7 0.0421875 0.0171875
0 0.5890625 0.72109375 0.0390625 0.015625
0 0.5703125 0.6984375 0.03515625 0.01796875
0 0.41015625 0.66796875 0.0390625 0.01796875
0 0.53125 0.70078125 0.02109375 0.01171875
0 0.6453125 0.7921875 0.0375 0.0234375
0 0.3140625 0.859375 0.03984375 0.021875
0 0.82578125 0.90234375 0.0421875 0.02421875
0 0.9578125 0.76484375 0.0109375 0.00703125
0 0.1578125 0.0703125 0.10859375 0.10234375
0 0.29609375 0.8015625 0.0515625 0.02265625
0 0.0890625 0.571875 0.11015625 0.103125
0 0.04375 0.18203125 0.05859375 0.0984375
0 0.20078125 0.4671875 0.02109375 0.0234375
0 0.059375 0.2671875 0.0984375 0.0625
0 0.56953125 0.1375 0.03984375 0.021875
0 0.64453125 0.08203125 0.0375 0.02109375
0 0.73984375 0.09140625 0.04140625 0.0140625
0 0.63046875 0.18515625 0.01640625 0.0109375
0 0.709375 0.84296875 0.02890625 0.01328125
0 0.7390625 0.92265625 0.0484375 0.02109375
0 0.89921875 0.646875 0.01015625 0.01015625
0 0.884375 0.6109375 0.0140625 0.01171875
0 0.90390625 0.54609375 0.01640625 0.01796875