0 0.95859375 0.23984375 0.03984375 0.01328125
0 0.28203125 0.465625 0.02890625 0.0375
0 0.0078125 0.60625 0.01484375 0.01953125
0 0.01796875 0.5203125 0.02890625 0.01484375
0 0.0484375 0.5875 0.0125 0.00625
0 0.0828125 0.60703125 0.01484375 0.00625
0 0.0046875 0.37421875 0.00859375 0.040625
0 0.55234375 0.6109375 0.03515625 0.01875
0 0.78984375 0.60390625 0.0203125 0.0234375
0 0.99453125 0.428125 0.00859375 0.01953125
0 0.115625 0.73125 0.0109375 0.0109375
0 0.428125 0.68671875 0.0515625 0.01953125
0 0.58359375 0.76875 0.0328125 0.025
0 0.7140625 0.8421875 0.03359375 0.0234375
0 0.91796875 0.675 0.03125 0.02265625
0 0.7703125 0.78359375 0.0359375 0.021875
0 0.69453125 0.7609375 0.02890625 0.02265625
0 0.69296875 0.7359375 0.01640625 0.01015625
0 0.17421875 0.34765625 0.1015625 0.08046875
0 0.24375 0.596875 0.0703125 0.04296875
1 0.8109375 0.5578125 0.1359375 0.10859375
0 0.0546875 0.77421875 0.0453125 0.0515625
0 0.9140625 0.7640625 0.0765625 0.040625
0 0.48203125 0.51171875 0.06640625 0.04296875
0 0.43515625 0.5265625 0.05234375 0.0296875
1 0.6390625 0.50390625 0.1359375 0.1015625
0 0.5375 0.6640625 0.06484375 0.0421875
0 0.39453125 0.50703125 0.0390625 0.03125
1 0.36484375 0.4359375 0.10625 0.0546875
0 0.3546875 0.4453125 0.0203125 0.01015625
0 0.4046875 0.37421875 0.01640625 0.01328125
0 0.665625 0.49296875 0.01640625 0.0125
0 0.67734375 0.59296875 0.0234375 0.0203125
0 0.64765625 0.61171875 0.0140625 0.0140625
1 0.7 0.578125 0.1296875 0.0828125
0 0.83359375 0.521875 0.01875 0.01875
0 0.83515625 0.53984375 0.0203125 0.015625
0 0.77734375 0.64375 0.0234375 0.00859375
1 0.79375 0.61484375 0.1296875 0.078125
0 0.990625 0.671875 0.01875 0.0078125
0 0.88671875 0.66875 0.01484375 0.009375
0 0.87421875 0.659375 0.0125 0.00859375
1 0.88828125 0.64921875 0.2234375 0.1421875
0 0.21640625 0.44765625 0.0390625 0.05546875
0 0.065625 0.59296875 0.0125 0.00625
0 0.13125 0.70625 0.0375 0.02890625
0 0.22890625 0.6140625 0.0140625 0.00859375
0 0.43125 0.2734375 0.0171875 0.00390625