0 0.203125 0.13046875 0.02109375 0.03125
0 0.43203125 0.65859375 0.05234375 0.025
0 0.5890625 0.878125 0.02734375 0.01328125
0 0.4765625 0.8609375 0.02265625 0.0234375
0 0.56875 0.8453125 0.01015625 0.01015625
0 0.5984375 0.82265625 0.01015625 0.0125
0 0.28203125 0.85625 0.05390625 0.01015625
0 0.65234375 0.47265625 0.02890625 0.028125
0 0.66796875 0.29453125 0.03359375 0.01796875
0 0.45625 0.1234375 0.02734375 0.00859375
0 0.76640625 0.8109375 0.01640625 0.009375
0 0.73984375 0.5734375 0.03125 0.040625
0 0.865625 0.465625 0.0375 0.02734375
0 0.9765625 0.37578125 0.03515625 0.02734375
0 0.77578125 0.20703125 0.0328125 0.025
0 0.9046875 0.328125 0.0328125 0.02890625
0 0.86640625 0.38203125 0.0328125 0.0234375
0 0.83359375 0.38046875 0.01484375 0.01328125
0 0.2640625 0.7265625 0.1171875 0.084375
0 0.6015625 0.70078125 0.06484375 0.05703125
1 0.60859375 0.27421875 0.15859375 0.11328125
0 0.8171875 0.86015625 0.07265625 0.0390625
0 0.89375 0.21875 0.0609375 0.0609375
0 0.5140625 0.51484375 0.0640625 0.0546875
0 0.52890625 0.55078125 0.0453125 0.0421875
1 0.51953125 0.39609375 0.1484375 0.1125
0 0.72109375 0.4890625 0.0625 0.05234375
0 0.4984375 0.5796875 0.0453125 0.03203125
1 0.40078125 0.59375 0.08359375 0.08515625
0 0.41171875 0.60234375 0.01640625 0.015625
0 0.32265625 0.5578125 0.01875 0.01328125
0 0.5078125 0.37578125 0.0171875 0.01328125
0 0.6421875 0.37734375 0.0296875 0.01953125
0 0.66328125 0.4015625 0.0203125 0.0125
1 0.625 0.35859375 0.12265625 0.10625
0 0.5640625 0.253125 0.0265625 0.015625
0 0.58828125 0.2546875 0.0234375 0.0171875
0 0.7203125 0.30859375 0.0140625 0.01875
1 0.6828125 0.29296875 0.11640625 0.1046875
0 0.77890625 0.15234375 0.0125 0.01484375
0 0.7640625 0.22890625 0.0140625 0.0125
0 0.75078125 0.2375 0.0125 0.01015625
1 0.73828125 0.2265625 0.2125 0.18203125
0 0.4015625 0.70625 0.07734375 0.03359375
0 0.57734375 0.83359375 0.01015625 0.01015625
0 0.73515625 0.796875 0.0421875 0.03125
0 0.621875 0.7140625 0.0125 0.0109375
0 0.1921875 0.52734375 0.00625 0.01328125