0 0.74609375 0.478125 0.025 0.0234375
0 0.471875 0.13671875 0.0296875 0.02265625
0 0.74453125 0.63359375 0.20390625 0.134375
0 0.8171875 0.68828125 0.1421875 0.09375
0 0.05390625 0.171875 0.09375 0.08359375
1 0.6421875 0.403125 0.0953125 0.05703125
0 0.6 0.81875 0.08515625 0.0484375
0 0.6203125 0.51015625 0.1859375 0.13671875
1 0.49296875 0.20546875 0.2828125 0.1640625
0 0.7765625 0.78515625 0.05 0.034375
0 0.4640625 0.16015625 0.03984375 0.05234375
0 0.4625 0.8609375 0.04375 0.0296875
0 0.7484375 0.7890625 0.0296875 0.01484375
0 0.8546875 0.85859375 0.02265625 0.01015625
0 0.865625 0.86328125 0.0359375 0.01484375
0 0.91953125 0.7984375 0.01015625 0.0140625
0 0.92265625 0.8640625 0.0171875 0.0109375
0 0.971875 0.70625 0.0125 0.0109375
0 0.97421875 0.540625 0.0109375 0.01015625
1 0.98671875 0.4796875 0.0203125 0.0359375
0 0.98984375 0.33984375 0.01484375 0.09921875
0 0.909375 0.1375 0.06875 0.03671875
0 0.84453125 0.29921875 0.0234375 0.01796875
0 0.74609375 0.559375 0.0515625 0.03203125
0 0.6578125 0.38984375 0.01484375 0.0171875
0 0.6125 0.51953125 0.0203125 0.01015625
0 0.4515625 0.41953125 0.0265625 0.015625
0 0.4203125 0.41953125 0.0234375 0.00859375
0 0.4578125 0.4078125 0.0125 0.0140625
0 0.41953125 0.35625 0.03515625 0.0296875
0 0.44453125 0.3234375 0.05390625 0.03125
0 0.42265625 0.32109375 0.02265625 0.03125
0 0.35625 0.41015625 0.03125 0.015625
0 0.3390625 0.41015625 0.0296875 0.01875
0 0.3203125 0.409375 0.0203125 0.02421875
0 0.3140625 0.39921875 0.0171875 0.0234375
0 0.40546875 0.25703125 0.0171875 0.009375
0 0.609375 0.26484375 0.0375 0.0140625
0 0.1828125 0.34765625 0.01015625 0.01796875
1 0.2640625 0.38515625 0.2 0.184375
1 0.38046875 0.36484375 0.1796875 0.14375
1 0.46171875 0.35390625 0.20234375 0.1546875
0 0.40078125 0.31640625 0.02265625 0.0125
0 0.2 0.80078125 0.01875 0.0171875
0 0.21640625 0.8 0.0234375 0.0171875