0 0.86328125 0.29609375 0.03125 0.0328125
0 0.890625 0.8125 0.03984375 0.03125
0 0.91953125 0.6796875 0.04609375 0.021875
0 0.70703125 0.51875 0.03984375 0.02734375
0 0.40625 0.47265625 0.03515625 0.021875
0 0.42734375 0.78046875 0.0375 0.02890625
0 0.390625 0.75390625 0.03359375 0.028125
1 0.56015625 0.37890625 0.1515625 0.115625
0 0.590625 0.78828125 0.10390625 0.0875
0 0.62890625 0.71171875 0.15390625 0.08828125
0 0.70234375 0.7171875 0.06875 0.0453125
0 0.0578125 0.45234375 0.0515625 0.053125
0 0.890625 0.4875 0.08984375 0.03125
0 0.02109375 0.553125 0.03984375 0.06015625
0 0.6421875 0.17265625 0.05234375 0.046875
0 0.36015625 0.78984375 0.08125 0.046875
0 0.365625 0.41015625 0.0578125 0.03125
0 0.22578125 0.8578125 0.075 0.0296875
0 0.0046875 0.23515625 0.009375 0.0484375
0 0.4703125 0.17578125 0.06484375 0.053125
0 0.45078125 0.33671875 0.0390625 0.0359375
0 0.64921875 0.6140625 0.02890625 0.028125
0 0.48125 0.590625 0.03125 0.02890625
0 0.47265625 0.69296875 0.02734375 0.021875
0 0.36640625 0.82265625 0.0171875 0.01015625
0 0.40390625 0.8703125 0.03359375 0.02265625
0 0.38515625 0.85078125 0.0125 0.01328125
1 0.39375 0.8328125 0.11640625 0.07578125
0 0.62421875 0.8546875 0.02265625 0.0109375
0 0.8359375 0.54921875 0.02890625 0.0171875
0 0.99375 0.61953125 0.0125 0.028125
0 0.8953125 0.109375 0.04140625 0.0140625
0 0.7359375 0.11640625 0.03125 0.01015625
0 0.7796875 0.26484375 0.0453125 0.0296875
0 0.27890625 0.60390625 0.05234375 0.03125
0 0.2078125 0.71015625 0.02734375 0.01796875
0 0.2046875 0.7578125 0.0140625 0.01328125
0 0.096875 0.67734375 0.02890625 0.01953125
0 0.05859375 0.7765625 0.0140625 0.0109375
0 0.3 0.1375 0.025 0.0078125