0 0.1140625 0.67890625 0.0296875 0.03125
0 0.146875 0.16328125 0.0390625 0.0296875
0 0.103125 0.29375 0.0453125 0.0203125
0 0.01953125 0.18671875 0.025 0.028125
0 0.29609375 0.46796875 0.0375 0.0265625
0 0.590625 0.53359375 0.03359375 0.01953125
0 0.6046875 0.22578125 0.0359375 0.02734375
0 0.63828125 0.2546875 0.03125 0.0265625
1 0.4265625 0.61640625 0.14375 0.109375
0 0.44296875 0.20703125 0.0984375 0.08359375
0 0.39609375 0.28125 0.14765625 0.0828125
0 0.3234375 0.27109375 0.06640625 0.0421875
0 0.934375 0.5765625 0.04765625 0.05234375
0 0.109375 0.48671875 0.0875 0.02734375
0 0.98203125 0.47734375 0.0359375 0.0578125
0 0.3203125 0.81640625 0.05 0.0453125
0 0.6734375 0.2203125 0.07890625 0.04375
0 0.6234375 0.59765625 0.05625 0.02890625
0 0.81484375 0.1609375 0.07265625 0.02734375
0 0.97578125 0.79453125 0.0359375 0.046875
0 0.4921875 0.825 0.0609375 0.0515625
0 0.5296875 0.66640625 0.0375 0.034375
0 0.36484375 0.3765625 0.02734375 0.02734375
0 0.52890625 0.41171875 0.0296875 0.02734375
0 0.55 0.309375 0.0265625 0.0203125
0 0.67109375 0.1875 0.01640625 0.009375
0 0.6390625 0.1375 0.0328125 0.0203125
0 0.65546875 0.15859375 0.0109375 0.0125
1 0.64453125 0.175 0.1109375 0.071875
0 0.4171875 0.1390625 0.02109375 0.01015625
0 0.17109375 0.42890625 0.02734375 0.015625
0 0.01484375 0.3484375 0.0234375 0.02734375
0 0.06015625 0.86328125 0.03984375 0.01328125
0 0.2203125 0.8671875 0.0296875 0.00859375
0 0.19375 0.71640625 0.04375 0.02890625
0 0.7328125 0.41015625 0.0515625 0.02890625
0 0.81484375 0.309375 0.0265625 0.0171875
0 0.8234375 0.26171875 0.0125 0.0125
0 0.92265625 0.34921875 0.02734375 0.01875
0 0.97109375 0.253125 0.0125 0.01015625
0 0.65703125 0.87421875 0.025 0.00625