0 0.68984375 0.6140625 0.0859375 0.08515625
0 0.8390625 0.48203125 0.04140625 0.03828125
0 0.52109375 0.8421875 0.0390625 0.03203125
0 0.11328125 0.8390625 0.03984375 0.03671875
0 0.7078125 0.353125 0.04609375 0.07109375
0 0.775 0.85390625 0.03125 0.0359375
0 0.3453125 0.23828125 0.125 0.0328125
0 0.3890625 0.8046875 0.04609375 0.0421875
0 0.58203125 0.83671875 0.0375 0.02890625
0 0.678125 0.27890625 0.0453125 0.04296875
0 0.90390625 0.7140625 0.04140625 0.02265625
0 0.82578125 0.59296875 0.025 0.02421875
0 0.803125 0.675 0.03515625 0.02421875
0 0.76484375 0.66328125 0.0265625 0.01875
0 0.53984375 0.37578125 0.0265625 0.021875
0 0.4046875 0.48125 0.03984375 0.01875
0 0.3484375 0.7171875 0.0328125 0.0234375
0 0.3703125 0.671875 0.02734375 0.015625
0 0.40390625 0.66796875 0.03125 0.0171875
0 0.53671875 0.76484375 0.01484375 0.0109375
0 0.39375 0.64609375 0.03125 0.01875
0 0.62578125 0.62421875 0.02265625 0.01953125
0 0.27109375 0.24453125 0.0234375 0.0328125
0 0.08984375 0.35625 0.0234375 0.01953125
0 0.1078125 0.7421875 0.02734375 0.01953125
0 0.89296875 0.1515625 0.0140625 0.0125
0 0.9515625 0.38203125 0.0265625 0.04140625
0 0.9328125 0.4453125 0.02265625 0.02421875
0 0.91171875 0.52578125 0.0453125 0.02265625
0 0.6421875 0.6234375 0.0125 0.015625
0 0.7375 0.515625 0.0375 0.0171875
0 0.7265625 0.5296875 0.0234375 0.01953125
0 0.36953125 0.71640625 0.0359375 0.021875
0 0.2484375 0.6640625 0.0359375 0.025
0 0.3828125 0.13203125 0.0453125 0.0140625
0 0.33046875 0.1375 0.05859375 0.00859375
0 0.35234375 0.15546875 0.07265625 0.00859375
0 0.32109375 0.14921875 0.1890625 0.01875
0 0.30625 0.23359375 0.025 0.01328125
0 0.2953125 0.22578125 0.03125 0.0203125