0 0.6765625 0.62578125 0.09609375 0.090625
0 0.8390625 0.50390625 0.0453125 0.04140625
0 0.48125 0.8421875 0.0421875 0.034375
0 0.075 0.81171875 0.04375 0.0390625
0 0.7234375 0.3671875 0.05390625 0.07421875
0 0.7328125 0.8703125 0.03515625 0.0375
0 0.3765625 0.22890625 0.12890625 0.04140625
0 0.35390625 0.796875 0.0515625 0.0453125
0 0.5421875 0.84140625 0.04140625 0.03125
0 0.703125 0.29140625 0.05 0.04609375
0 0.87734375 0.73984375 0.04375 0.025
0 0.8140625 0.6140625 0.02734375 0.0265625
0 0.78203125 0.69453125 0.0375 0.0265625
0 0.7453125 0.6796875 0.02890625 0.0203125
0 0.5546875 0.37890625 0.02890625 0.0234375
0 0.40703125 0.475 0.0421875 0.021875
0 0.3234375 0.70625 0.03515625 0.025
0 0.3515625 0.66328125 0.02890625 0.01796875
0 0.384375 0.6609375 0.0328125 0.01875
0 0.50546875 0.76640625 0.01640625 0.0125
0 0.3765625 0.6390625 0.03359375 0.0203125
0 0.6109375 0.63203125 0.025 0.0203125
0 0.3015625 0.23046875 0.02734375 0.034375
0 0.1078125 0.3296875 0.0265625 0.021875
0 0.08125 0.715625 0.0296875 0.021875
0 0.93203125 0.17890625 0.01484375 0.01328125
0 0.9640625 0.4125 0.03125 0.04296875
0 0.9375 0.47421875 0.025 0.025
0 0.9078125 0.55234375 0.04765625 0.025
0 0.62734375 0.6328125 0.0140625 0.0171875
0 0.73515625 0.53125 0.0390625 0.01953125
0 0.72265625 0.54453125 0.0265625 0.021875
0 0.3453125 0.70703125 0.0390625 0.0234375
0 0.23046875 0.646875 0.0390625 0.02734375
0 0.42578125 0.12578125 0.04609375 0.0171875
0 0.3734375 0.12734375 0.06015625 0.0125
0 0.39296875 0.146875 0.0734375 0.01328125
0 0.3625 0.1390625 0.18984375 0.03125
0 0.33828125 0.221875 0.0265625 0.01484375
0 0.32734375 0.2140625 0.03359375 0.02265625