0 0.2890625 0.5015625 0.07265625 0.06015625
0 0.4515625 0.69609375 0.1078125 0.0578125
1 0.7375 0.75859375 0.21640625 0.0671875
0 0.62890625 0.471875 0.0421875 0.02890625
0 0.9375 0.5296875 0.03515625 0.0328125
0 0.63515625 0.82578125 0.0421875 0.0296875
0 0.64296875 0.6625 0.04375 0.0328125
0 0.603125 0.4421875 0.0390625 0.0265625
0 0.43125 0.40703125 0.0578125 0.0375
0 0.9671875 0.44921875 0.04375 0.028125
0 0.26796875 0.4515625 0.0890625 0.0421875
0 0.11875 0.31796875 0.06484375 0.0421875
0 0.0359375 0.80390625 0.0421875 0.03125
1 0.3765625 0.7140625 0.21015625 0.09765625
0 0.20625 0.475 0.04765625 0.03671875
0 0.58984375 0.6078125 0.0421875 0.0328125
1 0.83984375 0.54921875 0.07734375 0.10859375
0 0.66484375 0.53203125 0.03515625 0.02734375
0 0.45859375 0.4453125 0.0375 0.028125
0 0.14296875 0.3578125 0.03515625 0.03125
0 0.0140625 0.48984375 0.028125 0.0359375
0 0.01171875 0.653125 0.0234375 0.04296875
0 0.1671875 0.32578125 0.0359375 0.02734375
0 0.54375 0.3109375 0.0375 0.01953125
0 0.515625 0.32890625 0.0265625 0.0203125
0 0.1203125 0.53359375 0.03125 0.0265625
0 0.32734375 0.4609375 0.0328125 0.02265625
0 0.1515625 0.58125 0.0109375 0.00859375
0 0.0234375 0.5484375 0.01875 0.01328125
0 0.0484375 0.5671875 0.01875 0.0125
0 0.32421875 0.3515625 0.0265625 0.01484375
0 0.31328125 0.56796875 0.0140625 0.0078125
0 0.090625 0.54375 0.0359375 0.025
0 0.19609375 0.453125 0.0125 0.00859375
0 0.48671875 0.46640625 0.0265625 0.01875
0 0.3703125 0.59375 0.02109375 0.0140625
0 0.46015625 0.35 0.025 0.015625
0 0.45703125 0.62109375 0.02109375 0.01328125
0 0.515625 0.5390625 0.0109375 0.01015625
0 0.4703125 0.665625 0.0203125 0.01328125
0 0.6515625 0.56171875 0.0140625 0.009375
0 0.72734375 0.4375 0.02265625 0.0359375
0 0.75078125 0.47734375 0.02109375 0.0265625
0 0.9890625 0.54765625 0.02109375 0.034375
0 0.0109375 0.746875 0.021875 0.034375
0 0.01015625 0.690625 0.0203125 0.021875
0 0.2265625 0.68671875 0.02890625 0.02421875
0 0.5515625 0.8625 0.01484375 0.01328125
0 0.58515625 0.875 0.0125 0.01015625
0 0.50859375 0.815625 0.01484375 0.0109375
0 0.43125 0.87421875 0.01484375 0.0109375
0 0.8390625 0.74765625 0.02109375 0.0171875
0 0.9796875 0.721875 0.02265625 0.0171875
0 0.68515625 0.8515625 0.0203125 0.01484375
0 0.97421875 0.6796875 0.0234375 0.0203125
0 0.9640625 0.81484375 0.01484375 0.01015625
0 0.99765625 0.365625 0.0046875 0.01484375
1 0.63984375 0.346875 0.06484375 0.096875
1 0.5796875 0.36171875 0.0640625 0.103125
0 0.246875 0.31875 0.0234375 0.01015625
0 0.92109375 0.66328125 0.0140625 0.009375
0 0.99765625 0.72109375 0.0046875 0.0140625
0 0.2765625 0.78515625 0.01015625 0.00859375
1 0.2046875 0.66484375 0.0890625 0.159375
0 0.003125 0.84140625 0.00625 0.0109375
1 0.6890625 0.53984375 0.1765625 0.103125
1 0.6296875 0.5921875 0.10234375 0.10703125