0 0.290625 0.515625 0.07890625 0.06484375
0 0.47421875 0.6984375 0.1140625 0.06484375
1 0.7671875 0.7421875 0.2234375 0.08125
0 0.625 0.46328125 0.04609375 0.03203125
0 0.9390625 0.5015625 0.0390625 0.034375
0 0.67265625 0.815625 0.04609375 0.0328125
0 0.6609375 0.65234375 0.04765625 0.0359375
0 0.59609375 0.4359375 0.04140625 0.02890625
0 0.4203125 0.41171875 0.0609375 0.04140625
0 0.959375 0.41875 0.04609375 0.03125
0 0.26328125 0.46640625 0.09375 0.04765625
0 0.09921875 0.34375 0.0703125 0.04609375
0 0.0734375 0.8328125 0.04609375 0.03359375
1 0.4015625 0.72109375 0.2203125 0.1109375
0 0.2046875 0.49453125 0.0515625 0.0390625
0 0.6015625 0.6015625 0.04609375 0.0359375
1 0.84453125 0.5265625 0.08984375 0.11328125
0 0.66796875 0.52109375 0.0375 0.02890625
0 0.45234375 0.44765625 0.04140625 0.03125
0 0.128125 0.38125 0.0390625 0.0328125
0 0.015625 0.52265625 0.03125 0.03828125
0 0.03125 0.684375 0.02890625 0.04375
0 0.1484375 0.3484375 0.0390625 0.02890625
0 0.521875 0.30859375 0.03984375 0.02265625
0 0.4953125 0.328125 0.02890625 0.02265625
0 0.12578125 0.5578125 0.03359375 0.028125
0 0.3234375 0.47265625 0.03515625 0.02421875
0 0.1625 0.60390625 0.0125 0.009375
0 0.03046875 0.57890625 0.0203125 0.0140625
0 0.0578125 0.596875 0.0203125 0.01328125
0 0.3078125 0.36328125 0.02734375 0.0171875
0 0.321875 0.58046875 0.01484375 0.00859375
0 0.09765625 0.57109375 0.0390625 0.02734375
0 0.1921875 0.4734375 0.0140625 0.009375
0 0.4828125 0.46796875 0.02890625 0.0203125
0 0.38203125 0.6015625 0.02265625 0.01484375
0 0.4421875 0.353125 0.0265625 0.01796875
0 0.47109375 0.6234375 0.02265625 0.0140625
0 0.5203125 0.53828125 0.0125 0.0109375
0 0.48984375 0.6671875 0.02109375 0.0140625
0 0.6578125 0.55078125 0.01484375 0.01015625
0 0.71953125 0.4234375 0.0265625 0.03671875
0 0.746875 0.4609375 0.0234375 0.02734375
0 0.98984375 0.515625 0.0203125 0.0359375
0 0.0421875 0.77734375 0.0265625 0.0359375
0 0.03359375 0.721875 0.02265625 0.02265625
0 0.24921875 0.7046875 0.03125 0.0265625
0 0.59296875 0.8578125 0.01640625 0.0140625
0 0.628125 0.86796875 0.0140625 0.0109375
0 0.5453125 0.81328125 0.01640625 0.0125
0 0.475 0.87734375 0.01640625 0.0125
0 0.8671875 0.725 0.0234375 0.01796875
0 0.99453125 0.6890625 0.0109375 0.01875
0 0.725 0.83828125 0.02109375 0.015625
0 0.98984375 0.64765625 0.0203125 0.02265625
0 0.99453125 0.78359375 0.0109375 0.0109375
0 0.9796875 0.334375 0.00625 0.01484375
1 0.621875 0.33828125 0.0765625 0.1
1 0.5640625 0.35703125 0.075 0.10703125
0 0.2265625 0.33671875 0.025 0.0125
0 0.9390625 0.63515625 0.01484375 0.01015625
0 0.3109375 0.79921875 0.0109375 0.009375
1 0.225 0.68359375 0.1078125 0.16484375
0 0.04453125 0.87265625 0.0078125 0.0109375
1 0.6921875 0.52734375 0.1875 0.1140625
1 0.63984375 0.58359375 0.11484375 0.11328125