0 0.1890625 0.3234375 0.03125 0.01953125
0 0.3484375 0.28359375 0.03125 0.01953125
0 0.4890625 0.28515625 0.0296875 0.01875
0 0.3 0.31015625 0.01875 0.015625
0 0.77421875 0.21875 0.0390625 0.02734375
0 0.91484375 0.1828125 0.0390625 0.028125
0 0.70390625 0.19453125 0.0375 0.025
0 0.2171875 0.5484375 0.04609375 0.0328125
0 0.08984375 0.58359375 0.0390625 0.028125
0 0.290625 0.565625 0.0171875 0.015625
0 0.209375 0.42109375 0.01015625 0.00859375
0 0.240625 0.6859375 0.0171875 0.01328125
0 0.55 0.39609375 0.02265625 0.01796875
0 0.56796875 0.60859375 0.01640625 0.0109375
0 0.60390625 0.49921875 0.0234375 0.01796875
0 0.64453125 0.4109375 0.0234375 0.0203125
0 0.5578125 0.384375 0.0234375 0.01953125
0 0.3609375 0.4078125 0.01875 0.01484375
0 0.984375 0.53828125 0.02265625 0.01796875
0 0.7921875 0.5578125 0.0328125 0.02421875
0 0.975 0.44921875 0.025 0.0203125
0 0.1421875 0.91328125 0.01875 0.01328125
0 0.13125 0.8125 0.01484375 0.01015625
0 0.61328125 0.671875 0.01640625 0.0125
0 0.40546875 0.3109375 0.0859375 0.06484375
0 0.6921875 0.2875 0.0890625 0.06875
1 0.8390625 0.78125 0.1203125 0.06484375
0 0.7828125 0.3859375 0.08984375 0.05
0 0.0890625 0.33671875 0.0625 0.04375
0 0.09609375 0.47421875 0.06484375 0.046875
0 0.5828125 0.475 0.0578125 0.046875
1 0.3421875 0.59296875 0.09375 0.0875
0 0.27578125 0.85546875 0.0484375 0.0375
0 0.43046875 0.48046875 0.05234375 0.0390625
0 0.39765625 0.5125 0.05234375 0.03203125
1 0.69375 0.7734375 0.1171875 0.06171875
0 0.85625 0.3953125 0.0921875 0.05
0 0.8734375 0.29921875 0.10859375 0.0515625
0 0.83203125 0.521875 0.05234375 0.040625
0 0.753125 0.5296875 0.01640625 0.0140625
0 0.7453125 0.51875 0.01484375 0.0140625
0 0.575 0.32421875 0.06875 0.05703125
0 0.2546875 0.35390625 0.01015625 0.009375
0 0.17734375 0.39453125 0.02265625 0.0140625
0 0.42421875 0.4140625 0.0125 0.00625
0 0.41953125 0.41015625 0.01484375 0.0078125
0 0.31328125 0.459375 0.0578125 0.0421875
0 0.33515625 0.61328125 0.0125 0.015625
1 0.48671875 0.78359375 0.27109375 0.084375
1 0.29140625 0.73984375 0.16484375 0.2078125
1 0.33125 0.68125 0.16484375 0.20234375