0 0.76171875 0.28359375 0.0234375 0.021875
0 0.8 0.40546875 0.0234375 0.021875
0 0.7859375 0.5109375 0.0234375 0.0203125
0 0.76953125 0.3671875 0.0203125 0.01328125
0 0.85078125 0.7296875 0.03359375 0.02734375
0 0.88515625 0.8375 0.03515625 0.02734375
0 0.8890625 0.67890625 0.03125 0.0265625
0 0.4609375 0.284375 0.04140625 0.03203125
0 0.425 0.18671875 0.03515625 0.02734375
0 0.43046875 0.3375 0.0203125 0.0125
0 0.63046875 0.28984375 0.0109375 0.0078125
0 0.27578125 0.28984375 0.01640625 0.0125
0 0.6328125 0.54609375 0.02265625 0.01484375
0 0.35 0.54140625 0.0140625 0.0109375
0 0.4921875 0.578125 0.02109375 0.015625
0 0.60546875 0.615625 0.0265625 0.0171875
0 0.6484375 0.553125 0.025 0.0171875
0 0.63515625 0.40390625 0.01875 0.01328125
0 0.4078125 0.85859375 0.02265625 0.01484375
0 0.39765625 0.71328125 0.0296875 0.0234375
0 0.52578125 0.85859375 0.025 0.01796875
0 0.1171875 0.19765625 0.0125 0.0109375
0 0.2625 0.56953125 0.01484375 0.0109375
0 0.759375 0.4453125 0.08125 0.06015625
0 0.76640625 0.66171875 0.08515625 0.06171875
1 0.09609375 0.72890625 0.07734375 0.0859375
0 0.6265625 0.72109375 0.06015625 0.06484375
0 0.75234375 0.20703125 0.0546875 0.04375
0 0.56953125 0.20078125 0.05859375 0.04609375
0 0.52578125 0.5640625 0.05859375 0.040625
1 0.390625 0.3734375 0.1109375 0.0640625
0 0.04765625 0.3015625 0.04765625 0.03359375
0 0.5328125 0.45 0.0484375 0.03671875
0 0.49296875 0.421875 0.0390625 0.0375
1 0.11953125 0.62109375 0.0734375 0.084375
0 0.6078125 0.775 0.06015625 0.06640625
0 0.73515625 0.796875 0.0609375 0.07890625
0 0.4421875 0.74609375 0.05 0.03671875
0 0.43828125 0.68671875 0.0171875 0.0109375
0 0.45390625 0.68203125 0.0171875 0.01015625
0 0.72734375 0.57109375 0.07265625 0.04765625
0 0.715625 0.3296875 0.0125 0.0078125
0 0.66796875 0.26875 0.01640625 0.015625
0 0.6203125 0.4515625 0.00859375 0.00859375
0 0.6265625 0.44765625 0.00859375 0.01015625
0 0.5703125 0.3640625 0.05234375 0.040625
0 0.3640625 0.3671875 0.02109375 0.0078125
1 0.1234375 0.465625 0.08984375 0.2015625
1 0.2 0.32265625 0.2703125 0.1078125
1 0.2734375 0.3578125 0.2625 0.1078125