0 0.7953125 0.88515625 0.0265625 0.01875
0 0.5515625 0.7390625 0.0296875 0.01484375
0 0.2234375 0.79921875 0.0265625 0.02734375
0 0.29453125 0.83046875 0.0328125 0.03203125
0 0.35859375 0.8546875 0.0234375 0.01875
0 0.8078125 0.5484375 0.0453125 0.028125
0 0.6984375 0.459375 0.02109375 0.0140625
0 0.68359375 0.62109375 0.04140625 0.021875
0 0.3421875 0.49609375 0.05859375 0.028125
0 0.665625 0.59765625 0.03984375 0.0234375
0 0.6546875 0.45234375 0.0296875 0.0140625
0 0.48125 0.53828125 0.02890625 0.021875
0 0.29296875 0.52265625 0.02734375 0.01796875
0 0.2765625 0.43515625 0.02109375 0.01796875
0 0.1125 0.640625 0.03125 0.03125
0 0.69453125 0.3203125 0.02265625 0.0109375
0 0.753125 0.184375 0.02890625 0.015625
0 0.82890625 0.1375 0.0265625 0.0140625
0 0.49765625 0.2078125 0.01484375 0.0125
0 0.090625 0.2734375 0.0203125 0.0203125
0 0.95625 0.578125 0.0875 0.07890625
0 0.88984375 0.5578125 0.1171875 0.071875
0 0.83984375 0.72578125 0.0421875 0.034375
0 0.54296875 0.5578125 0.0875 0.07421875
0 0.60078125 0.53203125 0.06484375 0.05
0 0.97421875 0.5046875 0.0515625 0.06875
0 0.5078125 0.58515625 0.0671875 0.0734375
0 0.97421875 0.4515625 0.05 0.05078125
0 0.1859375 0.6046875 0.03984375 0.0375
0 0.1421875 0.66171875 0.08515625 0.071875
0 0.778125 0.46640625 0.0453125 0.03359375
0 0.82734375 0.52265625 0.09765625 0.0515625
0 0.87265625 0.88203125 0.0390625 0.034375
0 0.80546875 0.47890625 0.05625 0.0375
0 0.3140625 0.4953125 0.03984375 0.04375
0 0.14609375 0.46640625 0.07265625 0.04296875
0 0.09609375 0.48984375 0.04140625 0.04375
0 0.1265625 0.4984375 0.05390625 0.0484375
0 0.15 0.7796875 0.04140625 0.03359375
0 0.840625 0.81328125 0.01015625 0.00625
0 0.8140625 0.89296875 0.01875 0.0078125
0 0.68203125 0.4671875 0.02109375 0.00859375
0 0.6828125 0.47578125 0.01875 0.0109375
0 0.05625 0.3375 0.0359375 0.0328125
0 0.3828125 0.38359375 0.0125 0.009375