0 0.17734375 0.5171875 0.0203125 0.02265625
0 0.1265625 0.2671875 0.0359375 0.01953125
0 0.078125 0.3171875 0.0421875 0.0234375
0 0.04140625 0.36328125 0.025 0.01796875
0 0.40859375 0.72578125 0.0359375 0.03359375
0 0.5359375 0.6515625 0.01875 0.01484375
0 0.32265625 0.62734375 0.02734375 0.03125
0 0.51953125 0.38203125 0.0375 0.04375
0 0.35546875 0.615625 0.0296875 0.0296875
0 0.55 0.6203125 0.01875 0.021875
0 0.4515625 0.4828125 0.02890625 0.021875
0 0.48828125 0.34375 0.0234375 0.0203125
0 0.60546875 0.3390625 0.0234375 0.015625
0 0.346875 0.1984375 0.04140625 0.02265625
0 0.72109375 0.6609375 0.01484375 0.015625
0 0.896875 0.71640625 0.02109375 0.021875
0 0.953125 0.77734375 0.01875 0.01875
0 0.8890625 0.52421875 0.01484375 0.01015625
0 0.8375 0.2140625 0.02734375 0.01484375
0 0.35546875 0.83671875 0.10234375 0.0703125
0 0.3890625 0.7859375 0.09375 0.0859375
0 0.1703125 0.734375 0.0453125 0.03125
0 0.41953125 0.52734375 0.09765625 0.06484375
0 0.44921875 0.571875 0.06640625 0.04765625
0 0.45234375 0.85546875 0.08984375 0.0390625
0 0.3859375 0.4984375 0.09609375 0.05
0 0.52265625 0.85859375 0.06640625 0.03671875
0 0.38828125 0.25546875 0.0484375 0.02890625
0 0.31640625 0.21875 0.0953125 0.0625
0 0.5203125 0.71015625 0.04375 0.0328125
0 0.44140625 0.74296875 0.0671875 0.071875
0 0.5015625 0.73046875 0.0484375 0.04140625
0 0.52265625 0.36171875 0.0578125 0.0296875
0 0.57578125 0.2390625 0.05625 0.053125
0 0.5484375 0.19921875 0.0578125 0.03125
0 0.53515625 0.221875 0.0640625 0.0390625
0 0.15859375 0.21484375 0.04375 0.0296875
0 0.05390625 0.7265625 0.00859375 0.0078125
0 0.528125 0.6390625 0.0109375 0.015625
0 0.51640625 0.63828125 0.0140625 0.01328125
0 0.7546875 0.1828125 0.04375 0.0265625
0 0.66484375 0.42265625 0.0125 0.00859375