0 0.05390625 0.69609375 0.1078125 0.07890625
0 0.553125 0.65 0.10859375 0.078125
0 0.18671875 0.61328125 0.08125 0.0578125
0 0.8109375 0.271875 0.0828125 0.0625
0 0.29921875 0.6953125 0.0734375 0.040625
0 0.4140625 0.22578125 0.04765625 0.03671875
0 0.36953125 0.44765625 0.0890625 0.03203125
0 0.3640625 0.7390625 0.0515625 0.02734375
0 0.2296875 0.78984375 0.0734375 0.04140625
0 0.409375 0.5765625 0.08359375 0.03359375
0 0.26875 0.80859375 0.06484375 0.02734375
0 0.2390625 0.6109375 0.05 0.05625
0 0.665625 0.14921875 0.05859375 0.046875
0 0.4 0.86796875 0.0703125 0.02890625
0 0.31171875 0.7296875 0.05390625 0.04765625
0 0.29375 0.2640625 0.03984375 0.03359375
0 0.490625 0.15234375 0.0359375 0.034375
0 0.740625 0.2890625 0.0734375 0.053125
0 0.68125 0.3015625 0.075 0.053125
0 0.33125 0.3859375 0.02265625 0.05078125
0 0.0203125 0.59296875 0.03984375 0.1125
0 0.6203125 0.61640625 0.05234375 0.03359375
0 0.15078125 0.0875 0.02890625 0.02265625
0 0.3734375 0.31328125 0.02265625 0.01796875
0 0.4265625 0.2984375 0.0140625 0.0125
0 0.41171875 0.30546875 0.01640625 0.0109375
0 0.3734375 0.33046875 0.02109375 0.01875
0 0.62890625 0.284375 0.01484375 0.0125
0 0.91328125 0.14375 0.00859375 0.00625
0 0.8125 0.309375 0.03359375 0.0171875
0 0.92578125 0.1703125 0.01640625 0.00859375
0 0.025 0.45234375 0.0328125 0.021875
0 0.08203125 0.340625 0.01484375 0.021875
0 0.45546875 0.6 0.02890625 0.0171875
0 0.3734375 0.34921875 0.0234375 0.0203125
0 0.575 0.4828125 0.0171875 0.0140625
0 0.56484375 0.49765625 0.0203125 0.0171875
0 0.64921875 0.33359375 0.0296875 0.0203125
0 0.65859375 0.63515625 0.02265625 0.0140625
0 0.6765625 0.58515625 0.02890625 0.021875
0 0.9796875 0.4921875 0.0265625 0.01953125
0 0.95546875 0.4734375 0.0140625 0.0125
0 0.9609375 0.4828125 0.01640625 0.015625
0 0.45703125 0.55546875 0.08359375 0.01796875
0 0.45703125 0.54296875 0.025 0.00859375