0 0.1859375 0.19140625 0.1171875 0.08984375
0 0.3078125 0.5578125 0.11640625 0.08984375
0 0.3125 0.28046875 0.0859375 0.0671875
0 0.8390625 0.70390625 0.09375 0.06953125
0 0.2171875 0.37421875 0.0625 0.06015625
0 0.853125 0.40234375 0.05390625 0.0390625
0 0.553125 0.39609375 0.05234375 0.0703125
0 0.1671875 0.428125 0.0421875 0.04140625
0 0.0828125 0.334375 0.0640625 0.06015625
0 0.38828125 0.4421875 0.0546875 0.06640625
0 0.0640625 0.365625 0.04375 0.0515625
0 0.32109375 0.31875 0.0796875 0.04375
0 0.975 0.58046875 0.05 0.05
0 0.0109375 0.46953125 0.021875 0.0546875
0 0.1734375 0.38828125 0.0703125 0.04609375
0 0.78671875 0.31796875 0.05 0.03359375
0 0.959375 0.45078125 0.05 0.03125
0 0.80859375 0.653125 0.0796875 0.06171875
0 0.78515625 0.6109375 0.0796875 0.06171875
0 0.6296875 0.36015625 0.0703125 0.02265625
0 0.31875 0.15390625 0.15390625 0.04296875
0 0.36015625 0.60390625 0.0515625 0.04296875
0 0.73125 0.38359375 0.0265625 0.01875
0 0.7578125 0.42109375 0.0171875 0.0125
0 0.746875 0.41015625 0.01640625 0.01328125
0 0.70859375 0.38515625 0.02734375 0.01796875
0 0.8015625 0.56953125 0.0171875 0.0125
0 0.790625 0.709375 0.0265625 0.02734375
0 0.9890625 0.7765625 0.0140625 0.01328125
0 0.50546875 0.140625 0.0328125 0.02734375
0 0.66015625 0.16953125 0.0296875 0.0140625
0 0.3625 0.47890625 0.0265625 0.0234375
0 0.68359375 0.38671875 0.0296875 0.0203125
0 0.53125 0.55390625 0.02109375 0.01484375
0 0.5109375 0.5484375 0.025 0.0171875
0 0.73828125 0.590625 0.03125 0.025
0 0.340625 0.634375 0.02109375 0.01875
0 0.40859375 0.6421875 0.0328125 0.02421875
0 0.56796875 0.85625 0.02890625 0.021875
0 0.590625 0.8359375 0.0171875 0.0125
0 0.5796875 0.84140625 0.02265625 0.0140625
0 0.4203125 0.475 0.03359375 0.06484375
0 0.43828125 0.4734375 0.0140625 0.01953125