0 0.2859375 0.146875 0.11640625 0.08828125
0 0.2953125 0.52421875 0.11484375 0.0890625
0 0.3828125 0.2546875 0.08515625 0.06640625
0 0.76953125 0.75546875 0.0921875 0.06875
0 0.2625 0.3296875 0.0609375 0.059375
0 0.8734375 0.4640625 0.05390625 0.0390625
0 0.5828125 0.4078125 0.0515625 0.06953125
0 0.196875 0.37421875 0.04140625 0.04140625
0 0.14375 0.26796875 0.0625 0.059375
0 0.4078125 0.42421875 0.05390625 0.065625
0 0.11484375 0.2953125 0.0421875 0.0515625
0 0.3796875 0.29375 0.0796875 0.04296875
0 0.9484375 0.66015625 0.06875 0.0484375
0 0.0265625 0.38671875 0.03515625 0.0546875
0 0.21484375 0.33515625 0.06875 0.0453125
0 0.834375 0.3703125 0.0484375 0.03359375
0 0.9625 0.5296875 0.05 0.03125
0 0.7546875 0.7015625 0.07890625 0.0609375
0 0.74453125 0.65625 0.07890625 0.06171875
0 0.66875 0.3859375 0.0703125 0.02265625
0 0.4265625 0.1328125 0.15390625 0.04140625
0 0.3328125 0.57734375 0.05 0.04296875
0 0.7609375 0.42578125 0.0265625 0.01875
0 0.775 0.46640625 0.0171875 0.0109375
0 0.7671875 0.4546875 0.01640625 0.01328125
0 0.7375 0.4234375 0.02734375 0.01796875
0 0.77265625 0.61875 0.0171875 0.0125
0 0.9296875 0.8453125 0.01015625 0.0078125
0 0.7203125 0.753125 0.0265625 0.02734375
0 0.89296875 0.8515625 0.0125 0.01328125
0 0.61328125 0.15078125 0.0328125 0.0265625
0 0.7546875 0.2046875 0.0296875 0.01328125
0 0.37265625 0.45625 0.025 0.0234375
0 0.7125 0.42109375 0.0296875 0.01953125
0 0.5140625 0.5578125 0.0203125 0.0140625
0 0.49609375 0.5484375 0.025 0.0171875
0 0.7046875 0.62890625 0.0296875 0.02421875
0 0.3046875 0.6046875 0.02109375 0.01796875
0 0.36796875 0.62265625 0.03125 0.0234375
0 0.46015625 0.85859375 0.02890625 0.021875
0 0.4875 0.8421875 0.0171875 0.0109375
0 0.475 0.84609375 0.02265625 0.0140625
0 0.43046875 0.46171875 0.0328125 0.06484375
0 0.4484375 0.46328125 0.0140625 0.01953125