0 0.3015625 0.26796875 0.03125 0.028125
0 0.2046875 0.20234375 0.0328125 0.02890625
0 0.4953125 0.1734375 0.0421875 0.02421875
0 0.36640625 0.1984375 0.0328125 0.0296875
0 0.48125 0.2640625 0.0125 0.0125
0 0.34765625 0.3109375 0.01484375 0.01875
0 0.74453125 0.26640625 0.0359375 0.02890625
0 0.30234375 0.340625 0.0375 0.02890625
0 0.2703125 0.38046875 0.02265625 0.0375
0 0.07734375 0.46875 0.0171875 0.0125
0 0.3328125 0.56640625 0.01484375 0.0140625
0 0.50390625 0.48671875 0.01484375 0.0125
0 0.6109375 0.41875 0.02109375 0.0203125
0 0.4203125 0.4015625 0.02109375 0.01953125
0 0.48046875 0.54765625 0.0109375 0.009375
0 0.41328125 0.61640625 0.0390625 0.01015625
0 0.8765625 0.446875 0.04140625 0.0234375
0 0.7390625 0.35390625 0.03359375 0.028125
0 0.91953125 0.62734375 0.04140625 0.0234375
0 0.675 0.45859375 0.0375 0.028125
0 0.79453125 0.52421875 0.0640625 0.015625
0 0.7265625 0.4890625 0.05859375 0.025
0 0.04609375 0.70078125 0.0203125 0.03828125
0 0.95546875 0.78515625 0.0359375 0.0203125
0 0.70078125 0.7921875 0.02890625 0.021875
0 0.8546875 0.696875 0.03515625 0.01953125
0 0.7734375 0.81640625 0.01640625 0.01484375
0 0.86484375 0.5765625 0.1078125 0.0578125
0 0.2703125 0.63515625 0.1125 0.04140625
0 0.0703125 0.5734375 0.05390625 0.0609375
0 0.8296875 0.34453125 0.0796875 0.040625
0 0.59375 0.70703125 0.14765625 0.0546875
0 0.23046875 0.3625 0.08359375 0.08125
0 0.8421875 0.01875 0.04765625 0.0375
0 0.5578125 0.17890625 0.05 0.03671875
0 0.965625 0.109375 0.06875 0.12265625
0 0.6484375 0.6734375 0.0640625 0.01796875
0 0.8171875 0.21796875 0.1140625 0.10390625
0 0.35703125 0.8515625 0.0640625 0.028125
0 0.740625 0.7265625 0.1359375 0.05234375
0 0.61796875 0.75625 0.14765625 0.0515625
0 0.4140625 0.71328125 0.18515625 0.06953125
0 0.8171875 0.2171875 0.1140625 0.1046875
0 0.434375 0.62734375 0.09375 0.01328125
0 0.98046875 0.52265625 0.0328125 0.009375
0 0.98515625 0.51484375 0.01484375 0.00625
0 0.628125 0.43828125 0.01640625 0.01328125
0 0.621875 0.43671875 0.02265625 0.0203125
0 0.5609375 0.48984375 0.01640625 0.009375
0 0.4265625 0.41640625 0.0046875 0.01875
0 0.434375 0.4125 0.00859375 0.0265625
0 0.49453125 0.5546875 0.0125 0.0078125
0 0.4953125 0.56171875 0.0125 0.00625
0 0.41328125 0.60859375 0.025 0.0078125
0 0.2234375 0.5953125 0.0484375 0.0453125
0 0.38515625 0.65859375 0.13984375 0.05078125
0 0.2171875 0.81953125 0.08984375 0.0203125
0 0.2421875 0.7859375 0.05390625 0.05546875
0 0.24453125 0.38046875 0.02109375 0.03828125
0 0.275 0.33984375 0.0125 0.01015625
0 0.33359375 0.3109375 0.0109375 0.01328125
0 0.10546875 0.17421875 0.03359375 0.0390625
0 0.4984375 0.30390625 0.0078125 0.00859375
0 0.49140625 0.31015625 0.0078125 0.01015625