1 0.2640625 0.3265625 0.15625 0.11796875
0 0.2046875 0.946875 0.04609375 0.0390625
1 0.48828125 0.44296875 0.2671875 0.15078125
0 0.9875 0.77890625 0.025 0.05625
1 0.7796875 0.44296875 0.10859375 0.0671875
0 0.815625 0.6484375 0.025 0.0234375
0 0.23046875 0.840625 0.02109375 0.01484375
0 0.25546875 0.8515625 0.0203125 0.0140625
0 0.3078125 0.81328125 0.0140625 0.01015625
0 0.884375 0.3015625 0.0203125 0.0171875
0 0.8796875 0.55 0.025 0.01484375
0 0.81484375 0.41796875 0.01875 0.0125
0 0.8703125 0.30703125 0.0125 0.01015625
0 0.71484375 0.47734375 0.02109375 0.015625
0 0.91484375 0.5640625 0.0140625 0.0109375
0 0.89765625 0.53203125 0.01484375 0.0109375
0 0.72578125 0.47265625 0.0171875 0.01484375
0 0.3390625 0.37734375 0.0359375 0.0265625
0 0.4265625 0.5265625 0.0203125 0.015625
0 0.4984375 0.66484375 0.01875 0.0125
0 0.0296875 0.625 0.0203125 0.01484375
0 0.03671875 0.659375 0.02109375 0.025
0 0.8953125 0.2046875 0.0171875 0.01328125
0 0.3390625 0.178125 0.02109375 0.0171875
0 0.16953125 0.228125 0.02265625 0.01484375
0 0.7390625 0.42890625 0.0140625 0.01328125
0 0.75390625 0.46875 0.01015625 0.00625
0 0.74296875 0.46953125 0.0109375 0.00625
0 0.459375 0.43359375 0.01875 0.01484375
0 0.45703125 0.49140625 0.01484375 0.01328125
0 0.3359375 0.48359375 0.0203125 0.0140625
1 0.3578125 0.43046875 0.30234375 0.23359375
1 0.321875 0.46171875 0.1453125 0.14921875
0 0.73203125 0.59765625 0.0203125 0.01875
0 0.97421875 0.7953125 0.01640625 0.0109375
0 0.99765625 0.48671875 0.0046875 0.0109375