1 0.696875 0.6984375 0.1359375 0.103125
0 0.88515625 0.09296875 0.03984375 0.034375
1 0.5 0.5578125 0.2453125 0.1234375
0 0.0515625 0.16484375 0.06640625 0.0484375
1 0.2109375 0.5234375 0.09765625 0.05703125
0 0.21953125 0.31640625 0.02109375 0.021875
0 0.83671875 0.1953125 0.01875 0.01328125
0 0.81484375 0.18125 0.0171875 0.0125
0 0.7546875 0.2125 0.0125 0.009375
0 0.07890625 0.6515625 0.0171875 0.01484375
0 0.13515625 0.40625 0.02265625 0.0125
0 0.171875 0.54375 0.01640625 0.01015625
0 0.09453125 0.646875 0.0109375 0.009375
0 0.2828125 0.496875 0.01875 0.0140625
0 0.103125 0.38828125 0.0109375 0.01015625
0 0.1140625 0.421875 0.0140625 0.009375
0 0.27109375 0.50078125 0.01484375 0.01328125
0 0.63359375 0.63984375 0.0328125 0.02265625
0 0.57734375 0.48203125 0.0171875 0.0140625
0 0.5359375 0.3375 0.01640625 0.01015625
0 0.98984375 0.43203125 0.0171875 0.01328125
0 0.990625 0.396875 0.01640625 0.0234375
0 0.04765625 0.7453125 0.01484375 0.0109375
0 0.5921875 0.83671875 0.01875 0.01484375
0 0.7703125 0.8078125 0.0203125 0.01328125
0 0.2484375 0.5421875 0.0109375 0.0125
0 0.24296875 0.50078125 0.00859375 0.00546875
0 0.25390625 0.5015625 0.01015625 0.00546875
0 0.5265625 0.56953125 0.01640625 0.01328125
0 0.540625 0.51328125 0.0125 0.0125
0 0.65859375 0.5359375 0.0171875 0.0125
1 0.62578125 0.5859375 0.2625 0.20546875
1 0.66796875 0.559375 0.1171875 0.13671875
0 0.29140625 0.3765625 0.01640625 0.0171875
0 0.09296875 0.153125 0.01484375 0.009375
0 0.003125 0.45390625 0.00625 0.01015625