1 0.2609375 0.6703125 0.15234375 0.1140625
1 0.4234375 0.50703125 0.19375 0.19765625
0 0.8890625 0.125 0.07265625 0.05546875
1 0.43359375 0.28828125 0.0875 0.0796875
0 0.70859375 0.26875 0.03125 0.01875
0 0.9453125 0.7140625 0.0203125 0.015625
0 0.96015625 0.6953125 0.01875 0.0140625
0 0.9109375 0.6546875 0.0140625 0.01015625
0 0.2484375 0.2046875 0.02265625 0.01484375
0 0.5796875 0.2171875 0.01875 0.01796875
0 0.4015625 0.2609375 0.01640625 0.01328125
0 0.25625 0.21640625 0.0140625 0.009375
0 0.47734375 0.33828125 0.02109375 0.015625
0 0.59921875 0.19140625 0.01484375 0.009375
0 0.55703125 0.203125 0.0140625 0.0109375
0 0.47109375 0.3296875 0.01875 0.01328125
0 0.33046875 0.61640625 0.03359375 0.02734375
0 0.5328125 0.55546875 0.02109375 0.01484375
0 0.71875 0.50625 0.01640625 0.01328125
0 0.64921875 0.85625 0.0203125 0.01484375
0 0.69609375 0.85234375 0.0328125 0.01484375
0 0.1203125 0.19296875 0.01640625 0.0125
0 0.06484375 0.609375 0.02265625 0.015625
0 0.12578125 0.73828125 0.0203125 0.0171875
0 0.4140625 0.31796875 0.0171875 0.01015625
0 0.4671875 0.30859375 0.00859375 0.0078125
0 0.46796875 0.31640625 0.00859375 0.00859375
0 0.4109375 0.528125 0.01875 0.0140625
0 0.48671875 0.53203125 0.0171875 0.0109375
0 0.47265625 0.62265625 0.01875 0.0140625
1 0.4015625 0.60390625 0.30390625 0.2203125
1 0.4421875 0.63203125 0.1953125 0.10390625
0 0.63828125 0.3296875 0.0234375 0.0140625
0 0.91015625 0.15546875 0.0140625 0.0125
0 0.50078125 0.125 0.01484375 0.00546875