0 0.0140625 0.2046875 0.025 0.0234375
0 0.71171875 0.2953125 0.02109375 0.01953125
0 0.7109375 0.171875 0.02265625 0.01953125
0 0.16953125 0.45703125 0.02890625 0.01875
0 0.4921875 0.40078125 0.0234375 0.0203125
0 0.54296875 0.39609375 0.0265625 0.025
0 0.753125 0.51171875 0.02109375 0.01328125
0 0.2859375 0.11171875 0.16015625 0.109375
0 0.9203125 0.771875 0.11015625 0.0625
0 0.20625 0.33984375 0.17734375 0.140625
1 0.29375 0.79765625 0.08515625 0.1015625
0 0.26328125 0.43125 0.1515625 0.09453125
0 0.6578125 0.853125 0.10859375 0.071875
0 0.5046875 0.05 0.05390625 0.0265625
0 0.215625 0.51875 0.15859375 0.109375
1 0.2234375 0.62265625 0.0875 0.0875
1 0.0640625 0.253125 0.0734375 0.07421875
0 0.5125 0.39140625 0.06015625 0.04609375
1 0.3390625 0.9015625 0.08984375 0.10703125
1 0.21171875 0.62265625 0.05234375 0.02421875
0 0.68671875 0.43046875 0.01015625 0.009375
0 0.48046875 0.45703125 0.02109375 0.015625
0 0.45390625 0.44765625 0.0203125 0.0203125
0 0.4734375 0.45 0.02265625 0.02890625
0 0.69296875 0.28046875 0.02109375 0.0140625
0 0.68828125 0.29453125 0.0328125 0.0359375
0 0.68828125 0.1703125 0.01875 0.01875
0 0.69921875 0.15859375 0.0171875 0.01953125
0 0.2953125 0.24140625 0.0265625 0.0171875
0 0.2890625 0.246875 0.0203125 0.0171875
0 0.1125 0.1140625 0.02109375 0.0265625