0 0.9421875 0.83203125 0.02890625 0.025
0 0.2609375 0.68671875 0.0234375 0.021875
0 0.24453125 0.809375 0.025 0.021875
0 0.8234375 0.56875 0.03125 0.0203125
0 0.49453125 0.59921875 0.0265625 0.02265625
0 0.4421875 0.6 0.0296875 0.02734375
0 0.25 0.46875 0.02265625 0.01484375
0 0.65859375 0.90234375 0.175 0.121875
0 0.1203125 0.196875 0.11875 0.07109375
0 0.7703125 0.68203125 0.19609375 0.15390625
1 0.746875 0.2203125 0.0984375 0.1078125
0 0.7265625 0.58671875 0.1640625 0.10625
0 0.3921875 0.13671875 0.11875 0.08046875
0 0.4328125 0.94765625 0.0578125 0.0296875
0 0.7859375 0.50390625 0.1734375 0.121875
1 0.7921875 0.4 0.0984375 0.09375
1 0.8984375 0.77890625 0.08359375 0.0796875
0 0.47265625 0.60703125 0.06640625 0.05078125
1 0.71640625 0.11328125 0.1046875 0.11328125
1 0.80390625 0.40078125 0.0546875 0.028125
0 0.3046875 0.5546875 0.0109375 0.01015625
0 0.51328125 0.54453125 0.0234375 0.01796875
0 0.5390625 0.55546875 0.02265625 0.02265625
0 0.5203125 0.55234375 0.0265625 0.03125
0 0.27734375 0.703125 0.02265625 0.015625
0 0.284375 0.6890625 0.0375 0.03828125
0 0.2671875 0.81328125 0.02109375 0.01953125
0 0.2546875 0.8234375 0.0203125 0.0203125
0 0.66796875 0.7734375 0.02890625 0.01875
0 0.675 0.76796875 0.02265625 0.01875
0 0.83203125 0.9140625 0.025 0.028125