0 0.72890625 0.21484375 0.0484375 0.0296875
0 0.1453125 0.33671875 0.0375 0.0171875
0 0.0078125 0.603125 0.015625 0.01875
0 0.7296875 0.5390625 0.02109375 0.0140625
0 0.6921875 0.67890625 0.0234375 0.0171875
0 0.9671875 0.63515625 0.02890625 0.03828125
0 0.6140625 0.3421875 0.1296875 0.11796875
0 0.83515625 0.62109375 0.14375 0.1375
1 0.3859375 0.3703125 0.23984375 0.14453125
1 0.31484375 0.53671875 0.2046875 0.2
0 0.75234375 0.85546875 0.0515625 0.0390625
0 0.07421875 0.4453125 0.08359375 0.04375
0 0.49140625 0.9390625 0.05625 0.0359375
0 0.815625 0.7421875 0.1265625 0.13046875
0 0.0234375 0.5171875 0.04609375 0.0390625
0 0.11953125 0.61015625 0.1640625 0.1375
0 0.63515625 0.521875 0.05390625 0.02421875
0 0.6296875 0.49296875 0.0390625 0.0265625
0 0.59296875 0.41015625 0.01875 0.0140625
0 0.8171875 0.42890625 0.025 0.015625
0 0.94375 0.56171875 0.04140625 0.03359375
0 0.996875 0.453125 0.00625 0.01796875
0 0.6609375 0.1484375 0.04765625 0.03203125
0 0.49609375 0.08515625 0.02265625 0.01015625
0 0.4296875 0.09140625 0.0203125 0.01015625
0 0.1453125 0.14140625 0.0234375 0.0125
0 0.36484375 0.29921875 0.0234375 0.01328125
0 0.3046875 0.3140625 0.02109375 0.01953125
0 0.52265625 0.62265625 0.0609375 0.09921875
0 0.790625 0.69609375 0.0203125 0.0140625
0 0.58046875 0.91171875 0.03984375 0.03203125
0 0.44296875 0.73359375 0.01875 0.01484375
0 0.42890625 0.72578125 0.02265625 0.01484375
0 0.4265625 0.79375 0.2015625 0.18203125