0 0.6734375 0.19375 0.0453125 0.025
0 0.11875 0.375 0.03515625 0.01328125
0 0.02265625 0.65546875 0.03515625 0.0140625
0 0.734375 0.51484375 0.01875 0.0125
0 0.7234375 0.65703125 0.02109375 0.01484375
0 0.9875 0.58515625 0.02265625 0.03671875
0 0.5828125 0.33203125 0.1109375 0.1078125
0 0.8546875 0.58515625 0.12109375 0.1265625
1 0.3625 0.38359375 0.21875 0.12265625
1 0.3234375 0.55546875 0.17265625 0.18359375
0 0.81640625 0.825 0.0453125 0.034375
0 0.06875 0.490625 0.07734375 0.03671875
0 0.5734375 0.9359375 0.0515625 0.03125
0 0.8578125 0.70703125 0.1046875 0.12109375
0 0.02578125 0.5671875 0.0515625 0.034375
0 0.14375 0.6484375 0.1421875 0.1234375
0 0.6375 0.5078125 0.05 0.01953125
0 0.62734375 0.4796875 0.03515625 0.02265625
0 0.57578125 0.40078125 0.01640625 0.0125
0 0.80078125 0.39609375 0.02265625 0.0140625
0 0.95078125 0.51484375 0.0359375 0.0296875
0 0.990625 0.40078125 0.0171875 0.015625
0 0.59453125 0.134375 0.0421875 0.028125
0 0.41953125 0.0890625 0.02109375 0.00859375
0 0.3546875 0.10234375 0.01875 0.00859375
0 0.0828125 0.18125 0.02265625 0.01015625
0 0.3296875 0.315625 0.02265625 0.0109375
0 0.271875 0.33671875 0.0171875 0.01796875
0 0.5453125 0.61875 0.04375 0.0953125
0 0.82421875 0.66328125 0.0171875 0.0125
0 0.65625 0.8984375 0.03515625 0.028125
0 0.48671875 0.7375 0.01640625 0.01328125
0 0.47109375 0.73125 0.0203125 0.01328125
0 0.48125 0.7984375 0.17265625 0.165625