0 0.7671875 0.66171875 0.0390625 0.028125
0 0.90859375 0.65078125 0.0328125 0.01796875
0 0.4421875 0.73125 0.0125 0.00859375
0 0.96875 0.34453125 0.02109375 0.01875
0 0.77734375 0.4375 0.03359375 0.021875
0 0.9359375 0.4078125 0.01484375 0.01015625
0 0.73125 0.41171875 0.05859375 0.0171875
0 0.89609375 0.5109375 0.04140625 0.0265625
0 0.8578125 0.503125 0.03515625 0.034375
0 0.546875 0.465625 0.04140625 0.0328125
0 0.6703125 0.640625 0.01640625 0.0125
0 0.62421875 0.38203125 0.02265625 0.01484375
0 0.66015625 0.5984375 0.01875 0.0140625
0 0.53046875 0.51015625 0.01875 0.0140625
0 0.4859375 0.50078125 0.0125 0.009375
0 0.0171875 0.546875 0.025 0.0171875
0 0.16328125 0.6234375 0.0515625 0.021875
0 0.20703125 0.6671875 0.0171875 0.01328125
0 0.8109375 0.28828125 0.0125 0.01015625
0 0.24296875 0.29609375 0.01484375 0.009375
0 0.69921875 0.69296875 0.0765625 0.05
0 0.37890625 0.53359375 0.0859375 0.05625
0 0.35546875 0.36953125 0.07109375 0.05625
0 0.58359375 0.61875 0.0828125 0.0578125
0 0.396875 0.409375 0.0671875 0.0546875
0 0.978125 0.45390625 0.04375 0.053125
1 0.2265625 0.47265625 0.10234375 0.15546875
0 0.8734375 0.596875 0.07890625 0.03359375
1 0.3953125 0.67890625 0.11015625 0.165625
0 0.14375 0.646875 0.0734375 0.0328125
1 0.3296875 0.6421875 0.06015625 0.0703125
0 0.15 0.4078125 0.0734375 0.07578125
0 0.8484375 0.61875 0.075 0.0328125
0 0.271875 0.73828125 0.05 0.0359375
1 0.4765625 0.57890625 0.22265625 0.065625
1 0.6515625 0.496875 0.1953125 0.065625
0 0.484375 0.62421875 0.05234375 0.040625
0 0.53203125 0.6515625 0.00859375 0.0265625
0 0.51875 0.65546875 0.0484375 0.06015625
0 0.1953125 0.7140625 0.02890625 0.01484375
0 0.03984375 0.4984375 0.0625 0.0765625
0 0.1265625 0.39921875 0.01640625 0.01796875
0 0.2484375 0.46953125 0.01015625 0.00625
0 0.57265625 0.30234375 0.00625 0.0046875
0 0.47734375 0.3859375 0.0078125 0.01484375
0 0.6015625 0.40703125 0.0359375 0.04609375
0 0.7078125 0.39296875 0.02890625 0.01796875
0 0.7265625 0.4984375 0.0140625 0.0078125
1 0.56015625 0.5390625 0.2078125 0.071875
0 0.9546875 0.465625 0.04375 0.0515625
0 0.8578125 0.23359375 0.04140625 0.03203125
0 0.61875 0.47265625 0.01484375 0.01015625