0 0.35234375 0.890625 0.0265625 0.021875
0 0.2984375 0.70859375 0.0390625 0.0296875
0 0.3203125 0.8140625 0.025 0.02421875
0 0.1890625 0.46875 0.0109375 0.009375
0 0.73125 0.84296875 0.025 0.0171875
0 0.5984375 0.7046875 0.0296875 0.0265625
0 0.6453125 0.821875 0.01484375 0.0125
0 0.63046875 0.66796875 0.025 0.04375
0 0.50625 0.796875 0.0375 0.03203125
0 0.5140625 0.76875 0.04765625 0.028125
0 0.54765625 0.53359375 0.04609375 0.03203125
0 0.321875 0.63515625 0.0171875 0.01328125
0 0.66328125 0.58671875 0.02109375 0.0171875
0 0.3765625 0.625 0.01875 0.01484375
0 0.4875 0.5234375 0.01875 0.01484375
0 0.4984375 0.4890625 0.0125 0.009375
0 0.4125 0.14140625 0.0234375 0.01953125
0 0.31875 0.25390625 0.0296875 0.0390625
0 0.2625 0.2890625 0.01875 0.0140625
0 0.79765625 0.721875 0.0140625 0.01015625
0 0.7578125 0.296875 0.0140625 0.0109375
0 0.77421875 0.09375 0.01484375 0.01328125
0 0.253125 0.659375 0.0703125 0.059375
0 0.4484375 0.4109375 0.07890625 0.06640625
0 0.6671875 0.38515625 0.07734375 0.05625
0 0.34609375 0.56875 0.08125 0.06484375
0 0.61484375 0.41796875 0.0765625 0.05234375
0 0.58671875 0.85546875 0.07265625 0.0359375
1 0.521875 0.29375 0.2109375 0.084375
0 0.390625 0.78515625 0.0484375 0.06015625
1 0.25625 0.43125 0.2234375 0.08984375
0 0.2859375 0.240625 0.04609375 0.05625
1 0.3015625 0.3796875 0.09609375 0.0484375
0 0.6046875 0.2328125 0.10390625 0.0578125
0 0.3609375 0.7671875 0.04609375 0.05703125
0 0.1703125 0.34140625 0.05 0.03828125
1 0.39296875 0.48671875 0.09765625 0.16796875
1 0.51171875 0.6140625 0.09609375 0.1484375
0 0.33359375 0.49453125 0.05625 0.04140625
0 0.29921875 0.53203125 0.03515625 0.00859375
0 0.29453125 0.521875 0.0828125 0.0390625
0 0.1984375 0.2828125 0.02109375 0.021875
0 0.478125 0.15546875 0.1046875 0.05078125
0 0.6140625 0.215625 0.025 0.01328125
0 0.52734375 0.31015625 0.00859375 0.0078125
0 0.7671875 0.54375 0.0078125 0.0046875
0 0.6515625 0.47734375 0.0203125 0.00625
0 0.6296875 0.57109375 0.0625 0.02890625
0 0.65390625 0.65 0.025 0.02265625
0 0.51328125 0.6703125 0.0109375 0.01015625
1 0.4515625 0.546875 0.10625 0.1578125
0 0.56953125 0.8390625 0.0703125 0.0359375
0 0.8734375 0.75390625 0.0453125 0.03203125
0 0.54296875 0.5875 0.01484375 0.0125