0 0.46953125 0.8734375 0.11171875 0.11796875
0 0.66875 0.8578125 0.11484375 0.10234375
0 0.2578125 0.80546875 0.11328125 0.1078125
0 0.47578125 0.7359375 0.11328125 0.10234375
0 0.82109375 0.7390625 0.10703125 0.11171875
0 0.29609375 0.67421875 0.1359375 0.11640625
0 0.659375 0.6828125 0.1078125 0.121875
0 0.425 0.6109375 0.12109375 0.1078125
0 0.1203125 0.5859375 0.1203125 0.13203125
0 0.55078125 0.615625 0.10390625 0.1109375
0 0.24140625 0.53984375 0.115625 0.10625
0 0.6484375 0.534375 0.1015625 0.13359375
0 0.34375 0.475 0.10234375 0.1078125
0 0.74765625 0.51171875 0.1 0.11328125
0 0.8796875 0.5 0.115625 0.1203125
0 0.27421875 0.3859375 0.11484375 0.13046875
0 0.44296875 0.37890625 0.11328125 0.11640625
0 0.56328125 0.38671875 0.11484375 0.11953125
0 0.134375 0.3265625 0.09609375 0.11796875
0 0.6921875 0.3625 0.12421875 0.11484375
0 0.37734375 0.271875 0.14375 0.121875
0 0.55859375 0.25390625 0.10703125 0.1078125
0 0.2765625 0.18828125 0.109375 0.11171875
0 0.75859375 0.23125 0.13203125 0.14296875
0 0.52265625 0.1328125 0.09765625 0.10390625