0 0.28125 0.41015625 0.03203125 0.03828125
0 0.7359375 0.17109375 0.1203125 0.0875
0 0.6421875 0.1203125 0.015625 0.0234375
0 0.65234375 0.1046875 0.02109375 0.04140625
0 0.67109375 0.04375 0.07890625 0.0578125
0 0.5109375 0.046875 0.03984375 0.0265625
0 0.43203125 0.05234375 0.09140625 0.09921875
0 0.465625 0.21796875 0.11875 0.11171875
0 0.33828125 0.1703125 0.08984375 0.115625
0 0.25078125 0.08203125 0.0421875 0.1640625
0 0.346875 0.33046875 0.24921875 0.215625
0 0.4921875 0.5546875 0.04140625 0.04765625
0 0.465625 0.6796875 0.17890625 0.13984375
0 0.640625 0.6921875 0.0640625 0.07734375
0 0.71171875 0.7 0.059375 0.07578125
0 0.70859375 0.7609375 0.04140625 0.065625
0 0.67890625 0.890625 0.13671875 0.1484375
0 0.76171875 0.8328125 0.01484375 0.04453125
0 0.51171875 0.975 0.059375 0.04921875
0 0.446875 0.8125 0.06640625 0.0890625
0 0.225 0.521875 0.015625 0.025
0 0.28046875 0.7234375 0.04921875 0.07734375
0 0.24921875 0.8921875 0.09609375 0.090625