0 0.084375 0.4484375 0.0765625 0.12890625
0 0.06484375 0.1828125 0.1015625 0.16015625
0 0.1 0.68671875 0.07890625 0.08359375
0 0.12421875 0.86015625 0.08984375 0.0765625
0 0.14765625 0.7875 0.0796875 0.059375
0 0.1375 0.60390625 0.08984375 0.0828125
0 0.1671875 0.68984375 0.0671875 0.0765625
0 0.178125 0.87421875 0.07421875 0.06875
0 0.16953125 0.40390625 0.09453125 0.0953125
0 0.19296875 0.6125 0.06640625 0.0796875
0 0.1796875 0.47578125 0.09609375 0.09609375
0 0.175 0.11171875 0.12734375 0.07734375
0 0.18203125 0.21484375 0.12578125 0.0953125
0 0.23515625 0.78671875 0.078125 0.065625
0 0.25234375 0.87109375 0.05625 0.0890625
0 0.2421875 0.67578125 0.06328125 0.08359375
0 0.2609375 0.3921875 0.078125 0.08828125
0 0.2703125 0.484375 0.0765625 0.07734375
0 0.26328125 0.24609375 0.09375 0.1109375
0 0.284375 0.13046875 0.065625 0.10234375
0 0.37109375 0.7125 0.13984375 0.15703125
0 0.4046875 0.4234375 0.1296875 0.2078125
0 0.4109375 0.215625 0.115625 0.1890625
0 0.4484375 0.7140625 0.1171875 0.13515625
0 0.425 0.8390625 0.18203125 0.08828125
0 0.4453125 0.59296875 0.16640625 0.090625
0 0.55078125 0.7265625 0.07890625 0.16640625
0 0.540625 0.17734375 0.17890625 0.13203125
0 0.55703125 0.46796875 0.17578125 0.128125
0 0.55390625 0.31015625 0.18984375 0.12578125
0 0.67421875 0.85390625 0.1296875 0.2078125
0 0.68046875 0.64609375 0.115625 0.1890625
0 0.74296875 0.09765625 0.1921875 0.1875
0 0.76328125 0.42265625 0.1828125 0.19609375
0 0.76796875 0.25625 0.22890625 0.1328125
0 0.81015625 0.6078125 0.178125 0.13203125
0 0.8265625 0.8984375 0.17578125 0.128125
0 0.8234375 0.740625 0.18984375 0.1234375
0 0.89609375 0.13203125 0.11171875 0.19921875
0 0.8703125 0.37578125 0.18984375 0.11328125