0 0.434375 0.91328125 0.1265625 0.071875
0 0.16796875 0.9234375 0.15625 0.09609375
0 0.67265625 0.90625 0.08125 0.0765625
0 0.846875 0.88828125 0.0734375 0.0875
0 0.77578125 0.8625 0.05625 0.078125
0 0.590625 0.865625 0.0796875 0.0875
0 0.678125 0.83984375 0.07421875 0.06484375
0 0.86328125 0.834375 0.06640625 0.07265625
0 0.39296875 0.8265625 0.09296875 0.0921875
0 0.6015625 0.8109375 0.078125 0.06328125
0 0.46484375 0.81953125 0.09296875 0.09375
0 0.10078125 0.81171875 0.07265625 0.12421875
0 0.20390625 0.8078125 0.090625 0.12265625
0 0.7765625 0.77421875 0.0625 0.0765625
0 0.86171875 0.76015625 0.0875 0.05390625
0 0.66640625 0.7640625 0.08203125 0.0609375
0 0.38359375 0.73515625 0.08515625 0.07578125
0 0.4765625 0.72890625 0.07421875 0.0734375
0 0.2375 0.72734375 0.1078125 0.08984375
0 0.1234375 0.70234375 0.10078125 0.06171875
0 0.7078125 0.63671875 0.15234375 0.134375
0 0.4203125 0.5921875 0.20390625 0.12265625
0 0.2125 0.57890625 0.18515625 0.109375
0 0.7125 0.559375 0.13203125 0.1125
0 0.83671875 0.58671875 0.08203125 0.17890625
0 0.590625 0.5578125 0.08515625 0.16328125
0 0.728125 0.45703125 0.16328125 0.0734375
0 0.17890625 0.4484375 0.12578125 0.17421875
0 0.46953125 0.4421875 0.12265625 0.17109375
0 0.3125 0.43984375 0.11875 0.18671875
0 0.86015625 0.3375 0.20390625 0.12265625
0 0.65234375 0.32421875 0.18515625 0.109375
0 0.10625 0.24296875 0.18125 0.18515625
0 0.43125 0.23359375 0.18984375 0.1765625
0 0.265625 0.22421875 0.12421875 0.22421875
0 0.61875 0.19375 0.12578125 0.1734375
0 0.909375 0.1875 0.12265625 0.17109375
0 0.75234375 0.18515625 0.1171875 0.18671875
0 0.14609375 0.090625 0.1953125 0.10546875
0 0.3890625 0.12578125 0.10703125 0.18671875