0 0.2453125 0.8921875 0.18515625 0.16953125
0 0.2484375 0.6953125 0.1671875 0.2421875
0 0.30625 0.41171875 0.19609375 0.321875
0 0.4078125 0.84765625 0.2046875 0.3046875
0 0.42890625 0.5484375 0.19609375 0.27265625
0 0.61328125 0.95703125 0.12265625 0.0859375
0 0.57890625 0.86953125 0.13828125 0.159375
0 0.58671875 0.71796875 0.140625 0.18125
0 0.7125 0.94453125 0.121875 0.11015625
0 0.69296875 0.79375 0.121875 0.190625
0 0.2796875 0.05625 0.0765625 0.1125
0 0.3515625 0.09765625 0.09296875 0.1453125
0 0.35390625 0.0109375 0.0921875 0.021875
0 0.43125 0.14609375 0.09375 0.14140625
0 0.46328125 0.03828125 0.115625 0.0765625
0 0.61171875 0.4484375 0.17109375 0.24140625
0 0.62734375 0.20703125 0.18203125 0.2375
0 0.63515625 0.05390625 0.14609375 0.09375
0 0.7578125 0.31875 0.14921875 0.24609375
0 0.76796875 0.10859375 0.13984375 0.159375