0 0.87421875 0.765625 0.22265625 0.28046875
0 0.6859375 0.8109375 0.1703125 0.23828125
0 0.4796875 0.7890625 0.22578125 0.28046875
0 0.7671875 0.55546875 0.2328125 0.29609375
0 0.5484375 0.58984375 0.190625 0.28046875
0 0.840625 0.2375 0.16015625 0.18671875
0 0.7375 0.3125 0.11171875 0.196875
0 0.63125 0.33359375 0.12734375 0.20078125
0 0.78125 0.1046875 0.11796875 0.1765625
0 0.66171875 0.16953125 0.13359375 0.1734375
0 0.2265625 0.90234375 0.1109375 0.11015625
0 0.2546875 0.79140625 0.1015625 0.13203125
0 0.15234375 0.8125 0.1015625 0.13984375
0 0.271875 0.66953125 0.09921875 0.13359375
0 0.16328125 0.6515625 0.1078125 0.17109375
0 0.44140625 0.3546875 0.16875 0.24375
0 0.27265625 0.38359375 0.16640625 0.259375
0 0.12578125 0.41015625 0.14609375 0.2203125
0 0.321875 0.17734375 0.17265625 0.2125
0 0.14296875 0.21171875 0.178125 0.20859375