1 0.70078125 0.4828125 0.2625 0.1515625
0 0.48203125 0.39765625 0.1546875 0.07734375
0 0.07578125 0.4671875 0.14375 0.07421875
1 0.246875 0.55234375 0.36875 0.15703125
0 0.2734375 0.43125 0.15 0.0765625
1 0.5140625 0.52109375 0.19609375 0.15390625
0 0.75703125 0.43828125 0.11875 0.040625
0 0.5515625 0.67578125 0.11484375 0.03671875
0 0.16953125 0.69765625 0.11015625 0.0453125
0 0.1890625 0.6609375 0.1171875 0.03984375
0 0.26484375 0.29296875 0.12265625 0.0296875
0 0.9515625 0.40625 0.0609375 0.02734375
0 0.1203125 0.5765625 0.2171875 0.059375
0 0.81484375 0.2546875 0.0328125 0.0125
0 0.85546875 0.25078125 0.0359375 0.00859375
0 0.86953125 0.515625 0.0328125 0.02109375
1 0.9625 0.49296875 0.075 0.08828125
1 0.9078125 0.49921875 0.18359375 0.11328125