1 0.4875 0.40625 0.30234375 0.10546875
0 0.278125 0.49609375 0.1515625 0.06328125
0 0.3765625 0.690625 0.14609375 0.05859375
1 0.58046875 0.62265625 0.3015625 0.1546875
0 0.325 0.5953125 0.15 0.0609375
0 0.88515625 0.19609375 0.1328125 0.0671875
1 0.54609375 0.49609375 0.31484375 0.0734375
0 0.8921875 0.815625 0.0578125 0.034375
0 0.73125 0.1703125 0.0625 0.0296875
0 0.3984375 0.7578125 0.0734375 0.0390625
0 0.3984375 0.375 0.075 0.05078125
0 0.88359375 0.49765625 0.0671875 0.05
0 0.88359375 0.67578125 0.0875 0.04609375
0 0.8078125 0.66171875 0.0734375 0.05
0 0.02578125 0.5828125 0.0515625 0.05390625
0 0.5296875 0.17734375 0.05234375 0.0296875
0 0.353125 0.275 0.05390625 0.0390625
0 0.6171875 0.68828125 0.1046875 0.10546875
0 0.2890625 0.1703125 0.05625 0.03828125
0 0.05859375 0.134375 0.02734375 0.01640625
0 0.01171875 0.32578125 0.0234375 0.0140625
0 0.0078125 0.30625 0.01484375 0.01640625
0 0.53359375 0.2640625 0.025 0.01484375
0 0.50546875 0.73984375 0.0359375 0.01171875
0 0.5796875 0.3328125 0.04375 0.0125
0 0.5984375 0.25703125 0.0203125 0.01171875
0 0.57578125 0.2546875 0.02265625 0.01171875
1 0.5421875 0.24375 0.18515625 0.109375
1 0.5484375 0.26875 0.2265625 0.159375