1 0.33984375 0.7125 0.125 0.2140625
0 0.084375 0.54140625 0.05390625 0.046875
1 0.6171875 0.25703125 0.14375 0.26171875
0 0.46640625 0.3796875 0.04765625 0.034375
1 0.4796875 0.50859375 0.13984375 0.240625
1 0.4765625 0.25625 0.15 0.26328125
0 0.9171875 0.82421875 0.04609375 0.0421875
0 0.265625 0.4765625 0.06640625 0.0609375
0 0.08828125 0.6359375 0.03359375 0.028125
0 0.79765625 0.6015625 0.0421875 0.0328125
0 0.66953125 0.0734375 0.05390625 0.053125
1 0.95390625 0.64609375 0.0921875 0.0578125
0 0.4859375 0.06953125 0.07109375 0.0890625
0 0.9734375 0.5421875 0.03359375 0.04609375
0 0.18671875 0.63046875 0.0359375 0.0671875
0 0.1046875 0.41171875 0.0515625 0.04140625
0 0.35625 0.13515625 0.05234375 0.0546875
0 0.83515625 0.63515625 0.075 0.0953125
0 0.8703125 0.3671875 0.0328125 0.0375
1 0.52265625 0.81953125 0.03984375 0.08515625
1 0.03359375 0.61484375 0.03515625 0.0828125
0 0.3265625 0.290625 0.03515625 0.0359375
0 0.5578125 0.034375 0.01875 0.02734375
0 0.81875 0.31796875 0.03515625 0.02734375
0 0.7359375 0.18203125 0.02890625 0.028125
0 0.7703125 0.325 0.025 0.015625
0 0.90625 0.3203125 0.0203125 0.02265625
0 0.80390625 0.22265625 0.0375 0.021875
0 0.0078125 0.60390625 0.01484375 0.0171875
0 0.2625 0.5109375 0.02265625 0.02734375
0 0.02265625 0.54375 0.0125 0.015625
0 0.03828125 0.53046875 0.01875 0.01328125
0 0.34375 0.415625 0.0296875 0.02890625
0 0.59453125 0.6203125 0.02109375 0.015625
0 0.55625 0.634375 0.0203125 0.01796875
0 0.3734375 0.35859375 0.0234375 0.01484375
0 0.5015625 0.57578125 0.01640625 0.01796875
0 0.7203125 0.42890625 0.02109375 0.0234375
0 0.85546875 0.49609375 0.03125 0.0359375
0 0.9140625 0.571875 0.03125 0.0359375
0 0.8484375 0.4484375 0.0265625 0.02890625
0 0.78203125 0.35 0.04140625 0.02890625
0 0.86484375 0.4046875 0.0328125 0.0375
0 0.9328125 0.44921875 0.01640625 0.01328125
0 0.9703125 0.4109375 0.0171875 0.0140625
0 0.9421875 0.6328125 0.0265625 0.0390625
0 0.93828125 0.496875 0.01640625 0.0125
0 0.7046875 0.44765625 0.0203125 0.015625
0 0.8734375 0.646875 0.02890625 0.034375
0 0.90390625 0.409375 0.02734375 0.0234375
0 0.91015625 0.46796875 0.0171875 0.01953125
0 0.940625 0.54375 0.01640625 0.01328125
0 0.71875 0.5203125 0.02265625 0.01484375
0 0.9859375 0.41171875 0.0140625 0.0125
0 0.7703125 0.33671875 0.0234375 0.0078125
0 0.8828125 0.62890625 0.01015625 0.009375
0 0.02734375 0.7859375 0.0203125 0.01953125
0 0.28046875 0.71875 0.02109375 0.02421875
0 0.1015625 0.6796875 0.03125 0.0234375
0 0.23515625 0.784375 0.02734375 0.0171875
0 0.08984375 0.8 0.025 0.0203125
0 0.1765625 0.7359375 0.01875 0.01484375
0 0.0890625 0.7046875 0.0171875 0.01328125
0 0.20390625 0.83046875 0.02734375 0.02265625
0 0.2640625 0.88203125 0.02734375 0.0171875
0 0.0203125 0.66953125 0.02734375 0.021875
0 0.03984375 0.6703125 0.0125 0.01328125
0 0.83984375 0.76171875 0.0203125 0.015625
0 0.928125 0.74296875 0.02890625 0.028125
0 0.93125 0.7984375 0.01015625 0.009375
0 0.82578125 0.77578125 0.0109375 0.009375
0 0.84921875 0.86875 0.0140625 0.009375
0 0.86640625 0.70546875 0.0125 0.00859375
0 0.8359375 0.69375 0.0125 0.009375
0 0.0203125 0.5609375 0.0140625 0.0140625
0 0.00390625 0.48203125 0.0078125 0.0109375
1 0.01171875 0.53203125 0.0234375 0.17890625
1 0.0375 0.4890625 0.0515625 0.18359375
0 0.00703125 0.69140625 0.0140625 0.0125
0 0.11328125 0.6390625 0.0375 0.03203125
0 0.0640625 0.86953125 0.00859375 0.00859375
0 0.3046875 0.775 0.0109375 0.01015625
0 0.5265625 0.63984375 0.03359375 0.03671875
0 0.50703125 0.5171875 0.0140625 0.01328125
0 0.6390625 0.43828125 0.01640625 0.0109375
0 0.72578125 0.5015625 0.01875 0.009375
0 0.72421875 0.5109375 0.01875 0.0078125
0 0.8484375 0.77421875 0.01484375 0.0078125
0 0.33046875 0.3109375 0.01640625 0.0125
0 0.36015625 0.24921875 0.03515625 0.025
0 0.2828125 0.3375 0.03125 0.02421875
0 0.08515625 0.29921875 0.0453125 0.0359375
0 0.0140625 0.3453125 0.02734375 0.0109375
0 0.0140625 0.3359375 0.028125 0.0125
0 0.5109375 0.25078125 0.06484375 0.1390625
0 0.99453125 0.371875 0.0109375 0.0171875
1 0.9859375 0.61875 0.02734375 0.0421875
1 0.99609375 0.7484375 0.0078125 0.03203125
0 0.9234375 0.63203125 0.0265625 0.03359375
0 0.9109375 0.61484375 0.02890625 0.03671875