1 0.6453125 0.28125 0.13984375 0.21875
0 0.91171875 0.4421875 0.0578125 0.0484375
1 0.4 0.746875 0.1609375 0.2671875
0 0.5421875 0.61875 0.05 0.03671875
1 0.51953125 0.490625 0.15625 0.246875
1 0.540625 0.7421875 0.16875 0.26875
0 0.0609375 0.19296875 0.0484375 0.04375
0 0.7359375 0.5140625 0.0703125 0.0640625
0 0.9015625 0.3484375 0.0359375 0.02890625
0 0.1953125 0.41015625 0.0453125 0.034375
0 0.3609375 0.9328125 0.0578125 0.05546875
1 0.0421875 0.371875 0.08359375 0.06171875
0 0.54453125 0.92890625 0.07734375 0.0921875
0 0.02421875 0.4765625 0.0375 0.046875
0 0.80390625 0.35703125 0.04140625 0.06875
0 0.9015625 0.5734375 0.05390625 0.04296875
0 0.66875 0.85859375 0.05625 0.05625
0 0.15625 0.37734375 0.08125 0.0984375
0 0.13984375 0.646875 0.03515625 0.03828125
1 0.4546875 0.18203125 0.04609375 0.0875
1 0.9578125 0.3671875 0.04140625 0.08359375
0 0.68828125 0.70234375 0.0375 0.03671875
0 0.47421875 0.96796875 0.0203125 0.028125
0 0.19453125 0.69375 0.0359375 0.028125
0 0.28671875 0.82734375 0.03125 0.02890625
0 0.2421875 0.6859375 0.0265625 0.0171875
0 0.10703125 0.6953125 0.02109375 0.0234375
0 0.21640625 0.7890625 0.0390625 0.0234375
0 0.984375 0.37734375 0.01640625 0.01796875
0 0.7359375 0.4796875 0.0234375 0.028125
0 0.9734375 0.4375 0.0140625 0.0171875
0 0.959375 0.4515625 0.0203125 0.0140625
0 0.66171875 0.578125 0.0328125 0.0296875
0 0.39765625 0.38359375 0.02265625 0.0171875
0 0.434375 0.36796875 0.02109375 0.01875
0 0.6359375 0.6359375 0.025 0.015625
0 0.49296875 0.42421875 0.0171875 0.01875
0 0.284375 0.5796875 0.02265625 0.02421875
0 0.1453125 0.51796875 0.03359375 0.03671875
0 0.08125 0.44453125 0.03359375 0.03671875
0 0.15625 0.56484375 0.02890625 0.0296875
0 0.22890625 0.6609375 0.04375 0.03125
0 0.1421875 0.609375 0.03515625 0.03828125
0 0.07109375 0.56796875 0.0171875 0.0140625
0 0.03671875 0.60703125 0.01875 0.01484375
0 0.04921875 0.384375 0.02890625 0.040625
0 0.0625 0.5203125 0.0171875 0.01328125
0 0.2984375 0.56015625 0.02109375 0.0171875
0 0.1171875 0.36796875 0.03125 0.0359375
0 0.103125 0.60703125 0.02890625 0.02421875
0 0.0921875 0.54765625 0.01875 0.0203125
0 0.05703125 0.4734375 0.0171875 0.0140625
0 0.2796875 0.48828125 0.0234375 0.015625
0 0.02109375 0.60703125 0.01484375 0.01328125
0 0.24140625 0.67421875 0.0234375 0.00859375
0 0.10859375 0.3859375 0.0109375 0.009375
0 0.9515625 0.19609375 0.02109375 0.0203125
0 0.70390625 0.27265625 0.02265625 0.025
0 0.88515625 0.3046875 0.0328125 0.02421875
0 0.7453125 0.20546875 0.02890625 0.01796875
0 0.8890625 0.184375 0.0265625 0.021875
0 0.80625 0.25234375 0.0203125 0.015625
0 0.89609375 0.27890625 0.01875 0.0140625
0 0.77265625 0.15859375 0.02890625 0.0234375
0 0.709375 0.109375 0.02890625 0.01796875
0 0.9671875 0.31171875 0.02890625 0.02265625
0 0.94765625 0.31171875 0.0140625 0.0140625
0 0.1421875 0.25234375 0.02109375 0.0171875
0 0.05546875 0.27421875 0.03125 0.02890625
0 0.0484375 0.21875 0.0109375 0.009375
0 0.15546875 0.2375 0.0125 0.009375
0 0.12578125 0.1453125 0.01484375 0.01015625
0 0.1203125 0.309375 0.0125 0.009375
0 0.15078125 0.3203125 0.0140625 0.01015625
0 0.97421875 0.4203125 0.01484375 0.01484375
0 0.99609375 0.49765625 0.0078125 0.0109375
1 0.9828125 0.44921875 0.03359375 0.1796875
1 0.9625 0.4921875 0.0640625 0.1859375
0 0.9796875 0.2890625 0.01484375 0.01328125
0 0.8765625 0.34609375 0.03984375 0.03359375
0 0.909375 0.1140625 0.00859375 0.00859375
0 0.6765625 0.2171875 0.0125 0.01015625
0 0.4640625 0.36171875 0.0359375 0.0375
0 0.4921875 0.48359375 0.01484375 0.0140625
0 0.36484375 0.56640625 0.0171875 0.0125
0 0.27421875 0.50703125 0.0203125 0.01015625
0 0.275 0.4984375 0.01875 0.00859375
0 0.1328125 0.23984375 0.01484375 0.00859375
0 0.6828125 0.68203125 0.0171875 0.01328125
0 0.6578125 0.7453125 0.0359375 0.0265625
0 0.728125 0.653125 0.0328125 0.025
0 0.92890625 0.684375 0.04765625 0.0375
0 0.990625 0.63515625 0.01875 0.0125
0 0.990625 0.64453125 0.01875 0.01328125
0 0.50625 0.74921875 0.075 0.14140625
0 0.01484375 0.646875 0.0125 0.0171875
1 0.0109375 0.4 0.02109375 0.04296875
0 0.06796875 0.384375 0.02890625 0.034375
0 0.08203125 0.4015625 0.03125 0.0375