0 0.540625 0.85234375 0.190625 0.19765625
0 0.68125 0.753125 0.1125 0.3171875
0 0.39609375 0.7859375 0.09609375 0.296875
0 0.5296875 0.68515625 0.1765625 0.16875
0 0.2953125 0.79765625 0.1171875 0.3125
0 0.29296875 0.48828125 0.17734375 0.19453125
0 0.73671875 0.41796875 0.128125 0.30625
0 0.58203125 0.4453125 0.21015625 0.32890625
0 0.16171875 0.41875 0.08515625 0.3015625
0 0.28046875 0.32734375 0.16015625 0.17734375
0 0.87421875 0.2921875 0.1703125 0.33359375
0 0.075 0.3 0.090625 0.26484375
0 0.48515625 0.22265625 0.21875 0.32890625
0 0.21171875 0.1828125 0.1734375 0.1609375
0 0.68671875 0.13828125 0.19921875 0.27578125