1 0.81796875 0.6484375 0.1046875 0.07421875
1 0.98359375 0.58046875 0.0328125 0.075
0 0.12734375 0.3953125 0.06015625 0.04375
1 0.56640625 0.6203125 0.0984375 0.07578125
1 0.7328125 0.6890625 0.10859375 0.08515625
0 0.6859375 0.29921875 0.05 0.03828125
0 0.6328125 0.171875 0.0515625 0.040625
1 0.9171875 0.66484375 0.09765625 0.0703125
0 0.68125 0.1453125 0.04375 0.0359375
0 0.90390625 0.4875 0.1921875 0.11875
0 0.39765625 0.303125 0.0546875 0.04765625
0 0.3546875 0.29296875 0.05 0.04140625
0 0.48515625 0.23359375 0.04765625 0.0328125
0 0.365625 0.32578125 0.0484375 0.0390625
0 0.49375 0.203125 0.04765625 0.03359375
0 0.6859375 0.85078125 0.07109375 0.025
0 0.4390625 0.465625 0.04765625 0.02890625
1 0.4484375 0.70703125 0.09375 0.06953125
0 0.1703125 0.48515625 0.02265625 0.02421875
0 0.27265625 0.5484375 0.0234375 0.021875
0 0.190625 0.58046875 0.0171875 0.0234375
0 0.59609375 0.8578125 0.0328125 0.025
0 0.60234375 0.86171875 0.025 0.01484375
0 0.41171875 0.87890625 0.0359375 0.015625
0 0.44375 0.4484375 0.03359375 0.01953125
0 0.7078125 0.47578125 0.0203125 0.01796875
0 0.409375 0.496875 0.0171875 0.01875
0 0.29765625 0.5453125 0.02890625 0.025
0 0.3609375 0.5421875 0.0203125 0.0109375
0 0.51796875 0.403125 0.0171875 0.0125
0 0.39375 0.48671875 0.0171875 0.01484375
0 0.55625 0.578125 0.0171875 0.01796875
0 0.39375 0.53203125 0.02109375 0.0109375
0 0.6328125 0.36640625 0.0203125 0.0125
0 0.571875 0.55546875 0.02265625 0.0125
0 0.27578125 0.203125 0.03125 0.0296875
0 0.5453125 0.27421875 0.02109375 0.0140625
0 0.4703125 0.315625 0.01875 0.0140625
0 0.5921875 0.15546875 0.0390625 0.02890625
0 0.5125 0.3578125 0.02265625 0.0171875
0 0.27578125 0.25 0.0234375 0.0140625
0 0.525 0.3734375 0.025 0.015625
0 0.625 0.33984375 0.0171875 0.0109375
0 0.72734375 0.41953125 0.0234375 0.01875
0 0.9640625 0.375 0.01875 0.0140625
0 0.7484375 0.465625 0.02265625 0.01796875
0 0.80078125 0.35 0.02109375 0.015625
0 0.74609375 0.4890625 0.02109375 0.015625
0 0.7921875 0.13203125 0.04140625 0.03359375
0 0.8890625 0.10859375 0.04375 0.03359375
0 0.721875 0.3078125 0.0203125 0.01328125
0 0.83046875 0.3234375 0.01875 0.01328125
0 0.175 0.65234375 0.01640625 0.01796875
0 0.18515625 0.665625 0.01015625 0.01328125
0 0.42265625 0.45859375 0.0171875 0.01796875
0 0.3953125 0.17109375 0.0484375 0.0328125
1 0.56015625 0.5765625 0.1 0.0703125