0 0.88671875 0.63203125 0.16796875 0.171875
0 0.8828125 0.52265625 0.15625 0.21171875
0 0.840625 0.71171875 0.1453125 0.159375
0 0.734375 0.7625 0.12109375 0.16171875
0 0.69609375 0.665625 0.14296875 0.1765625
0 0.73359375 0.55703125 0.14921875 0.196875
0 0.78203125 0.41171875 0.18671875 0.24375
0 0.634375 0.29453125 0.16953125 0.25859375
0 0.584375 0.4515625 0.184375 0.20625
0 0.60703125 0.7921875 0.1359375 0.1640625
0 0.54296875 0.69296875 0.1625 0.16171875
0 0.46171875 0.76953125 0.13203125 0.13671875
0 0.43671875 0.2671875 0.20234375 0.24375
0 0.37265625 0.421875 0.16796875 0.19140625
0 0.3703125 0.634375 0.13359375 0.1765625
0 0.29765625 0.53359375 0.14921875 0.19375
0 0.31640625 0.71796875 0.1375 0.146875
0 0.20703125 0.63203125 0.15703125 0.1765625
0 0.1203125 0.52109375 0.16796875 0.17890625
0 0.134375 0.3859375 0.153125 0.22109375
0 0.228125 0.26875 0.19453125 0.2484375