0 0.475 0.9171875 0.053125 0.165625
0 0.44453125 0.8921875 0.04921875 0.20390625
0 0.42578125 0.890625 0.04296875 0.2078125
0 0.40546875 0.78828125 0.04375 0.2078125
0 0.425 0.58046875 0.0359375 0.23046875
0 0.4125 0.35390625 0.0375 0.21953125
0 0.4328125 0.23671875 0.0453125 0.23828125
0 0.44296875 0.52109375 0.046875 0.2921875
0 0.45703125 0.190625 0.05078125 0.2921875
0 0.4796875 0.05546875 0.046875 0.1109375
0 0.4984375 0.61953125 0.0625 0.3234375
0 0.5328125 0.809375 0.065625 0.38046875
0 0.5046875 0.165625 0.05234375 0.33046875
0 0.534375 0.240625 0.06796875 0.34609375
0 0.56953125 0.3984375 0.07734375 0.41171875