0 0.10234375 0.3765625 0.11171875 0.13828125
0 0.16171875 0.31171875 0.09609375 0.134375
0 0.1 0.515625 0.13359375 0.1921875
0 0.175 0.6515625 0.153125 0.1921875
0 0.2015625 0.425 0.1 0.14609375
0 0.25390625 0.259375 0.090625 0.115625
0 0.24921875 0.3515625 0.07890625 0.1234375
0 0.2765625 0.51171875 0.128125 0.18046875
0 0.33515625 0.44453125 0.09453125 0.15
0 0.36171875 0.35390625 0.06953125 0.134375
0 0.353125 0.3 0.08671875 0.115625
0 0.396875 0.23671875 0.0703125 0.11953125
0 0.46953125 0.28671875 0.07890625 0.09609375
0 0.54765625 0.2421875 0.075 0.1
0 0.58828125 0.29609375 0.08125 0.1234375
0 0.490625 0.33671875 0.1 0.1234375
0 0.60625 0.36328125 0.1 0.134375
0 0.72109375 0.3078125 0.0828125 0.115625
0 0.7203125 0.365625 0.08828125 0.134375
0 0.67421875 0.4328125 0.07890625 0.13046875
0 0.45859375 0.5 0.1109375 0.16953125
0 0.39296875 0.6078125 0.13046875 0.1765625
0 0.6171875 0.50390625 0.1171875 0.13828125
0 0.59140625 0.590625 0.1171875 0.184375
0 0.53828125 0.69609375 0.13984375 0.2078125
0 0.76328125 0.67890625 0.13359375 0.2078125
0 0.74921875 0.55390625 0.1109375 0.1734375
0 0.81875 0.4734375 0.1109375 0.15390625
0 0.8328125 0.38671875 0.07578125 0.13828125
0 0.9046875 0.5515625 0.11484375 0.16171875