0 0.09296875 0.5015625 0.1296875 0.165625
0 0.1140625 0.3609375 0.084375 0.1265625
0 0.17890625 0.29375 0.0734375 0.11953125
0 0.20390625 0.40703125 0.084375 0.1375
0 0.16640625 0.640625 0.1546875 0.19375
0 0.27578125 0.25390625 0.090625 0.10546875
0 0.2703125 0.33828125 0.07734375 0.11953125
0 0.271875 0.4984375 0.13359375 0.16875
0 0.33671875 0.41015625 0.08828125 0.14765625
0 0.3796875 0.35390625 0.0828125 0.11640625
0 0.365625 0.29921875 0.08515625 0.109375
0 0.40078125 0.24453125 0.0703125 0.0984375
0 0.48046875 0.2796875 0.0828125 0.0953125
0 0.48828125 0.3359375 0.08515625 0.109375
0 0.45546875 0.4875 0.11875 0.15859375
0 0.38125 0.596875 0.14921875 0.18984375
0 0.55234375 0.25859375 0.065625 0.0984375
0 0.60234375 0.30078125 0.08515625 0.10234375
0 0.60625 0.35703125 0.08671875 0.1234375
0 0.66875 0.428125 0.10390625 0.13359375
0 0.72109375 0.31875 0.09453125 0.109375
0 0.7203125 0.375 0.090625 0.1375
0 0.83046875 0.39296875 0.0734375 0.1234375
0 0.80546875 0.46484375 0.1171875 0.1265625
0 0.59765625 0.4890625 0.10546875 0.1375
0 0.56640625 0.58828125 0.11875 0.17265625
0 0.50546875 0.7078125 0.1546875 0.2109375
0 0.74296875 0.55625 0.13203125 0.165625
0 0.75625 0.68828125 0.14140625 0.1828125
0 0.89609375 0.56171875 0.13828125 0.165625