0 0.09375 0.46640625 0.09296875 0.1515625
0 0.1578125 0.33671875 0.1015625 0.13359375
0 0.21171875 0.39609375 0.11171875 0.140625
0 0.21640625 0.49609375 0.11328125 0.16328125
0 0.13203125 0.60546875 0.125 0.19609375
0 0.24765625 0.27421875 0.09765625 0.11484375
0 0.29296875 0.3296875 0.0796875 0.11484375
0 0.31796875 0.43671875 0.09453125 0.159375
0 0.31484375 0.609375 0.14375 0.20390625
0 0.3921875 0.7484375 0.175 0.21875
0 0.37109375 0.26328125 0.08515625 0.11875
0 0.4328125 0.31328125 0.090625 0.11484375
0 0.384375 0.36875 0.1 0.140625
0 0.38359375 0.509375 0.11875 0.159375
0 0.48359375 0.6203125 0.1375 0.178125
0 0.53515625 0.53359375 0.09765625 0.16640625
0 0.496875 0.3609375 0.090625 0.12578125
0 0.52265625 0.2609375 0.0890625 0.11875
0 0.5953125 0.3203125 0.0984375 0.13359375
0 0.60078125 0.3890625 0.09296875 0.140625
0 0.6296875 0.47578125 0.0984375 0.14453125
0 0.66796875 0.59453125 0.10234375 0.1515625
0 0.6203125 0.73515625 0.134375 0.22578125
0 0.66328125 0.28359375 0.084375 0.1109375
0 0.74609375 0.33515625 0.08671875 0.12578125
0 0.72890625 0.40546875 0.1 0.159375
0 0.765625 0.49609375 0.10703125 0.178125
0 0.84765625 0.41875 0.10546875 0.15546875
0 0.89375 0.54453125 0.11171875 0.1890625
0 0.8078125 0.66484375 0.13359375 0.2296875