0 0.49296875 0.93515625 0.06171875 0.1296875
0 0.5546875 0.89453125 0.0796875 0.20390625
0 0.5984375 0.75 0.09453125 0.46640625
0 0.428125 0.87734375 0.053125 0.2453125
0 0.43984375 0.70546875 0.05078125 0.26328125
0 0.46484375 0.83125 0.06171875 0.29296875
0 0.515625 0.821875 0.06953125 0.34453125
0 0.54453125 0.53359375 0.07890625 0.39609375
0 0.5078125 0.3984375 0.06953125 0.28515625
0 0.45078125 0.52421875 0.0546875 0.26328125
0 0.41171875 0.46328125 0.05234375 0.259375
0 0.42578125 0.25546875 0.05859375 0.28515625
0 0.45 0.23359375 0.06015625 0.27421875
0 0.478125 0.14453125 0.0625 0.2890625
0 0.51640625 0.08671875 0.0609375 0.1734375
0 0.57109375 0.1703125 0.09453125 0.340625
0 0.40625 0.10703125 0.0453125 0.17421875