0 0.50703125 0.3 0.084375 0.19453125
0 0.41640625 0.34765625 0.11640625 0.1984375
0 0.3375 0.384375 0.1 0.2203125
0 0.24296875 0.44140625 0.15859375 0.23125
0 0.1953125 0.478125 0.1484375 0.25
0 0.13671875 0.61953125 0.2125 0.33828125
0 0.271875 0.6125 0.228125 0.44453125
0 0.60390625 0.2796875 0.11484375 0.1984375
0 0.70390625 0.2515625 0.12578125 0.25390625
0 0.7875 0.25703125 0.15078125 0.25703125
0 0.871875 0.2828125 0.21796875 0.3125
0 0.8765625 0.38203125 0.1921875 0.36796875
0 0.8109375 0.47265625 0.26328125 0.46328125
0 0.65703125 0.55546875 0.22421875 0.4375
0 0.4546875 0.60078125 0.18125 0.48515625