0 0.55 0.25546875 0.08515625 0.10390625
0 0.4140625 0.26484375 0.08671875 0.1
0 0.4828125 0.3109375 0.0984375 0.10703125
0 0.39921875 0.3203125 0.09296875 0.121875
0 0.35234375 0.37421875 0.1171875 0.13359375
0 0.29609375 0.3203125 0.09609375 0.11875
0 0.19765625 0.3890625 0.12109375 0.14453125
0 0.275 0.459375 0.17578125 0.16328125
0 0.353125 0.51640625 0.1546875 0.19296875
0 0.5828125 0.3203125 0.109375 0.1484375
0 0.67109375 0.2796875 0.134375 0.11875
0 0.659375 0.34453125 0.12109375 0.13671875
0 0.7796875 0.35546875 0.11875 0.14453125
0 0.69453125 0.4015625 0.15703125 0.13359375
0 0.69765625 0.47578125 0.19609375 0.18515625
0 0.8796875 0.48515625 0.16171875 0.20703125
0 0.73671875 0.64453125 0.2109375 0.278125
0 0.546875 0.528125 0.2296875 0.16640625
0 0.4875 0.66328125 0.165625 0.26640625
0 0.1359375 0.55703125 0.20546875 0.23671875
0 0.24765625 0.65390625 0.175 0.2515625