0 0.553125 0.2609375 0.08671875 0.1109375
0 0.4171875 0.25703125 0.08828125 0.10703125
0 0.48515625 0.309375 0.1 0.11875
0 0.4015625 0.3109375 0.09453125 0.1296875
0 0.35390625 0.359375 0.11875 0.14453125
0 0.2984375 0.3 0.09765625 0.12578125
0 0.1984375 0.359375 0.12265625 0.15546875
0 0.275 0.43671875 0.17734375 0.18125
0 0.353125 0.5015625 0.15703125 0.20703125
0 0.584375 0.328125 0.1109375 0.159375
0 0.67421875 0.29609375 0.1359375 0.13359375
0 0.66171875 0.359375 0.12265625 0.1484375
0 0.78046875 0.38359375 0.1203125 0.15546875
0 0.69609375 0.4203125 0.15859375 0.1484375
0 0.69765625 0.49453125 0.1984375 0.20390625
0 0.8796875 0.521875 0.1640625 0.221875
0 0.734375 0.66640625 0.21484375 0.29609375
0 0.54609375 0.53125 0.23046875 0.1890625
0 0.48515625 0.6609375 0.16796875 0.28125
0 0.13515625 0.521875 0.2078125 0.25546875
0 0.24609375 0.6296875 0.17734375 0.2703125