0 0.59375 0.6265625 0.04140625 0.2796875
0 0.59921875 0.2375 0.04296875 0.2796875
0 0.575 0.45 0.05078125 0.2875
0 0.571875 0.20078125 0.04921875 0.27578125
0 0.54765625 0.09609375 0.05625 0.19140625
0 0.51875 0.059375 0.0640625 0.11875
0 0.490625 0.14765625 0.071875 0.2953125
0 0.5765625 0.9 0.046875 0.19921875
0 0.56640625 0.75703125 0.06171875 0.34453125
0 0.54921875 0.90234375 0.05078125 0.1953125
0 0.51875 0.925 0.06640625 0.14921875
0 0.4875 0.88671875 0.08125 0.22578125
0 0.4828125 0.62421875 0.065625 0.6515625
0 0.42265625 0.896875 0.10234375 0.203125
0 0.42734375 0.490625 0.09296875 0.52890625
0 0.43125 0.09765625 0.09453125 0.1953125