0 0.54921875 0.2375 0.0984375 0.134375
0 0.4140625 0.20078125 0.0984375 0.13828125
0 0.48671875 0.2796875 0.1015625 0.1609375
0 0.4 0.278125 0.09765625 0.15703125
0 0.28515625 0.23203125 0.09609375 0.153125
0 0.18671875 0.296875 0.125 0.19140625
0 0.35 0.340625 0.09453125 0.1765625
0 0.27578125 0.40625 0.190625 0.21875
0 0.35625 0.5015625 0.14765625 0.2296875
0 0.15234375 0.49609375 0.2109375 0.31015625
0 0.67734375 0.3046875 0.1359375 0.15703125
0 0.59296875 0.321875 0.12265625 0.19140625
0 0.6703125 0.38125 0.12421875 0.16484375
0 0.7953125 0.45 0.1171875 0.203125
0 0.70390625 0.475 0.165625 0.21875
0 0.69765625 0.56484375 0.209375 0.271875
0 0.8734375 0.60546875 0.16015625 0.26015625
0 0.5421875 0.55546875 0.2296875 0.221875
0 0.703125 0.75703125 0.21484375 0.33359375
0 0.49296875 0.70859375 0.18828125 0.2953125
0 0.29765625 0.6609375 0.19453125 0.30625