0 0.62421875 0.7359375 0.08671875 0.1328125
0 0.64140625 0.703125 0.12109375 0.18671875
0 0.715625 0.640625 0.13203125 0.18671875
0 0.68671875 0.56484375 0.14765625 0.215625
0 0.7859375 0.690625 0.13359375 0.190625
0 0.878125 0.57578125 0.1296875 0.21953125
0 0.82734375 0.453125 0.2 0.2875
0 0.4703125 0.75703125 0.0734375 0.12578125
0 0.52421875 0.72109375 0.10546875 0.16171875
0 0.33828125 0.7359375 0.09453125 0.15078125
0 0.4140625 0.6921875 0.1 0.17265625
0 0.3203125 0.66015625 0.1 0.18359375
0 0.23828125 0.69453125 0.1109375 0.18359375
0 0.18046875 0.63671875 0.084375 0.14375
0 0.0984375 0.56640625 0.125 0.24453125
0 0.275 0.584375 0.171875 0.23046875
0 0.203125 0.478125 0.15703125 0.27734375
0 0.39453125 0.5484375 0.14375 0.2515625
0 0.5546875 0.5234375 0.1921875 0.25546875
0 0.38203125 0.3796875 0.1296875 0.28046875
0 0.61640625 0.321875 0.23046875 0.37734375