0 0.578125 0.15078125 0.0546875 0.240625
0 0.56484375 0.13671875 0.07578125 0.2734375
0 0.54140625 0.0453125 0.06953125 0.08984375
0 0.5140625 0.09921875 0.08125 0.19765625
0 0.596875 0.56328125 0.05078125 0.2046875
0 0.5796875 0.41875 0.06640625 0.2953125
0 0.596875 0.8828125 0.06015625 0.19765625
0 0.5765625 0.71953125 0.06953125 0.27734375
0 0.56953125 0.91015625 0.06953125 0.16171875
0 0.5390625 0.928125 0.084375 0.14375
0 0.525 0.78046875 0.10234375 0.403125
0 0.5046875 0.35234375 0.10703125 0.53203125
0 0.4640625 0.821875 0.11171875 0.35625
0 0.42890625 0.2625 0.15078125 0.521875