0 0.3796875 0.25390625 0.08515625 0.12578125
0 0.36171875 0.284375 0.11875 0.1765625
0 0.2859375 0.33984375 0.1296875 0.1765625
0 0.3140625 0.4171875 0.1453125 0.2015625
0 0.21640625 0.28203125 0.13046875 0.1796875
0 0.1234375 0.38828125 0.1265625 0.20859375
0 0.171875 0.51640625 0.19609375 0.26953125
0 0.53359375 0.24609375 0.071875 0.11875
0 0.47890625 0.27734375 0.10390625 0.15078125
0 0.66484375 0.28046875 0.09296875 0.14375
0 0.58828125 0.31640625 0.09765625 0.16171875
0 0.68125 0.35625 0.09765625 0.17265625
0 0.7640625 0.33125 0.1078125 0.17265625
0 0.8203125 0.39375 0.0828125 0.13671875
0 0.90234375 0.47109375 0.12265625 0.23359375
0 0.725 0.43671875 0.16953125 0.215625
0 0.79609375 0.55 0.1546875 0.2625
0 0.60625 0.4625 0.14140625 0.2375
0 0.44609375 0.47109375 0.1890625 0.2375
0 0.61640625 0.63125 0.125 0.26953125
0 0.38125 0.6671875 0.2265625 0.35625