0 0.4953125 0.26640625 0.1 0.10859375
0 0.465625 0.3 0.08046875 0.1265625
0 0.34609375 0.28203125 0.08515625 0.1390625
0 0.36875 0.3078125 0.10390625 0.1609375
0 0.6375 0.27265625 0.09765625 0.11171875
0 0.55703125 0.29375 0.08828125 0.1421875
0 0.65 0.3234375 0.109375 0.1328125
0 0.76953125 0.3171875 0.10390625 0.1421875
0 0.6875 0.3515625 0.09453125 0.1453125
0 0.68046875 0.45546875 0.15390625 0.21328125
0 0.8421875 0.41015625 0.1484375 0.1859375
0 0.85 0.54921875 0.1734375 0.24453125
0 0.54140625 0.4921875 0.13515625 0.23515625
0 0.61484375 0.6671875 0.21796875 0.3
0 0.2328125 0.3234375 0.1 0.1421875
0 0.31015625 0.371875 0.13359375 0.1515625
0 0.309375 0.44609375 0.1375 0.1796875
0 0.39765625 0.4828125 0.14296875 0.25390625
0 0.31953125 0.6515625 0.21328125 0.29375
0 0.15703125 0.40546875 0.11640625 0.2015625
0 0.14453125 0.5375 0.190625 0.22890625