0 0.50234375 0.73359375 0.1015625 0.11171875
0 0.5328125 0.7015625 0.08125 0.1296875
0 0.65234375 0.72421875 0.08671875 0.1421875
0 0.63046875 0.696875 0.10546875 0.1640625
0 0.36015625 0.72109375 0.0984375 0.11484375
0 0.4421875 0.703125 0.0890625 0.1453125
0 0.3484375 0.6703125 0.1109375 0.1359375
0 0.22890625 0.671875 0.10546875 0.1453125
0 0.3109375 0.640625 0.09609375 0.1484375
0 0.31953125 0.5375 0.1546875 0.21953125
0 0.15703125 0.57578125 0.14921875 0.1921875
0 0.15078125 0.43671875 0.175 0.25078125
0 0.45859375 0.50625 0.1359375 0.24140625
0 0.38671875 0.328125 0.2203125 0.309375
0 0.765625 0.6875 0.1015625 0.1453125
0 0.6890625 0.6359375 0.13515625 0.1578125
0 0.690625 0.56171875 0.1390625 0.1859375
0 0.60234375 0.521875 0.14453125 0.26015625
0 0.68125 0.35625 0.21640625 0.303125
0 0.8421875 0.60859375 0.1171875 0.2078125
0 0.85546875 0.4765625 0.1921875 0.23515625