0 0.60078125 0.50625 0.053125 0.23828125
0 0.58828125 0.43515625 0.06015625 0.1953125
0 0.6046875 0.159375 0.065625 0.2078125
0 0.59140625 0.20859375 0.07578125 0.25078125
0 0.58828125 0.834375 0.0546875 0.23203125
0 0.58515625 0.6453125 0.06640625 0.21328125
0 0.565625 0.859375 0.065625 0.26328125
0 0.55078125 0.91328125 0.06796875 0.1734375
0 0.50625 0.86640625 0.1 0.2671875
0 0.50078125 0.59609375 0.1109375 0.328125
0 0.4203125 0.74453125 0.14453125 0.5046875
0 0.56640625 0.11640625 0.071875 0.22265625
0 0.534375 0.11328125 0.084375 0.22578125
0 0.51484375 0.26484375 0.11875 0.346875
0 0.44453125 0.1640625 0.1359375 0.328125