0 0.603125 0.4515625 0.0640625 0.25078125
0 0.58828125 0.57578125 0.0625 0.209375
0 0.5765625 0.3296875 0.065625 0.2609375
0 0.57421875 0.1 0.071875 0.19921875
0 0.55546875 0.11328125 0.06953125 0.2265625
0 0.5328125 0.09140625 0.090625 0.18203125
0 0.49375 0.10859375 0.10390625 0.21640625
0 0.48984375 0.3296875 0.121875 0.38828125
0 0.6078125 0.8640625 0.075 0.2234375
0 0.58984375 0.778125 0.0828125 0.28203125
0 0.57578125 0.915625 0.07734375 0.14765625
0 0.54453125 0.9015625 0.1046875 0.196875
0 0.51171875 0.725 0.1203125 0.40546875
0 0.42578125 0.16640625 0.1609375 0.3328125
0 0.453125 0.73515625 0.15859375 0.52890625