0 0.3953125 0.496875 0.05703125 0.240625
0 0.41875 0.3828125 0.05703125 0.19921875
0 0.41171875 0.62890625 0.05859375 0.25078125
0 0.39375 0.87421875 0.065625 0.23046875
0 0.41484375 0.865625 0.0625 0.25390625
0 0.4359375 0.8984375 0.08515625 0.19609375
0 0.4734375 0.89140625 0.09765625 0.21640625
0 0.49765625 0.671875 0.109375 0.36796875
0 0.41953125 0.09453125 0.06796875 0.1890625
0 0.4328125 0.18203125 0.075 0.27109375
0 0.45390625 0.06015625 0.075 0.1203125
0 0.4828125 0.0828125 0.1 0.16484375
0 0.50546875 0.2734375 0.109375 0.38515625
0 0.546875 0.85546875 0.15390625 0.28828125
0 0.5640625 0.26953125 0.14375 0.5390625