0 0.50703125 0.2265625 0.0890625 0.13671875
0 0.55625 0.2875 0.07890625 0.14375
0 0.45625 0.28203125 0.08828125 0.13671875
0 0.35234375 0.25625 0.08046875 0.16953125
0 0.37109375 0.3078125 0.1 0.15859375
0 0.2453125 0.3078125 0.11328125 0.1625
0 0.671875 0.275 0.1125 0.16953125
0 0.62578125 0.315625 0.090625 0.18046875
0 0.6984375 0.35078125 0.10390625 0.18828125
0 0.78359375 0.3171875 0.0921875 0.16640625
0 0.71328125 0.43359375 0.16171875 0.26171875
0 0.86875 0.4203125 0.1171875 0.21796875
0 0.828125 0.58125 0.165625 0.3171875
0 0.59921875 0.49453125 0.1359375 0.25859375
0 0.60859375 0.66796875 0.2203125 0.36875
0 0.44296875 0.50546875 0.14140625 0.265625
0 0.31640625 0.46875 0.146875 0.2765625
0 0.153125 0.40234375 0.1171875 0.21796875
0 0.1484375 0.5390625 0.13984375 0.265625
0 0.3140625 0.66015625 0.2109375 0.3765625