0 0.5984375 0.51484375 0.05078125 0.25078125
0 0.57734375 0.6515625 0.053125 0.22109375
0 0.578125 0.3765625 0.05078125 0.246875
0 0.584375 0.1 0.0625 0.19921875
0 0.56640625 0.13984375 0.0578125 0.2796875
0 0.58359375 0.90625 0.0625 0.184375
0 0.56875 0.84296875 0.06640625 0.2546875
0 0.55625 0.95 0.06796875 0.1
0 0.52578125 0.93125 0.0953125 0.1375
0 0.50390625 0.775 0.09609375 0.3796875
0 0.440625 0.746875 0.1359375 0.50546875
0 0.49765625 0.34296875 0.0984375 0.39453125
0 0.50703125 0.09765625 0.1015625 0.1953125
0 0.43984375 0.1421875 0.1375 0.284375