0 0.73125 0.1828125 0.02890625 0.0640625
0 0.6390625 0.109375 0.01640625 0.03046875
0 0.5875 0.178125 0.02578125 0.02734375
0 0.5453125 0.04375 0.01796875 0.0296875
0 0.496875 0.18359375 0.01875 0.0265625
0 0.40234375 0.18984375 0.03046875 0.0625
0 0.40703125 0.11796875 0.02421875 0.02734375
0 0.45 0.0421875 0.01953125 0.0296875
0 0.35625 0.115625 0.01484375 0.02890625
0 0.2625 0.0421875 0.01875 0.03046875
0 0.16796875 0.1140625 0.02265625 0.02421875
0 0.071875 0.82265625 0.021875 0.034375
1 0.78984375 0.0828125 0.1671875 0.16484375
1 0.5265625 0.0375 0.01484375 0.075
0 0.165625 0.825 0.021875 0.02265625
0 0.2171875 0.7515625 0.02421875 0.02421875
0 0.125 0.7546875 0.025 0.02109375
0 0.0734375 0.6796875 0.0203125 0.02890625
0 0.16875 0.61015625 0.02109375 0.02265625
0 0.01328125 0.534375 0.02578125 0.03046875
0 0.0703125 0.4703125 0.0328125 0.04140625
0 0.16875 0.4671875 0.01875 0.03359375
0 0.07109375 0.3265625 0.01953125 0.01796875
0 0.11875 0.32734375 0.02578125 0.034375
0 0.165625 0.253125 0.01953125 0.01953125
0 0.3109375 0.1859375 0.025 0.02578125
0 0.4515625 0.25546875 0.0203125 0.01875
0 0.2140625 0.3984375 0.01875 0.02265625
0 0.26484375 0.39453125 0.0203125 0.03046875
0 0.2609375 0.325 0.01640625 0.03359375
0 0.31171875 0.46796875 0.015625 0.021875
0 0.3578125 0.465625 0.01640625 0.025
0 0.4046875 0.325 0.01796875 0.0265625
0 0.40390625 0.3953125 0.0171875 0.02421875
0 0.44765625 0.4703125 0.02578125 0.03828125
0 0.35703125 0.60625 0.0171875 0.0234375
0 0.2625 0.68828125 0.0265625 0.04296875
0 0.26171875 0.82265625 0.02421875 0.021875
0 0.36015625 0.81875 0.02109375 0.0203125
0 0.40390625 0.75 0.02109375 0.01953125
0 0.49765625 0.67890625 0.02265625 0.01875
0 0.4515625 0.82109375 0.02109375 0.0296875
0 0.6359375 0.25078125 0.02109375 0.0203125
0 0.5453125 0.3234375 0.01953125 0.0296875
0 0.684375 0.321875 0.0265625 0.0296875
0 0.7359375 0.39375 0.021875 0.0234375
0 0.68203125 0.4625 0.0265625 0.0265625
0 0.54609375 0.4625 0.01640625 0.0375
0 0.4953125 0.5390625 0.021875 0.02265625
0 0.54453125 0.5375 0.01953125 0.02265625
0 0.63984375 0.60703125 0.021875 0.01640625
0 0.73359375 0.5328125 0.01875 0.02421875
0 0.590625 0.7484375 0.02265625 0.02109375
0 0.63984375 0.8171875 0.01953125 0.01953125
0 0.73046875 0.74921875 0.06015625 0.034375
0 0.7796875 0.8203125 0.02734375 0.02421875
0 0.82890625 0.8921875 0.01796875 0.01796875
0 0.92421875 0.8203125 0.02421875 0.025
0 0.9734375 0.7484375 0.01875 0.02109375
0 0.8765625 0.7453125 0.03515625 0.0359375
0 0.778125 0.6765625 0.01796875 0.0171875
0 0.92578125 0.6078125 0.03046875 0.02734375
0 0.96953125 0.5359375 0.021875 0.01875
0 0.8734375 0.46328125 0.01953125 0.01875
0 0.96875 0.39375 0.02109375 0.025
0 0.921875 0.325 0.01640625 0.02578125
0 0.071875 0.11484375 0.02421875 0.02109375
0 0.11796875 0.040625 0.021875 0.021875
0 0.83046875 0.325 0.021875 0.025
0 0.77890625 0.2515625 0.0203125 0.0296875
0 0.8734375 0.253125 0.01875 0.021875
0 0.97109375 0.25390625 0.02578125 0.0296875
0 0.91953125 0.1796875 0.02734375 0.028125
0 0.91953125 0.04375 0.02421875 0.02578125
0 0.96953125 0.0375 0.0234375 0.0203125
0 0.8203125 0.12421875 0.02421875 0.03203125
0 0.76328125 0.096875 0.02109375 0.02421875
0 0.80234375 0.084375 0.02109375 0.01875
0 0.85546875 0.0578125 0.01015625 0.02421875
0 0.796875 0.015625 0.028125 0.03046875
0 0.7640625 0.01015625 0.0125 0.01796875