0 0.53046875 0.72109375 0.0125 0.0171875
0 0.771875 0.07578125 0.046875 0.046875
0 0.71640625 0.10234375 0.02109375 0.02265625
0 0.68828125 0.109375 0.0203125 0.02265625
0 0.71640625 0.14453125 0.028125 0.03828125
0 0.74609375 0.1375 0.01640625 0.02109375
0 0.7796875 0.171875 0.02890625 0.06953125
0 0.78203125 0.21796875 0.01328125 0.02265625
0 0.75 0.18046875 0.01640625 0.02265625
0 0.75234375 0.22109375 0.0171875 0.02421875
0 0.75390625 0.26953125 0.01640625 0.01953125
0 0.7578125 0.3125 0.02109375 0.02578125
0 0.78359375 0.3078125 0.02265625 0.10234375
0 0.8203125 0.3453125 0.02109375 0.03125
0 0.884375 0.33515625 0.01640625 0.02734375
0 0.85 0.3875 0.0296875 0.0796875
0 0.821875 0.39453125 0.025 0.02734375
0 0.7890625 0.40390625 0.01640625 0.02109375
0 0.75703125 0.40625 0.0390625 0.04375
0 0.8953125 0.434375 0.03125 0.08359375
0 0.8265625 0.49140625 0.01796875 0.02109375
0 0.78984375 0.4921875 0.0203125 0.028125
0 0.7609375 0.49609375 0.02109375 0.034375
0 0.7953125 0.54375 0.01875 0.02734375
0 0.8609375 0.5359375 0.021875 0.0359375
0 0.86328125 0.58671875 0.01875 0.02265625
0 0.89375 0.584375 0.028125 0.05234375
0 0.8625 0.63671875 0.0203125 0.02578125
0 0.828125 0.584375 0.03671875 0.02734375
0 0.76875 0.58984375 0.0171875 0.02421875
0 0.7390625 0.59375 0.028125 0.05
0 0.7671875 0.63828125 0.0171875 0.02421875
0 0.7390625 0.640625 0.015625 0.02109375
0 0.69765625 0.32734375 0.0203125 0.0453125
0 0.70703125 0.5515625 0.01796875 0.02265625
0 0.96875 0.6828125 0.02890625 0.05390625
0 0.9328125 0.68359375 0.02109375 0.02734375
0 0.86328125 0.68125 0.02421875 0.03125
0 0.7984375 0.68671875 0.03515625 0.02109375
0 0.83359375 0.73046875 0.015625 0.01953125
0 0.77109375 0.7328125 0.0171875 0.02578125
0 0.77265625 0.77890625 0.015625 0.01875
0 0.8015625 0.7796875 0.0171875 0.02265625
0 0.83515625 0.78046875 0.015625 0.01875
0 0.89921875 0.784375 0.02109375 0.02578125
0 0.93359375 0.83828125 0.0203125 0.02265625
0 0.7734375 0.82421875 0.015625 0.02265625
0 0.80390625 0.87734375 0.01640625 0.01953125
0 0.83671875 0.87890625 0.0171875 0.01953125
0 0.86640625 0.83359375 0.0171875 0.01875
0 0.86875 0.88203125 0.01328125 0.02265625
0 0.9015625 0.93125 0.0140625 0.02578125
0 0.9375 0.940625 0.0171875 0.02421875
0 0.63671875 0.10234375 0.0140625 0.01875
0 0.65859375 0.18203125 0.01796875 0.028125
0 0.62890625 0.19296875 0.02890625 0.03125
0 0.66640625 0.22890625 0.0140625 0.02265625
0 0.57265625 0.2203125 0.0203125 0.03125
0 0.56953125 0.08671875 0.01796875 0.0296875
0 0.50390625 0.075 0.015625 0.0171875
0 0.525 0.1515625 0.01328125 0.01953125
0 0.4859375 0.13046875 0.03046875 0.04375
0 0.4453125 0.10390625 0.034375 0.0328125
0 0.45546875 0.1390625 0.015625 0.015625
0 0.415625 0.11015625 0.021875 0.04375
0 0.428125 0.1515625 0.01796875 0.0359375
0 0.45 0.23359375 0.0140625 0.0171875
0 0.47734375 0.22578125 0.025 0.03828125
0 0.49921875 0.30703125 0.01328125 0.02109375
0 0.50859375 0.35078125 0.03359375 0.03984375
0 0.5953125 0.35859375 0.06484375 0.05546875
0 0.57421875 0.36875 0.01171875 0.01875
0 0.64765625 0.42421875 0.0140625 0.02265625
0 0.65703125 0.4640625 0.0125 0.01875
0 0.61953125 0.43359375 0.0625 0.08359375
0 0.5671875 0.46796875 0.0171875 0.0296875
0 0.57734375 0.50859375 0.01875 0.03828125
0 0.58515625 0.55234375 0.0140625 0.0171875
0 0.5390625 0.48203125 0.0203125 0.02421875
0 0.62421875 0.58203125 0.01875 0.02734375
0 0.596875 0.59609375 0.0140625 0.01953125
0 0.60703125 0.6375 0.0140625 0.01875
0 0.61796875 0.6765625 0.02109375 0.0359375
0 0.63515625 0.7625 0.028125 0.04296875
0 0.64609375 0.8046875 0.01015625 0.01875
0 0.67734375 0.93046875 0.0140625 0.02265625
0 0.6203125 0.90859375 0.028125 0.0296875
0 0.590625 0.87578125 0.00859375 0.015625
0 0.58125 0.83359375 0.01171875 0.01875
0 0.5578125 0.83984375 0.009375 0.0125
0 0.57421875 0.78671875 0.0265625 0.0359375
0 0.5265625 0.81015625 0.0203125 0.02109375
0 0.5171875 0.76796875 0.0125 0.0171875
0 0.5765625 0.7078125 0.021875 0.034375
0 0.56328125 0.65703125 0.0203125 0.02578125
0 0.52890625 0.63203125 0.009375 0.0171875
0 0.484375 0.6546875 0.015625 0.02421875
0 0.46484375 0.6625 0.025 0.02734375
0 0.49453125 0.865625 0.00859375 0.0125
0 0.4734375 0.87109375 0.01015625 0.0140625
0 0.46484375 0.8359375 0.00546875 0.01015625
0 0.4375 0.80234375 0.0078125 0.0125
0 0.41875 0.8125 0.0171875 0.02421875
0 0.41015625 0.853125 0.0078125 0.0125
0 0.44765625 0.75703125 0.015625 0.02265625
0 0.39296875 0.78203125 0.01875 0.0296875
0 0.3609375 0.796875 0.01015625 0.0125
0 0.4390625 0.7234375 0.00703125 0.01015625
0 0.403125 0.740625 0.00859375 0.01171875
0 0.34375 0.73359375 0.01875 0.01953125
0 0.375 0.71484375 0.01015625 0.0140625
0 0.42890625 0.6859375 0.02890625 0.0328125
0 0.434375 0.63984375 0.01640625 0.02578125
0 0.43984375 0.59140625 0.01640625 0.02734375
0 0.42265625 0.60078125 0.015625 0.01875
0 0.4046875 0.615625 0.01015625 0.01875
0 0.38671875 0.62421875 0.02578125 0.0359375
0 0.35390625 0.646875 0.05234375 0.05546875
0 0.4796875 0.5671875 0.0265625 0.0328125
0 0.44765625 0.54140625 0.0125 0.0140625
0 0.46640625 0.52734375 0.015625 0.02109375
0 0.37265625 0.590625 0.0171875 0.02265625
0 0.3953125 0.53203125 0.01875 0.02578125
0 0.3828125 0.4984375 0.02109375 0.02265625
0 0.40078125 0.4828125 0.0203125 0.03125
0 0.496875 0.46328125 0.021875 0.034375
0 0.48359375 0.42109375 0.015625 0.0328125
0 0.44375 0.453125 0.03984375 0.03671875
0 0.425 0.415625 0.025 0.02109375
0 0.43203125 0.35859375 0.025 0.0359375
0 0.41328125 0.38046875 0.0140625 0.0296875
0 0.34375 0.38671875 0.01796875 0.0296875
0 0.3609375 0.371875 0.0140625 0.02578125
0 0.39765625 0.33515625 0.028125 0.02421875
0 0.43125 0.25546875 0.02421875 0.04140625
0 0.39296875 0.23203125 0.0203125 0.0328125
0 0.3671875 0.31328125 0.02109375 0.0296875
0 0.35703125 0.27421875 0.0203125 0.03671875
0 0.33984375 0.29375 0.015625 0.03125
0 0.36328125 0.21328125 0.02578125 0.03828125
0 0.35625 0.18203125 0.01328125 0.0296875
0 0.365625 0.11484375 0.0171875 0.03125
0 0.38203125 0.0890625 0.0171875 0.0296875
0 0.34296875 0.078125 0.021875 0.034375
0 0.3109375 0.13515625 0.009375 0.01953125
0 0.30234375 0.14375 0.0125 0.02734375
0 0.3125 0.17734375 0.0125 0.02265625
0 0.28359375 0.17890625 0.01171875 0.02109375
0 0.26953125 0.20546875 0.01328125 0.02578125
0 0.2625 0.20859375 0.00546875 0.01875
0 0.25625 0.225 0.0078125 0.01875
0 0.28828125 0.2578125 0.0265625 0.03984375
0 0.3125 0.27265625 0.015625 0.02734375
0 0.2234375 0.26953125 0.01015625 0.02109375
0 0.215625 0.2921875 0.01015625 0.01953125
0 0.1859375 0.3046875 0.0140625 0.02421875
0 0.27421875 0.36015625 0.015625 0.028125
0 0.2390625 0.36015625 0.01875 0.02109375
0 0.20703125 0.359375 0.0125 0.02734375
0 0.21640625 0.4203125 0.01171875 0.02265625
0 0.15078125 0.3671875 0.0125 0.0140625
0 0.16484375 0.42421875 0.01171875 0.02109375
0 0.18203125 0.4546875 0.01171875 0.01875
0 0.27890625 0.44609375 0.0171875 0.0484375
0 0.35078125 0.471875 0.01171875 0.01953125
0 0.334375 0.48828125 0.01640625 0.02109375
0 0.23515625 0.47578125 0.01328125 0.02421875
0 0.24609375 0.48828125 0.0140625 0.0359375
0 0.2859375 0.525 0.0171875 0.02265625
0 0.315625 0.55234375 0.02890625 0.02421875
0 0.18359375 0.51171875 0.028125 0.028125
0 0.20390625 0.5421875 0.02421875 0.034375
0 0.1875 0.571875 0.01875 0.03125
0 0.20390625 0.56875 0.00859375 0.01875
0 0.15703125 0.6 0.01171875 0.02109375
0 0.26875 0.559375 0.0078125 0.02109375
0 0.27421875 0.57109375 0.01328125 0.02265625
0 0.246875 0.56640625 0.01796875 0.03125
0 0.2828125 0.6296875 0.0125 0.02421875
0 0.25625 0.63125 0.0140625 0.02734375
0 0.3078125 0.63125 0.01796875 0.01953125
0 0.3015625 0.65703125 0.01640625 0.02109375
0 0.27578125 0.68671875 0.0265625 0.03125
0 0.2609375 0.6859375 0.00859375 0.02578125
0 0.2859375 0.7484375 0.009375 0.0171875
0 0.303125 0.78046875 0.00703125 0.0125
0 0.3171875 0.78125 0.009375 0.0171875
0 0.33125 0.7828125 0.00859375 0.0171875
0 0.35859375 0.8296875 0.0078125 0.015625
0 0.3359375 0.8140625 0.00546875 0.01171875
0 0.2859375 0.83671875 0.01171875 0.01171875
0 0.2609375 0.746875 0.01328125 0.02109375
0 0.19140625 0.77734375 0.0078125 0.00859375
0 0.20078125 0.75703125 0.01171875 0.01171875
0 0.17890625 0.73203125 0.00859375 0.01171875
0 0.23203125 0.71796875 0.0078125 0.01015625
0 0.18984375 0.70546875 0.01171875 0.015625
0 0.16875 0.67890625 0.01015625 0.015625
0 0.20078125 0.68359375 0.0171875 0.02109375
0 0.21328125 0.65625 0.01171875 0.015625
0 0.17734375 0.62890625 0.015625 0.02109375