0 0.50703125 0.72578125 0.0140625 0.01953125
0 0.81328125 0.14453125 0.0515625 0.05703125
0 0.75625 0.1578125 0.02265625 0.02734375
0 0.7265625 0.1578125 0.021875 0.02734375
0 0.7515625 0.19921875 0.03125 0.04375
0 0.78125 0.19921875 0.01796875 0.02421875
0 0.81015625 0.24140625 0.03515625 0.07578125
0 0.8078125 0.28671875 0.015625 0.02578125
0 0.78125 0.2421875 0.01796875 0.02578125
0 0.77890625 0.2828125 0.01875 0.028125
0 0.775 0.33125 0.01796875 0.02265625
0 0.775 0.375 0.02421875 0.0296875
0 0.8 0.3765625 0.03359375 0.10703125
0 0.8328125 0.421875 0.02421875 0.0359375
0 0.896875 0.42578125 0.01875 0.0296875
0 0.85703125 0.4703125 0.0375 0.08515625
0 0.82890625 0.47109375 0.028125 0.0328125
0 0.7953125 0.471875 0.01796875 0.02421875
0 0.7640625 0.4671875 0.04296875 0.05234375
0 0.89765625 0.528125 0.03984375 0.08984375
0 0.8234375 0.5671875 0.0203125 0.02578125
0 0.78671875 0.559375 0.02265625 0.0328125
0 0.7578125 0.55625 0.02421875 0.03828125
0 0.7875 0.61171875 0.021875 0.03125
0 0.85234375 0.61953125 0.02578125 0.03984375
0 0.85 0.6703125 0.02109375 0.02734375
0 0.8796875 0.675 0.0328125 0.05859375
0 0.84375 0.71875 0.02265625 0.0296875
0 0.815625 0.66015625 0.0390625 0.0359375
0 0.75546875 0.65078125 0.01875 0.028125
0 0.72578125 0.64765625 0.0328125 0.05546875
0 0.75 0.6984375 0.01875 0.028125
0 0.721875 0.69453125 0.0171875 0.02421875
0 0.71328125 0.37578125 0.025 0.05
0 0.69921875 0.59921875 0.0203125 0.02734375
0 0.94375 0.78984375 0.034375 0.059375
0 0.9078125 0.78203125 0.02421875 0.03125
0 0.83984375 0.7640625 0.0265625 0.03671875
0 0.775 0.75390625 0.0375 0.0296875
0 0.80546875 0.80546875 0.0171875 0.02265625
0 0.74375 0.79296875 0.0203125 0.0296875
0 0.73984375 0.83828125 0.0171875 0.02109375
0 0.76875 0.84609375 0.01875 0.02734375
0 0.8015625 0.8546875 0.0171875 0.02109375
0 0.86484375 0.87421875 0.02421875 0.0296875
0 0.8921875 0.93515625 0.021875 0.02734375
0 0.73671875 0.884375 0.0171875 0.02578125
0 0.76015625 0.94296875 0.01796875 0.02265625
0 0.7921875 0.95234375 0.01875 0.02421875
0 0.8265625 0.91484375 0.01875 0.02265625
0 0.82421875 0.96328125 0.015625 0.02578125
0 0.6765625 0.1390625 0.01640625 0.02109375
0 0.68984375 0.22265625 0.02109375 0.0328125
0 0.66015625 0.2265625 0.03125 0.03671875
0 0.6921875 0.27109375 0.01640625 0.02578125
0 0.6015625 0.24140625 0.02265625 0.0359375
0 0.61171875 0.1078125 0.02109375 0.034375
0 0.5484375 0.08125 0.0171875 0.01953125
0 0.5609375 0.16171875 0.015625 0.02265625
0 0.525 0.13125 0.034375 0.0515625
0 0.48828125 0.09609375 0.0375 0.03984375
0 0.49375 0.13359375 0.0171875 0.01875
0 0.45703125 0.0953125 0.0265625 0.0484375
0 0.465625 0.1390625 0.021875 0.03984375
0 0.478125 0.225 0.01640625 0.01953125
0 0.50625 0.2234375 0.02890625 0.04375
0 0.51875 0.309375 0.015625 0.02421875
0 0.52421875 0.35390625 0.0375 0.046875
0 0.609375 0.3828125 0.06953125 0.06953125
0 0.58671875 0.3875 0.01328125 0.02109375
0 0.65390625 0.459375 0.01640625 0.02578125
0 0.659375 0.5015625 0.0140625 0.02109375
0 0.625 0.4625 0.06953125 0.096875
0 0.56953125 0.48359375 0.0203125 0.034375
0 0.575 0.5265625 0.02265625 0.04296875
0 0.578125 0.571875 0.01640625 0.01953125
0 0.53984375 0.49140625 0.021875 0.028125
0 0.6140625 0.609375 0.021875 0.03125
0 0.58515625 0.6171875 0.01640625 0.02265625
0 0.590625 0.6609375 0.01640625 0.02109375
0 0.59765625 0.7015625 0.025 0.03984375
0 0.60546875 0.790625 0.03125 0.0484375
0 0.61171875 0.834375 0.0125 0.02109375
0 0.63046875 0.96640625 0.01640625 0.02578125
0 0.57578125 0.93203125 0.03046875 0.0359375
0 0.55 0.8921875 0.01015625 0.0171875
0 0.5453125 0.8484375 0.01328125 0.02109375
0 0.521875 0.84921875 0.01015625 0.0140625
0 0.54296875 0.8 0.03046875 0.04140625
0 0.49375 0.8125 0.021875 0.02578125
0 0.4890625 0.76875 0.0140625 0.01953125
0 0.55390625 0.72265625 0.025 0.03828125
0 0.54609375 0.6703125 0.02265625 0.0296875
0 0.51484375 0.6375 0.01171875 0.01875
0 0.46796875 0.6484375 0.0171875 0.02734375
0 0.44765625 0.65234375 0.028125 0.0328125
0 0.45625 0.86015625 0.009375 0.0140625
0 0.434375 0.8609375 0.01171875 0.0171875
0 0.43046875 0.8234375 0.00703125 0.01171875
0 0.40625 0.78359375 0.00859375 0.0140625
0 0.38671875 0.78984375 0.01875 0.028125
0 0.375 0.82890625 0.00859375 0.0140625
0 0.421875 0.7421875 0.0171875 0.02578125
0 0.36484375 0.753125 0.021875 0.034375
0 0.33125 0.7609375 0.01171875 0.015625
0 0.415625 0.70625 0.0078125 0.01171875
0 0.37890625 0.71484375 0.009375 0.0125
0 0.32109375 0.69453125 0.02109375 0.02421875
0 0.35390625 0.6828125 0.01171875 0.0171875
0 0.41015625 0.66640625 0.03125 0.03828125
0 0.4203125 0.62265625 0.01875 0.028125
0 0.43125 0.5765625 0.01875 0.0296875
0 0.41328125 0.58203125 0.0171875 0.02109375
0 0.39375 0.5921875 0.0125 0.02109375
0 0.375 0.596875 0.0296875 0.04140625
0 0.33984375 0.6109375 0.05703125 0.0671875
0 0.47265625 0.56171875 0.0296875 0.03828125
0 0.44375 0.528125 0.01328125 0.0171875
0 0.4640625 0.51953125 0.0171875 0.02421875
0 0.36484375 0.559375 0.01875 0.02734375
0 0.39296875 0.50703125 0.021875 0.0296875
0 0.384375 0.471875 0.02265625 0.02734375
0 0.403125 0.46015625 0.02265625 0.0359375
0 0.50078125 0.46328125 0.025 0.03828125
0 0.4921875 0.41796875 0.01796875 0.0359375
0 0.44921875 0.440625 0.04375 0.0453125
0 0.43515625 0.39921875 0.0265625 0.02734375
0 0.44765625 0.34453125 0.02890625 0.04140625
0 0.42734375 0.36171875 0.0171875 0.0328125
0 0.35703125 0.35234375 0.02109375 0.034375
0 0.37578125 0.34140625 0.0171875 0.028125
0 0.41640625 0.31328125 0.0296875 0.0296875
0 0.4578125 0.2421875 0.028125 0.046875
0 0.42265625 0.21015625 0.02265625 0.03671875
0 0.38828125 0.28515625 0.02421875 0.034375
0 0.3828125 0.24375 0.02421875 0.04140625
0 0.36328125 0.25859375 0.01796875 0.034375
0 0.3953125 0.18515625 0.0296875 0.04375
0 0.39140625 0.15234375 0.01640625 0.0328125
0 0.4078125 0.08828125 0.0203125 0.0359375
0 0.4265625 0.0671875 0.0203125 0.034375
0 0.38984375 0.046875 0.025 0.03828125
0 0.3515625 0.09609375 0.01171875 0.02109375
0 0.3421875 0.10234375 0.015625 0.0296875
0 0.3484375 0.1375 0.0140625 0.02578125
0 0.31953125 0.1328125 0.01328125 0.02421875
0 0.30390625 0.15546875 0.01640625 0.028125
0 0.2953125 0.15625 0.0078125 0.01953125
0 0.28828125 0.17109375 0.009375 0.01953125
0 0.31640625 0.21171875 0.03046875 0.0453125
0 0.3390625 0.23203125 0.01796875 0.0296875
0 0.2515625 0.20859375 0.0125 0.02421875
0 0.240625 0.22890625 0.0125 0.02265625
0 0.21015625 0.234375 0.01640625 0.02734375
0 0.2921875 0.309375 0.01796875 0.03125
0 0.25703125 0.30078125 0.02109375 0.02578125
0 0.22578125 0.29296875 0.015625 0.0296875
0 0.228125 0.35546875 0.01328125 0.02578125
0 0.16875 0.2875 0.01328125 0.0171875
0 0.1765625 0.34765625 0.01328125 0.02421875
0 0.190625 0.38125 0.01328125 0.02109375
0 0.2875 0.3953125 0.021875 0.0515625
0 0.35546875 0.43828125 0.01328125 0.02265625
0 0.3375 0.45 0.01796875 0.02421875
0 0.240625 0.41484375 0.015625 0.02734375
0 0.25078125 0.4296875 0.01796875 0.03828125
0 0.2859375 0.475 0.01875 0.02734375
0 0.31171875 0.509375 0.03046875 0.0296875
0 0.18671875 0.4375 0.03046875 0.034375
0 0.203125 0.471875 0.0265625 0.03984375
0 0.18359375 0.4984375 0.021875 0.0359375
0 0.2 0.49921875 0.01015625 0.01953125
0 0.1515625 0.51953125 0.01328125 0.02421875
0 0.26484375 0.50390625 0.009375 0.02265625
0 0.26953125 0.51796875 0.015625 0.02578125
0 0.24296875 0.50625 0.02109375 0.0359375
0 0.271875 0.57734375 0.0140625 0.02734375
0 0.2453125 0.5734375 0.0171875 0.0296875
0 0.296875 0.58515625 0.0203125 0.02421875
0 0.2875 0.60859375 0.01796875 0.02421875
0 0.25859375 0.63203125 0.0296875 0.03671875
0 0.24453125 0.628125 0.01171875 0.02734375
0 0.2625 0.6953125 0.01171875 0.01875
0 0.27578125 0.73125 0.0078125 0.0140625
0 0.28984375 0.734375 0.01171875 0.01875
0 0.30390625 0.740625 0.01015625 0.01875
0 0.325 0.79296875 0.009375 0.0171875
0 0.3046875 0.77265625 0.00703125 0.0125
0 0.25390625 0.78203125 0.0125 0.0140625
0 0.2375 0.68828125 0.015625 0.02421875
0 0.16640625 0.70234375 0.00859375 0.01015625
0 0.17734375 0.684375 0.0125 0.0140625
0 0.15859375 0.6546875 0.009375 0.0125
0 0.2125 0.653125 0.00859375 0.01171875
0 0.171875 0.63125 0.01328125 0.01875
0 0.15390625 0.59921875 0.0125 0.01875
0 0.18515625 0.61171875 0.01875 0.02578125
0 0.20078125 0.58828125 0.01328125 0.01875
0 0.1671875 0.5515625 0.0171875 0.02421875