0 0.51953125 0.31328125 0.0109375 0.02421875
0 0.50625 0.303125 0.01640625 0.03828125
0 0.525 0.2 0.01484375 0.03515625
0 0.50234375 0.19765625 0.01171875 0.0265625
0 0.5078125 0.128125 0.0125 0.0265625
0 0.51328125 0.00859375 0.01171875 0.0171875
0 0.4484375 0.1359375 0.08203125 0.146875
0 0.6203125 0.33515625 0.00703125 0.0171875
0 0.05078125 0.08046875 0.0515625 0.0984375
0 0.03125 0.36640625 0.03359375 0.071875
0 0.24140625 0.09296875 0.04921875 0.13984375
0 0.27421875 0.14765625 0.015625 0.0421875
0 0.325 0.021875 0.0515625 0.04375
0 0.38046875 0.00859375 0.01640625 0.0171875
0 0.25859375 0.2953125 0.06796875 0.2
0 0.33125 0.303125 0.0203125 0.04375
0 0.1953125 0.84375 0.08828125 0.1859375
0 0.3015625 0.93671875 0.02890625 0.0421875
0 0.3359375 0.64375 0.0671875 0.16640625
0 0.475 0.71484375 0.0140625 0.0296875
0 0.48671875 0.63984375 0.01640625 0.03671875
0 0.4984375 0.54453125 0.015625 0.040625
0 0.61796875 0.446875 0.00859375 0.02109375
0 0.62734375 0.43046875 0.01171875 0.02265625
0 0.65703125 0.3203125 0.01015625 0.02109375
0 0.49296875 0.396875 0.01015625 0.0265625
0 0.88046875 0.80625 0.07265625 0.171875
0 0.8796875 0.72265625 0.0125 0.02265625
0 0.98203125 0.715625 0.01484375 0.04375
0 0.95546875 0.659375 0.0125 0.02265625
0 0.91875 0.5921875 0.078125 0.1296875
0 0.8140625 0.5125 0.07578125 0.10546875
0 0.89296875 0.35 0.078125 0.12421875
0 0.91015625 0.18359375 0.015625 0.01953125
0 0.77265625 0.18359375 0.0203125 0.028125
0 0.7390625 0.13828125 0.015625 0.03671875
0 0.71640625 0.1375 0.00859375 0.02109375
0 0.67109375 0.1015625 0.0109375 0.01953125
0 0.675 0.13984375 0.0125 0.028125
0 0.6578125 0.21953125 0.0078125 0.0171875
0 0.67734375 0.2265625 0.0125 0.02421875
0 0.7515625 0.2609375 0.0125 0.02265625
0 0.70859375 0.3375 0.0703125 0.1015625
0 0.74609375 0.3671875 0.0140625 0.02109375
0 0.759375 0.38828125 0.021875 0.03828125
0 0.75703125 0.44296875 0.0140625 0.028125
0 0.75390625 0.49765625 0.0109375 0.0296875
0 0.6609375 0.52890625 0.0140625 0.03125
0 0.71484375 0.61328125 0.0109375 0.01953125
0 0.73046875 0.63515625 0.01796875 0.03671875
0 0.76484375 0.69375 0.01484375 0.0296875
0 0.71171875 0.6671875 0.0140625 0.0265625
0 0.65078125 0.625 0.0125 0.0296875
0 0.61328125 0.66875 0.015625 0.03828125
0 0.64140625 0.72265625 0.04140625 0.09140625
0 0.59609375 0.81953125 0.0125 0.028125
0 0.5890625 0.78046875 0.01171875 0.0296875
0 0.634375 0.7796875 0.0125 0.0265625
0 0.7359375 0.7953125 0.0140625 0.03359375
0 0.6734375 0.99140625 0.0125 0.0171875
0 0.4859375 0.97734375 0.02265625 0.0453125
0 0.3890625 0.95 0.015625 0.03125
0 0.43671875 0.90078125 0.0140625 0.03359375
0 0.4484375 0.82890625 0.021875 0.0578125
0 0.50703125 0.80703125 0.0109375 0.028125
1 0.10078125 0.81796875 0.09453125 0.19296875
1 0.20703125 0.48359375 0.0703125 0.215625
1 0.54765625 0.14609375 0.0375 0.09296875
1 0.5375 0.165625 0.04765625 0.15078125
1 0.5921875 0.1234375 0.03828125 0.13515625
1 0.60234375 0.07734375 0.0484375 0.12109375
1 0.72890625 0.15703125 0.0421875 0.0703125
1 0.8328125 0.16484375 0.06484375 0.075
1 0.9125 0.21171875 0.0515625 0.09296875
1 0.640625 0.3125 0.0515625 0.11171875
1 0.63984375 0.3203125 0.0609375 0.1625
1 0.5796875 0.34609375 0.05546875 0.190625
1 0.521875 0.4875 0.04453125 0.14921875
1 0.51171875 0.60234375 0.04296875 0.1015625
1 0.55546875 0.72890625 0.040625 0.071875
1 0.55703125 0.76015625 0.084375 0.18203125
1 0.58359375 0.87578125 0.0375 0.08046875
1 0.5203125 0.95859375 0.0421875 0.08203125
1 0.5296875 0.88359375 0.0453125 0.09296875
0 0.375 0.45 0.03671875 0.0578125
1 0.54453125 0.89296875 0.0765625 0.1328125
1 0.6671875 0.89609375 0.065625 0.0875
1 0.76015625 0.91171875 0.07265625 0.0984375
1 0.74140625 0.95390625 0.0703125 0.0921875
1 0.915625 0.92890625 0.09765625 0.1421875