0 0.7125 0.1171875 0.0421875 0.02421875
0 0.41796875 0.1140625 0.06640625 0.034375
0 0.31171875 0.065625 0.03671875 0.01953125
0 0.34765625 0.04609375 0.0640625 0.0375
0 0.5046875 0.10625 0.06328125 0.03125
0 0.55703125 0.090625 0.06640625 0.04296875
0 0.73984375 0.0578125 0.10234375 0.0578125
0 0.81484375 0.040625 0.07421875 0.0359375
0 0.578125 0.0203125 0.11796875 0.040625
1 0.865625 0.02890625 0.13203125 0.0578125
1 0.88515625 0.23046875 0.1578125 0.07109375
1 0.93125 0.26953125 0.07734375 0.06796875
0 0.68359375 0.6625 0.0296875 0.009375
0 0.625 0.6234375 0.08359375 0.02890625
0 0.47578125 0.64375 0.0890625 0.02578125
0 0.35 0.6890625 0.04375 0.025
0 0.35859375 0.70546875 0.0296875 0.009375
0 0.42109375 0.75 0.06328125 0.02109375
0 0.30625 0.74140625 0.046875 0.01953125
0 0.2734375 0.7515625 0.0203125 0.01015625
0 0.18828125 0.71953125 0.01640625 0.009375
0 0.21171875 0.703125 0.05703125 0.0265625
0 0.26875 0.64453125 0.04453125 0.0203125
0 0.2 0.6234375 0.02265625 0.01171875
0 0.1703125 0.603125 0.0359375 0.0203125
0 0.09296875 0.59453125 0.05 0.021875
0 0.01875 0.5796875 0.0171875 0.01953125
0 0.2859375 0.6078125 0.03671875 0.01640625
0 0.275 0.5703125 0.04375 0.03046875
0 0.28828125 0.55078125 0.04140625 0.03203125
0 0.39375 0.5421875 0.03359375 0.021875
0 0.525 0.53984375 0.06015625 0.025
0 0.45078125 0.5046875 0.03359375 0.009375
0 0.51484375 0.4875 0.03125 0.00859375
0 0.671875 0.48359375 0.103125 0.0234375
0 0.0859375 0.4828125 0.040625 0.01796875
0 0.26015625 0.4828125 0.046875 0.03046875
0 0.24765625 0.44375 0.03515625 0.01875
0 0.253125 0.4234375 0.0671875 0.02890625
0 0.21953125 0.3734375 0.0296875 0.0171875
0 0.265625 0.35703125 0.021875 0.01328125
0 0.03828125 0.3609375 0.04765625 0.021875
0 0.09765625 0.2953125 0.0765625 0.0328125
0 0.02421875 0.26171875 0.046875 0.02265625
0 0.1421875 0.23828125 0.053125 0.02734375
0 0.22890625 0.21796875 0.053125 0.05
0 0.19375 0.1890625 0.0578125 0.0296875
0 0.03046875 0.115625 0.0421875 0.0203125
0 0.69375 0.7375 0.05703125 0.02265625
0 0.98515625 0.6578125 0.0296875 0.0109375
0 0.92890625 0.6578125 0.0515625 0.01953125
0 0.8375 0.63828125 0.02421875 0.00859375
0 0.73984375 0.5875 0.02578125 0.0109375
0 0.73984375 0.553125 0.0328125 0.009375
0 0.7390625 0.528125 0.0296875 0.009375
0 0.86484375 0.515625 0.0421875 0.01484375
0 0.928125 0.51171875 0.040625 0.0140625
0 0.9859375 0.51171875 0.028125 0.0234375
0 0.86796875 0.4828125 0.07109375 0.02109375
0 0.934375 0.45078125 0.04765625 0.015625
0 0.834375 0.43671875 0.075 0.03828125
0 0.7703125 0.40234375 0.02265625 0.0109375
0 0.7390625 0.41953125 0.04375 0.0171875
0 0.6078125 0.4234375 0.03359375 0.0171875
0 0.5453125 0.3859375 0.02578125 0.009375
0 0.47578125 0.3859375 0.08828125 0.02421875
0 0.50703125 0.36484375 0.04375 0.0140625
0 0.43828125 0.36953125 0.065625 0.0171875
0 0.49765625 0.3265625 0.10859375 0.0546875
0 0.40546875 0.30703125 0.04609375 0.01640625
0 0.31015625 0.24765625 0.0515625 0.0171875
0 0.35 0.21484375 0.03671875 0.02265625
0 0.51015625 0.22578125 0.0640625 0.02265625
0 0.56953125 0.23515625 0.03828125 0.01796875
0 0.634375 0.25 0.07734375 0.04296875
0 0.70390625 0.2984375 0.04765625 0.0265625
0 0.71484375 0.33515625 0.046875 0.01484375
0 0.853125 0.30703125 0.0421875 0.01875
0 0.803125 0.2984375 0.04609375 0.02109375
0 0.6453125 0.18203125 0.046875 0.0171875
0 0.78515625 0.23203125 0.05703125 0.0234375
0 0.84921875 0.24140625 0.03671875 0.01953125
0 0.96484375 0.30390625 0.01328125 0.0078125
0 0.91484375 0.284375 0.07109375 0.034375
0 0.9109375 0.24765625 0.05703125 0.0203125
0 0.88203125 0.22421875 0.0765625 0.0390625
0 0.92890625 0.165625 0.0421875 0.0140625
0 0.90390625 0.096875 0.075 0.0453125