0 0.39921875 0.71875 0.06875 0.01953125
1 0.91328125 0.2171875 0.1734375 0.1046875
1 0.73359375 0.2453125 0.2578125 0.1734375
1 0.23984375 0.22421875 0.1265625 0.046875
1 0.3515625 0.30078125 0.38203125 0.13984375
1 0.46015625 0.38984375 0.12890625 0.07578125
1 0.76171875 0.46796875 0.190625 0.0578125
1 0.74453125 0.50078125 0.19296875 0.05859375
1 0.33046875 0.478125 0.38984375 0.14921875
1 0.1984375 0.53828125 0.396875 0.1046875
1 0.1140625 0.58046875 0.228125 0.0578125
1 0.82109375 0.65703125 0.3265625 0.1125
1 0.21796875 0.696875 0.18203125 0.071875
0 0.98046875 0.2515625 0.0203125 0.0109375
0 0.07890625 0.165625 0.06328125 0.053125
0 0.175 0.17421875 0.071875 0.0171875
0 0.42421875 0.1578125 0.03046875 0.0125
0 0.33125 0.19921875 0.028125 0.0140625
0 0.421875 0.25703125 0.03359375 0.01171875
0 0.54609375 0.2609375 0.04921875 0.02109375
0 0.5734375 0.321875 0.05703125 0.025
0 0.45625 0.31484375 0.046875 0.01875
0 0.16640625 0.275 0.03671875 0.0140625
0 0.30625 0.29453125 0.0765625 0.034375
0 0.390625 0.3265625 0.04453125 0.0171875
0 0.471875 0.3796875 0.04921875 0.0234375
0 0.34765625 0.4046875 0.11015625 0.04375
0 0.2234375 0.359375 0.046875 0.02109375
0 0.09375 0.3546875 0.09296875 0.0359375
0 0.03203125 0.390625 0.0359375 0.025
0 0.04921875 0.40625 0.0515625 0.02578125
0 0.0203125 0.42578125 0.02421875 0.01875
0 0.796875 0.32734375 0.021875 0.009375
0 0.68671875 0.3609375 0.08359375 0.05234375
0 0.8046875 0.36171875 0.1 0.0421875
0 0.69453125 0.3921875 0.03046875 0.0125
0 0.80859375 0.43046875 0.07109375 0.0296875
0 0.69609375 0.43046875 0.04140625 0.02578125
0 0.60703125 0.44453125 0.02578125 0.0109375
0 0.446875 0.428125 0.0421875 0.01953125
0 0.3921875 0.44296875 0.05546875 0.01875
0 0.5046875 0.4578125 0.028125 0.0140625
0 0.35390625 0.45859375 0.0296875 0.01640625
0 0.3171875 0.4859375 0.07421875 0.0265625
0 0.384375 0.51953125 0.025 0.02265625
0 0.9921875 0.4890625 0.015625 0.0234375
0 0.9484375 0.528125 0.04375 0.0171875
0 0.890625 0.5609375 0.04140625 0.01640625
0 0.80390625 0.58046875 0.0421875 0.01640625
0 0.77265625 0.5984375 0.0421875 0.0171875
0 0.553125 0.51796875 0.0359375 0.01640625
0 0.390625 0.575 0.03671875 0.01875
0 0.16484375 0.55234375 0.05859375 0.0171875
0 0.2875 0.59296875 0.05859375 0.025
0 0.00546875 0.596875 0.0109375 0.0140625
0 0.0375 0.65703125 0.075 0.0265625
0 0.04765625 0.76796875 0.0796875 0.03828125
0 0.66953125 0.64140625 0.06328125 0.02734375
0 0.51015625 0.61953125 0.04140625 0.0203125
0 0.475 0.640625 0.0390625 0.0171875
0 0.2703125 0.634375 0.078125 0.0390625
0 0.2328125 0.6578125 0.05546875 0.025
0 0.3375 0.67890625 0.05859375 0.0375
0 0.934375 0.7140625 0.053125 0.0203125
0 0.403125 0.7359375 0.05703125 0.02734375
0 0.525 0.7140625 0.1296875 0.0515625
0 0.90390625 0.69609375 0.05703125 0.01953125
0 0.85703125 0.7890625 0.096875 0.025
0 0.74609375 0.75625 0.0609375 0.02734375
0 0.6609375 0.71796875 0.06171875 0.02890625
0 0.6 0.67890625 0.06328125 0.02890625