0 0.7890625 0.43203125 0.21328125 0.17265625
0 0.79765625 0.3234375 0.29296875 0.13828125
0 0.63125 0.26015625 0.27265625 0.128125
0 0.6578125 0.15703125 0.0953125 0.04296875
0 0.709375 0.13046875 0.11953125 0.05390625
0 0.5359375 0.1359375 0.075 0.03203125
0 0.40390625 0.12265625 0.08359375 0.03359375
0 0.41875 0.08515625 0.1546875 0.0671875
0 0.32578125 0.45234375 0.0375 0.0109375
0 0.1140625 0.47734375 0.071875 0.11640625
0 0.0984375 0.35859375 0.1515625 0.06875
0 0.7921875 0.53984375 0.1625 0.1125
0 0.2171875 0.56875 0.0296875 0.028125
0 0.5125 0.61484375 0.02890625 0.0640625
0 0.51640625 0.690625 0.02265625 0.05390625
0 0.30703125 0.853125 0.0671875 0.08828125
0 0.43671875 0.975 0.06484375 0.05