0 0.79609375 0.4515625 0.2171875 0.175
0 0.8171875 0.34296875 0.2953125 0.1421875
0 0.6578125 0.26953125 0.275 0.13125
0 0.696875 0.16875 0.09609375 0.04375
0 0.7515625 0.1453125 0.1203125 0.05546875
0 0.578125 0.13984375 0.07578125 0.0328125
0 0.4484375 0.11796875 0.084375 0.03515625
0 0.4671875 0.08125 0.15546875 0.06953125
0 0.33203125 0.44140625 0.0375 0.01171875
0 0.11875 0.4515625 0.07421875 0.1171875
0 0.11640625 0.3328125 0.15390625 0.0703125
0 0.78671875 0.55859375 0.16484375 0.1140625
0 0.21015625 0.55 0.0296875 0.02890625
0 0.49921875 0.61484375 0.0296875 0.06484375
0 0.49375 0.69140625 0.02421875 0.05390625
0 0.2671875 0.83828125 0.06875 0.0890625
0 0.38203125 0.96953125 0.06640625 0.0515625