0 0.0859375 0.75 0.04609375 0.03125
0 0.3640625 0.7015625 0.10703125 0.11171875
0 0.79296875 0.34609375 0.09453125 0.08125
0 0.875 0.37265625 0.08359375 0.0640625
0 0.90859375 0.4875 0.1 0.053125
0 0.78046875 0.53671875 0.11875 0.07109375
0 0.73828125 0.63046875 0.13359375 0.07890625
0 0.9828125 0.67109375 0.034375 0.07578125
0 0.0875 0.83515625 0.0734375 0.0265625
0 0.20390625 0.83359375 0.0859375 0.03125
0 0.27890625 0.83046875 0.06953125 0.028125
0 0.40859375 0.80546875 0.146875 0.0625
0 0.3859375 0.86640625 0.1109375 0.0328125
0 0.0421875 0.69453125 0.084375 0.11015625
0 0.99140625 0.30546875 0.0171875 0.01484375
0 0.96015625 0.240625 0.03046875 0.028125
0 0.86015625 0.19921875 0.02109375 0.01171875
0 0.88671875 0.203125 0.028125 0.02109375
0 0.653125 0.18046875 0.0109375 0.01640625
0 0.371875 0.1078125 0.07890625 0.0453125
0 0.3015625 0.08828125 0.0625 0.08984375
0 0.578125 0.27890625 0.10234375 0.10234375
0 0.2078125 0.2546875 0.046875 0.046875
0 0.11328125 0.25859375 0.01875 0.05703125
0 0.121875 0.33828125 0.02578125 0.06875
0 0.37265625 0.38359375 0.028125 0.03046875
0 0.26171875 0.503125 0.03515625 0.0125
0 0.1984375 0.4890625 0.0671875 0.07109375
0 0.4046875 0.46328125 0.06953125 0.0671875
0 0.4828125 0.4765625 0.07421875 0.1140625