0 0.05390625 0.71640625 0.05 0.034375
0 0.33671875 0.68984375 0.121875 0.11953125
0 0.8125 0.3703125 0.10546875 0.08828125
0 0.890625 0.40234375 0.0921875 0.0703125
0 0.9078125 0.51953125 0.10703125 0.0609375
0 0.7734375 0.5578125 0.128125 0.0796875
0 0.71875 0.6484375 0.14375 0.0890625
0 0.95625 0.7078125 0.0453125 0.078125
0 0.04296875 0.8015625 0.0765625 0.0328125
0 0.15859375 0.8078125 0.08984375 0.0375
0 0.234375 0.81171875 0.07265625 0.0328125
0 0.3671875 0.796875 0.1546875 0.0734375
0 0.33515625 0.85546875 0.11484375 0.04140625
0 0.03359375 0.6578125 0.0671875 0.115625
0 0.98828125 0.27734375 0.0234375 0.03046875
0 0.9 0.22890625 0.021875 0.01328125
0 0.92578125 0.23515625 0.03046875 0.02265625
0 0.696875 0.19375 0.01328125 0.0171875
0 0.42734375 0.1 0.084375 0.05078125
0 0.36015625 0.07578125 0.075 0.09453125
0 0.60859375 0.28671875 0.115625 0.11015625
0 0.24375 0.2328125 0.053125 0.05
0 0.1484375 0.22890625 0.0265625 0.0578125
0 0.14609375 0.31015625 0.03515625 0.06953125
0 0.38984375 0.37421875 0.03203125 0.03203125
0 0.26328125 0.484375 0.03671875 0.01484375
0 0.2015625 0.46484375 0.0765625 0.07578125
0 0.41015625 0.45625 0.07890625 0.071875
0 0.4859375 0.47578125 0.08984375 0.11953125