0 0.09609375 0.58046875 0.0609375 0.05703125
0 0.384375 0.59375 0.0390625 0.0296875
0 0.353125 0.61796875 0.040625 0.021875
0 0.20390625 0.70078125 0.07734375 0.05078125
0 0.43046875 0.74921875 0.08203125 0.0578125
0 0.2640625 0.7890625 0.06953125 0.0421875
0 0.1390625 0.73671875 0.03828125 0.025
0 0.09453125 0.871875 0.06484375 0.03828125
0 0.99296875 0.4078125 0.0140625 0.01640625
1 0.959375 0.45703125 0.08046875 0.13359375
0 0.06875 0.45234375 0.0515625 0.04453125
0 0.6421875 0.2484375 0.090625 0.07109375
0 0.5453125 0.246875 0.08671875 0.071875
0 0.4984375 0.1015625 0.09921875 0.084375
1 0.559375 0.434375 0.16015625 0.23125
1 0.3921875 0.434375 0.16328125 0.23125