0 0.5796875 0.8078125 0.0796875 0.04921875
0 0.61640625 0.59296875 0.04140625 0.03125
0 0.646875 0.61796875 0.03203125 0.03203125
0 0.74609375 0.73515625 0.07265625 0.06171875
0 0.82734375 0.56953125 0.0828125 0.065625
0 0.86796875 0.696875 0.0609375 0.05546875
0 0.78984375 0.78671875 0.0359375 0.03046875
0 0.95546875 0.82890625 0.034375 0.05
0 0.4125 0.12421875 0.021875 0.0109375
1 0.475 0.153125 0.1828125 0.06953125
0 0.40625 0.81953125 0.0625 0.04140625
0 0.17578125 0.37578125 0.1 0.07265625
0 0.16640625 0.4484375 0.10234375 0.06953125
0 0.01484375 0.475 0.0296875 0.075
1 0.41640625 0.45078125 0.31875 0.1359375
1 0.4046875 0.57578125 0.31875 0.13828125