0 0.28828125 0.15859375 0.075 0.04765625
0 0.39609375 0.20859375 0.053125 0.0390625
0 0.575 0.2453125 0.0328125 0.0234375
0 0.65546875 0.17109375 0.07265625 0.071875
0 0.484375 0.34375 0.1671875 0.1
0 0.7375 0.35546875 0.1625 0.12421875
0 0.90546875 0.3171875 0.16640625 0.16015625
0 0.9140625 0.71484375 0.14765625 0.12265625
0 0.65859375 0.740625 0.14765625 0.11640625
0 0.45078125 0.7328125 0.13984375 0.096875
0 0.103125 0.47890625 0.0875 0.06953125
0 0.009375 0.36171875 0.01875 0.0796875
0 0.03984375 0.18125 0.0796875 0.0578125
0 0.15078125 0.1484375 0.02109375 0.00625