0 0.78203125 0.92734375 0.06328125 0.03984375
0 0.48125 0.9078125 0.07109375 0.05234375
0 0.72265625 0.89609375 0.05625 0.05390625
0 0.8359375 0.8859375 0.03359375 0.05390625
0 0.1578125 0.890625 0.06484375 0.06640625
0 0.2609375 0.8859375 0.06171875 0.059375
0 0.79140625 0.87109375 0.0515625 0.05234375
0 0.5609375 0.8640625 0.07265625 0.06484375
0 0.7515625 0.8453125 0.05234375 0.04453125
0 0.6875 0.8453125 0.05390625 0.06171875
0 0.4625 0.84375 0.10390625 0.06171875
0 0.20078125 0.83515625 0.07890625 0.06796875
0 0.81640625 0.82109375 0.0546875 0.04765625
0 0.7265625 0.8015625 0.03828125 0.0515625
0 0.265625 0.80234375 0.07265625 0.06171875
0 0.14921875 0.8 0.06015625 0.06171875
0 0.7671875 0.78203125 0.03515625 0.04921875
0 0.77265625 0.65078125 0.1015625 0.0921875
0 0.34296875 0.64765625 0.08671875 0.08984375
0 0.25234375 0.6390625 0.08828125 0.10703125
0 0.66484375 0.62890625 0.09765625 0.0953125
0 0.3953125 0.56875 0.08125 0.08203125
0 0.315625 0.55625 0.084375 0.08515625
0 0.2265625 0.54921875 0.0765625 0.08359375
0 0.8296875 0.5546875 0.08984375 0.1015625
0 0.740625 0.54609375 0.0921875 0.10078125
0 0.65 0.5390625 0.08359375 0.0875
0 0.7875 0.415625 0.15625 0.08828125
0 0.32421875 0.40390625 0.1109375 0.0984375
0 0.65078125 0.39609375 0.1015625 0.10390625
0 0.19921875 0.4015625 0.11640625 0.11328125
0 0.39609375 0.328125 0.1078125 0.09609375
0 0.6109375 0.30390625 0.11796875 0.06484375
0 0.2734375 0.30859375 0.10625 0.08125
0 0.146875 0.309375 0.13359375 0.08359375
0 0.84765625 0.309375 0.10390625 0.11328125
0 0.73125 0.3078125 0.10390625 0.12421875
0 0.49375 0.1125 0.27109375 0.13984375
0 0.8765625 0.1125 0.190625 0.14609375
0 0.70703125 0.10703125 0.12109375 0.1421875
0 0.17578125 0.11796875 0.29921875 0.18828125