0 0.60625 0.684375 0.18125 0.1078125
1 0.21015625 0.5265625 0.4203125 0.34921875
0 0.81875 0.2953125 0.0875 0.06640625
1 0.72890625 0.490625 0.5421875 0.34375
0 0.51484375 0.48671875 0.0734375 0.05546875
0 0.7421875 0.2328125 0.08515625 0.06015625
0 0.91484375 0.1609375 0.08515625 0.046875
0 0.8640625 0.19453125 0.06015625 0.0375
0 0.4515625 0.6515625 0.03984375 0.0296875
0 0.4640625 0.27578125 0.1765625 0.0703125
1 0.4484375 0.48984375 0.5359375 0.39765625
0 0.63828125 0.209375 0.08125 0.03203125
0 0.3015625 0.2703125 0.0609375 0.0453125
0 0.4625 0.703125 0.0984375 0.05703125
0 0.09453125 0.3421875 0.15859375 0.0671875
0 0.2953125 0.52421875 0.0890625 0.040625
0 0.8828125 0.4859375 0.0421875 0.04765625
1 0.8453125 0.56171875 0.1484375 0.09375
0 0.62890625 0.7671875 0.09140625 0.05625
0 0.52109375 0.25703125 0.0484375 0.02421875
0 0.9609375 0.27265625 0.0234375 0.03828125
0 0.35390625 0.23828125 0.11015625 0.059375
0 0.85859375 0.15546875 0.03515625 0.01875
0 0.5 0.21484375 0.0171875 0.01328125
0 0.68203125 0.1734375 0.02265625 0.0125
0 0.471875 0.19609375 0.0265625 0.0125
0 0.24140625 0.7046875 0.0390625 0.02734375
0 0.409375 0.334375 0.025 0.01953125
0 0.14375 0.28203125 0.0203125 0.0140625
0 0.1921875 0.346875 0.0515625 0.021875
0 0.1171875 0.74453125 0.0359375 0.0140625
0 0.06953125 0.32265625 0.02265625 0.01328125
0 0.44765625 0.2359375 0.04765625 0.034375
0 0.446875 0.23046875 0.0875 0.0375
0 0.80078125 0.2265625 0.0546875 0.021875
1 0.54140625 0.38203125 0.29140625 0.18125
0 0.371875 0.5828125 0.0296875 0.0421875