0 0.42421875 0.30703125 0.17109375 0.096875
1 0.79921875 0.5 0.4015625 0.325
0 0.15 0.67421875 0.08125 0.06171875
1 0.26171875 0.48671875 0.5234375 0.31171875
0 0.4828125 0.5125 0.06875 0.0515625
0 0.21640625 0.74296875 0.07890625 0.05546875
0 0.0359375 0.79765625 0.071875 0.0421875
0 0.0890625 0.7703125 0.05625 0.034375
0 0.571875 0.35390625 0.0375 0.028125
0 0.5 0.72578125 0.1703125 0.059375
1 0.54921875 0.51484375 0.49765625 0.3671875
0 0.315625 0.77578125 0.07734375 0.02734375
0 0.659375 0.74609375 0.0578125 0.0421875
0 0.5703125 0.30234375 0.09375 0.0515625
0 0.97578125 0.753125 0.0390625 0.0484375
0 0.8765625 0.69375 0.15234375 0.0578125
0 0.70703125 0.4953125 0.0859375 0.034375
0 0.11796875 0.47890625 0.0375 0.0453125
1 0.1671875 0.40703125 0.13984375 0.08515625
0 0.415625 0.2234375 0.0859375 0.05078125
0 0.4390625 0.7390625 0.04609375 0.021875
0 0.0078125 0.68203125 0.01484375 0.0375
0 0.60234375 0.77265625 0.1046875 0.05234375
0 0.0875 0.809375 0.0328125 0.015625
0 0.453125 0.7828125 0.01640625 0.0125
0 0.26640625 0.8078125 0.02109375 0.01015625
0 0.47890625 0.80390625 0.025 0.01015625
0 0.78984375 0.32109375 0.03515625 0.02421875
0 0.99765625 0.34765625 0.0046875 0.0234375
0 0.56328125 0.67265625 0.02265625 0.01796875
0 0.81796875 0.74921875 0.01875 0.01328125
0 0.78046875 0.68046875 0.0484375 0.01875
0 0.91953125 0.29296875 0.03515625 0.0109375
0 0.8984375 0.71484375 0.02109375 0.0109375
0 0.98359375 0.7296875 0.01875 0.01328125
0 0.509375 0.76640625 0.0453125 0.0328125
0 0.50859375 0.77265625 0.08515625 0.03203125
0 0.1578125 0.74453125 0.05234375 0.01875
1 0.43984375 0.61328125 0.2734375 0.1640625
0 0.640625 0.4296875 0.0265625 0.040625