0 0.75546875 0.43984375 0.1265625 0.1265625
1 0.5046875 0.778125 0.42734375 0.403125
0 0.26171875 0.240625 0.08125 0.06015625
1 0.51328125 0.30546875 0.4078125 0.41953125
0 0.48359375 0.4875 0.0671875 0.05078125
0 0.17109375 0.29140625 0.07265625 0.0578125
0 0.5109375 0.0484375 0.05859375 0.0453125
0 0.09375 0.15 0.0546875 0.06953125
0 0.1328125 0.196875 0.0453125 0.04140625
0 0.6953125 0.5515625 0.0359375 0.02734375
0 0.19921875 0.50390625 0.0765625 0.1265625
1 0.48125 0.5375 0.48125 0.36640625
0 0.12890625 0.36640625 0.03515625 0.0578125
0 0.175 0.6234375 0.0546875 0.0421875
0 0.76484375 0.54921875 0.0671875 0.06953125
0 0.16953125 0.87421875 0.0640625 0.053125
0 0.2484375 0.7859375 0.075 0.11328125
0 0.51015625 0.65546875 0.0453125 0.0640625
0 0.52109375 0.21328125 0.06015625 0.02734375
1 0.61796875 0.24921875 0.1109375 0.103125
0 0.86796875 0.43203125 0.06640625 0.0640625
0 0.1796875 0.45859375 0.02734375 0.034375
0 0.24765625 0.115625 0.05 0.046875
0 0.13828125 0.58125 0.06875 0.078125
0 0.4328125 0.0109375 0.0390625 0.021875
0 0.08046875 0.19609375 0.02109375 0.02421875
0 0.121875 0.4703125 0.01640625 0.0125
0 0.0859375 0.33046875 0.0140625 0.015625
0 0.09453125 0.4890625 0.0140625 0.01875
0 0.74375 0.7140625 0.0328125 0.0265625
0 0.71015625 0.88359375 0.0328125 0.02734375
0 0.2484375 0.8953125 0.01875 0.01484375
0 0.2703125 0.55 0.0234375 0.0171875
0 0.1734375 0.74296875 0.0171875 0.0140625
0 0.2640625 0.7140625 0.0234375 0.03671875
0 0.78359375 0.8109375 0.01484375 0.0265625
0 0.2203125 0.80234375 0.01484375 0.015625
0 0.20234375 0.86640625 0.0171875 0.0140625
0 0.14453125 0.51171875 0.0421875 0.0328125
0 0.1359375 0.5109375 0.04140625 0.0625
0 0.16875 0.24765625 0.0234375 0.0390625
1 0.34765625 0.45703125 0.2140625 0.20234375
0 0.59609375 0.6046875 0.05390625 0.01875