0 0.88828125 0.8359375 0.17421875 0.14609375
0 0.59765625 0.846875 0.1828125 0.1890625
0 0.2 0.81484375 0.16640625 0.15234375
0 0.3546875 0.8046875 0.13828125 0.15
0 0.73984375 0.75625 0.13515625 0.11875
0 0.11015625 0.70625 0.15234375 0.11875
0 0.40625 0.6875 0.1421875 0.1203125
0 0.6265625 0.6828125 0.14609375 0.13828125
0 0.2578125 0.671875 0.140625 0.13125
0 0.8640625 0.66484375 0.1234375 0.14453125
0 0.40078125 0.48828125 0.184375 0.12578125
0 0.59296875 0.4796875 0.17890625 0.1390625
0 0.33125 0.375 0.12578125 0.1296875
0 0.61015625 0.359375 0.1484375 0.1265625
0 0.46484375 0.36171875 0.13671875 0.13984375
0 0.1984375 0.26015625 0.06875 0.06171875
0 0.12109375 0.25625 0.06875 0.06796875
0 0.68203125 0.2296875 0.11328125 0.08828125
0 0.24921875 0.22578125 0.07109375 0.06875
0 0.790625 0.22734375 0.0703125 0.1046875
0 0.171875 0.21796875 0.0796875 0.07109375
0 0.078125 0.2171875 0.0890625 0.06640625
0 0.87109375 0.1859375 0.0921875 0.0734375
0 0.26875 0.16484375 0.0703125 0.05234375
0 0.19375 0.16796875 0.0671875 0.06796875
0 0.0578125 0.159375 0.06796875 0.05
0 0.784375 0.14453125 0.09921875 0.05390625
0 0.12578125 0.15859375 0.0578125 0.0578125
0 0.61171875 0.16796875 0.0765625 0.09453125
0 0.6921875 0.146875 0.08359375 0.0890625
0 0.24921875 0.11484375 0.06875 0.04765625
0 0.17421875 0.11796875 0.06328125 0.05703125
0 0.0984375 0.1046875 0.06796875 0.040625
0 0.8625 0.0953125 0.06171875 0.07734375
0 0.63984375 0.0875 0.0734375 0.06875
0 0.2375 0.0703125 0.06015625 0.04921875
0 0.12109375 0.07265625 0.05 0.0546875
0 0.79453125 0.0734375 0.0765625 0.0953125
0 0.70703125 0.06328125 0.07109375 0.07421875
0 0.18046875 0.0640625 0.06484375 0.0578125