0 0.88671875 0.1625 0.16328125 0.18828125
0 0.85703125 0.4515625 0.20625 0.20078125
0 0.7703125 0.840625 0.16875 0.18125
0 0.78125 0.6859375 0.1625 0.15234375
0 0.78671875 0.2984375 0.13203125 0.14765625
0 0.64921875 0.91484375 0.13359375 0.16328125
0 0.67265625 0.61875 0.13359375 0.15390625
0 0.6984375 0.4 0.1515625 0.159375
0 0.63671875 0.76328125 0.14453125 0.15390625
0 0.7140625 0.1625 0.15625 0.1375
0 0.475 0.59765625 0.14375 0.19609375
0 0.49296875 0.4046875 0.15703125 0.1921875
0 0.35234375 0.64921875 0.14296875 0.13828125
0 0.37578125 0.371875 0.140625 0.16015625
0 0.3578125 0.515625 0.15234375 0.14921875
0 0.2203125 0.765625 0.06875 0.07578125
0 0.20625 0.8421875 0.07578125 0.07578125
0 0.2578125 0.28203125 0.09921875 0.121875
0 0.19375 0.71015625 0.0765625 0.078125
0 0.2703125 0.17421875 0.1109375 0.0796875
0 0.17421875 0.78515625 0.078125 0.0875
0 0.1609375 0.878125 0.07421875 0.0953125
0 0.240625 0.0890625 0.0828125 0.09921875
0 0.13515625 0.68203125 0.06015625 0.07421875
0 0.12890625 0.75703125 0.07421875 0.0734375
0 0.1015625 0.890625 0.05703125 0.07265625
0 0.1875 0.16875 0.06328125 0.10390625
0 0.11015625 0.8234375 0.06328125 0.06328125
0 0.18671875 0.34296875 0.1015625 0.08515625
0 0.1765625 0.26015625 0.09609375 0.0921875
0 0.08359375 0.6953125 0.0546875 0.0734375
0 0.0765625 0.76875 0.06328125 0.06875
0 0.053125 0.84296875 0.0484375 0.071875
0 0.15 0.084375 0.08359375 0.0703125
0 0.11171875 0.30390625 0.0765625 0.08125
0 0.03828125 0.7 0.05546875 0.06484375
0 0.0265625 0.8140625 0.053125 0.05625
0 0.11796875 0.14921875 0.10234375 0.08515625
0 0.09609375 0.23359375 0.08203125 0.078125
0 0.028125 0.75625 0.05625 0.0703125