1 0.40234375 0.38515625 0.1421875 0.10859375
1 0.22578125 0.75859375 0.22734375 0.22265625
1 0.346875 0.7484375 0.22265625 0.2296875
1 0.41015625 0.51953125 0.08984375 0.06875
1 0.48515625 0.43984375 0.2390625 0.13359375
0 0.28515625 0.3140625 0.0796875 0.028125
0 0.1484375 0.325 0.10234375 0.08046875
1 0.4421875 0.6046875 0.0453125 0.034375
0 0.2359375 0.284375 0.1109375 0.0609375
1 0.3734375 0.73984375 0.10234375 0.1734375
0 0.07421875 0.8921875 0.01875 0.03125
0 0.26328125 0.8125 0.01640625 0.009375
0 0.13984375 0.8828125 0.025 0.009375
0 0.1640625 0.89375 0.025 0.009375
0 0.059375 0.87578125 0.0203125 0.01015625
0 0.1703125 0.8390625 0.01640625 0.01484375
0 0.0625 0.85390625 0.0171875 0.01484375
0 0.12578125 0.87265625 0.01640625 0.0140625
0 0.1625 0.8875 0.02109375 0.009375
0 0.18046875 0.54375 0.01484375 0.009375
0 0.05390625 0.46953125 0.01875 0.0109375
0 0.1265625 0.3828125 0.0375 0.03671875
0 0.1703125 0.20546875 0.03125 0.02421875
0 0.1953125 0.21484375 0.0328125 0.025
0 0.02421875 0.3609375 0.0125 0.00859375
0 0.14140625 0.3703125 0.01484375 0.0109375
0 0.09453125 0.2828125 0.01875 0.0078125
0 0.4625 0.73828125 0.04375 0.0296875
0 0.7140625 0.8328125 0.0171875 0.01484375
0 0.45078125 0.87265625 0.04765625 0.02265625
0 0.4234375 0.7203125 0.02890625 0.0234375
0 0.5265625 0.8640625 0.0484375 0.02734375
0 0.4796875 0.875 0.01484375 0.009375
0 0.56328125 0.721875 0.0234375 0.0109375
0 0.46328125 0.54296875 0.0296875 0.028125
0 0.5171875 0.5453125 0.0328125 0.028125
0 0.40390625 0.63203125 0.03515625 0.0328125
1 0.49765625 0.56796875 0.04375 0.03203125
0 0.43984375 0.45390625 0.01640625 0.01015625
0 0.4171875 0.5125 0.0125 0.0078125
0 0.4828125 0.32265625 0.0359375 0.0359375
0 0.5328125 0.1640625 0.0296875 0.02421875
0 0.40234375 0.221875 0.02265625 0.01796875
0 0.33671875 0.3171875 0.01875 0.01328125
0 0.36328125 0.31328125 0.0171875 0.0125
0 0.5484375 0.28203125 0.01015625 0.01328125
0 0.5890625 0.28671875 0.01015625 0.01328125
0 0.43515625 0.31953125 0.0109375 0.0125
0 0.5265625 0.8734375 0.0140625 0.00546875
0 0.5796875 0.86875 0.0203125 0.00625
0 0.6234375 0.85703125 0.0609375 0.02734375
0 0.6390625 0.73671875 0.02265625 0.009375
0 0.48828125 0.56953125 0.00625 0.0046875
0 0.42734375 0.61484375 0.00625 0.009375
0 0.3046875 0.70546875 0.0140625 0.0078125