1 0.67109375 0.4546875 0.14765625 0.1078125
1 0.2265625 0.24140625 0.2984375 0.175
1 0.21171875 0.33203125 0.30859375 0.17109375
1 0.49453125 0.4296875 0.0921875 0.06875
1 0.58125 0.503125 0.18125 0.18125
0 0.7890625 0.384375 0.0390625 0.06015625
0 0.80546875 0.28203125 0.10859375 0.078125
1 0.37734375 0.43359375 0.04765625 0.034375
0 0.83984375 0.35546875 0.08359375 0.084375
1 0.2171875 0.35390625 0.23125 0.0796875
0 0.08671875 0.1 0.04140625 0.01484375
0 0.0953125 0.04140625 0.02734375 0.015625
0 0.14765625 0.25625 0.0125 0.0125
0 0.08515625 0.15078125 0.0125 0.01875
0 0.06484375 0.165625 0.0125 0.01875
0 0.11171875 0.09140625 0.0140625 0.01953125
0 0.134375 0.1828125 0.0203125 0.0125
0 0.1390625 0.1 0.0203125 0.01328125
0 0.1015625 0.1421875 0.01875 0.01328125
0 0.0734375 0.16640625 0.0125 0.015625
0 0.21328125 0.04375 0.0109375 0.00859375
0 0.61875 0.11328125 0.03125 0.02890625
0 0.51484375 0.25625 0.0125 0.0109375
0 0.63984375 0.18046875 0.01640625 0.0140625
0 0.7359375 0.25234375 0.0484375 0.028125
0 0.95703125 0.325 0.03359375 0.02421875
0 0.93828125 0.34140625 0.03515625 0.025
0 0.7875 0.1828125 0.0109375 0.009375
0 0.74921875 0.26640625 0.01484375 0.0109375
0 0.89296875 0.1625 0.0140625 0.01484375
0 0.87265625 0.25234375 0.0109375 0.0140625
0 0.1984375 0.41875 0.04140625 0.0328125
0 0.0203125 0.58203125 0.0203125 0.0140625
0 0.028125 0.38046875 0.0296875 0.0359375
0 0.23046875 0.39453125 0.03125 0.02265625
0 0.021875 0.43828125 0.0359375 0.0375
0 0.01796875 0.40078125 0.0125 0.0109375
0 0.1984375 0.49609375 0.01484375 0.01796875
0 0.453125 0.46328125 0.0375 0.02265625
0 0.43828125 0.503125 0.0390625 0.02421875
0 0.35078125 0.4 0.0453125 0.02734375
1 0.4125 0.4828125 0.04375 0.03359375
0 0.5734375 0.46640625 0.0140625 0.0125
0 0.5015625 0.43671875 0.01015625 0.009375
0 0.73359375 0.52734375 0.0484375 0.02734375
0 0.928125 0.59921875 0.03359375 0.0234375
0 0.8828125 0.49140625 0.0234375 0.0171875
0 0.77421875 0.421875 0.01875 0.0140625
0 0.77265625 0.44140625 0.01640625 0.01328125
0 0.77109375 0.584375 0.0171875 0.00859375
0 0.75703125 0.61328125 0.0171875 0.00859375
0 0.74921875 0.49296875 0.01640625 0.00859375
0 0.0953125 0.00703125 0.0140625 0.0140625
0 0.01015625 0.4359375 0.0078125 0.0109375
0 0.00390625 0.475 0.0078125 0.01484375
0 0.0140625 0.509375 0.028125 0.046875
0 0.1609375 0.5484375 0.0125 0.0171875
0 0.4125 0.47578125 0.0078125 0.00546875
0 0.3671875 0.42109375 0.0125 0.0046875
0 0.2765625 0.3109375 0.01015625 0.01015625