1 0.6625 0.4390625 0.1328125 0.096875
1 0.1859375 0.26796875 0.2765625 0.15
1 0.18671875 0.359375 0.2875 0.1453125
1 0.4828125 0.43046875 0.08359375 0.0609375
1 0.58125 0.4953125 0.1546875 0.16796875
0 0.76875 0.35859375 0.0296875 0.05859375
0 0.76796875 0.25546875 0.0984375 0.06953125
1 0.3671875 0.4453125 0.0421875 0.03125
0 0.8140625 0.325 0.07109375 0.07890625
1 0.1953125 0.38046875 0.2234375 0.06015625
0 0.025 0.140625 0.03984375 0.0109375
0 0.0234375 0.08203125 0.025 0.0140625
0 0.1109375 0.28984375 0.0109375 0.0109375
0 0.03125 0.19140625 0.01015625 0.01796875
0 0.0140625 0.2078125 0.01015625 0.01796875
0 0.0484375 0.1296875 0.0109375 0.01875
0 0.0859375 0.21796875 0.01875 0.01015625
0 0.0765625 0.1359375 0.01875 0.0109375
0 0.04609375 0.18125 0.0171875 0.0109375
0 0.02265625 0.2078125 0.01015625 0.01484375
0 0.14140625 0.0734375 0.01015625 0.0078125
0 0.5546875 0.10546875 0.02734375 0.02734375
0 0.47578125 0.25703125 0.0109375 0.01015625
0 0.58671875 0.1703125 0.0140625 0.01328125
0 0.69375 0.2328125 0.0453125 0.02421875
0 0.925 0.28515625 0.0296875 0.021875
0 0.909375 0.30234375 0.03125 0.02265625
0 0.73359375 0.159375 0.01015625 0.00859375
0 0.709375 0.2453125 0.0140625 0.01015625
0 0.8359375 0.12890625 0.0109375 0.0140625
0 0.9921875 0.053125 0.0109375 0.00859375
0 0.8296875 0.21953125 0.00859375 0.01328125
0 0.18828125 0.446875 0.0359375 0.0296875
0 0.03671875 0.625 0.01875 0.0125
0 0.0125 0.42421875 0.025 0.03359375
0 0.215625 0.4203125 0.02890625 0.01953125
0 0.015625 0.48203125 0.03125 0.034375
0 0.00546875 0.4453125 0.0109375 0.01015625
0 0.2 0.52421875 0.0125 0.0171875
0 0.44765625 0.46796875 0.03515625 0.01953125
0 0.4390625 0.50859375 0.03515625 0.021875
0 0.3359375 0.41484375 0.04140625 0.0234375
1 0.4109375 0.49140625 0.0390625 0.0296875
0 0.5671875 0.46015625 0.0125 0.0109375
0 0.4921875 0.43671875 0.00859375 0.00859375
0 0.7359375 0.50546875 0.0453125 0.0234375
0 0.94140625 0.559375 0.0296875 0.0203125
0 0.878125 0.45625 0.02109375 0.01484375
0 0.759375 0.396875 0.01640625 0.01328125
0 0.7609375 0.4171875 0.01484375 0.0125
0 0.7828125 0.559375 0.01640625 0.00625
0 0.7734375 0.5890625 0.01640625 0.00625
0 0.74609375 0.4703125 0.01484375 0.0078125
0 0.01875 0.046875 0.0109375 0.01484375
0 0.003125 0.48125 0.00625 0.01015625
0 0.003125 0.5203125 0.00625 0.01484375
0 0.01484375 0.5546875 0.0296875 0.04375
0 0.17109375 0.5796875 0.01015625 0.015625
0 0.409375 0.484375 0.00625 0.0046875
0 0.35546875 0.43359375 0.0125 0.00390625
0 0.2484375 0.3328125 0.00859375 0.009375