0 0.9390625 0.58984375 0.04140625 0.01328125
0 0.5703125 0.43125 0.03984375 0.0234375
0 0.515625 0.3859375 0.03984375 0.02265625
0 0.4421875 0.5390625 0.0328125 0.01875
0 0.51953125 0.5671875 0.0359375 0.01875
0 0.334375 0.3609375 0.04375 0.0203125
0 0.5734375 0.35078125 0.02109375 0.0171875
0 0.2390625 0.39375 0.0359375 0.015625
0 0.2296875 0.5046875 0.0296875 0.0328125
0 0.1953125 0.43828125 0.0421875 0.0171875
0 0.01171875 0.38203125 0.0234375 0.02265625
0 0.2859375 0.42265625 0.0359375 0.015625
0 0.1078125 0.496875 0.0296875 0.0171875
0 0.73125 0.1875 0.02734375 0.0203125
0 0.75234375 0.2109375 0.01484375 0.0109375
0 0.7015625 0.290625 0.01640625 0.01328125
0 0.56796875 0.2765625 0.02109375 0.015625
0 0.4484375 0.3171875 0.02265625 0.015625
0 0.49375 0.2171875 0.0109375 0.00625
0 0.43828125 0.253125 0.0109375 0.00859375
0 0.5078125 0.2203125 0.0125 0.00859375
0 0.15546875 0.2625 0.0921875 0.071875
0 0.8578125 0.3078125 0.1015625 0.07109375
0 0.28828125 0.27578125 0.0828125 0.053125
0 0.33359375 0.54921875 0.0953125 0.0671875
0 0.12890625 0.334375 0.0953125 0.075
0 0.8671875 0.63671875 0.1109375 0.06953125
0 0.8328125 0.525 0.0859375 0.06171875
0 0.053125 0.42421875 0.07109375 0.0546875
0 0.76875 0.52734375 0.0578125 0.06015625
0 0.84921875 0.4640625 0.05 0.034375
0 0.58671875 0.53203125 0.0671875 0.0703125
0 0.459375 0.4859375 0.09140625 0.03828125
0 0.4890625 0.653125 0.0609375 0.04375
0 0.42265625 0.446875 0.0890625 0.03671875
0 0.0953125 0.47109375 0.05390625 0.04765625
0 0.7453125 0.384375 0.04765625 0.0328125
0 0.24375 0.66484375 0.06015625 0.046875
0 0.22265625 0.33359375 0.05234375 0.0390625
0 0.70625 0.3203125 0.0609375 0.04765625
0 0.15859375 0.56953125 0.06015625 0.0234375
0 0.9171875 0.2578125 0.04140625 0.02890625
0 0.6015625 0.4875 0.05625 0.04140625
0 0.190625 0.3515625 0.0453125 0.04765625
0 0.6421875 0.40625 0.0609375 0.04375
0 0.7640625 0.4546875 0.04609375 0.0328125
0 0.02578125 0.6296875 0.03984375 0.0140625
0 0.71953125 0.425 0.0484375 0.03203125
0 0.3921875 0.5109375 0.04609375 0.03125
0 0.01796875 0.565625 0.03359375 0.05546875
0 0.9796875 0.1984375 0.0140625 0.01484375
0 0.59921875 0.34765625 0.02890625 0.0171875
0 0.49921875 0.33359375 0.0109375 0.0046875
0 0.4828125 0.34921875 0.0453125 0.021875
0 0.396875 0.33046875 0.0109375 0.00625
0 0.1046875 0.21953125 0.0109375 0.0078125
1 0.01015625 0.3015625 0.0203125 0.02421875
0 0.028125 0.3671875 0.0109375 0.00625
0 0.3984375 0.515625 0.0296875 0.021875
0 0.4140625 0.584375 0.02890625 0.01875
0 0.4359375 0.63203125 0.04765625 0.02265625
0 0.0265625 0.64296875 0.03984375 0.01328125
1 0.44921875 0.3359375 0.17265625 0.0703125
1 0.45703125 0.3984375 0.27109375 0.0734375
1 0.4484375 0.334375 0.31640625 0.07890625
1 0.2890625 0.29453125 0.16875 0.059375
0 0.384375 0.24375 0.0109375 0.0046875
0 0.98125 0.63984375 0.03515625 0.021875
0 0.87421875 0.64921875 0.02265625 0.0078125
0 0.9359375 0.578125 0.0390625 0.0125
0 0.99765625 0.49609375 0.0046875 0.0078125