0 0.43515625 0.83828125 0.02265625 0.0328125
0 0.6 0.54375 0.0359375 0.03203125
0 0.65234375 0.49765625 0.03515625 0.03203125
0 0.44140625 0.46171875 0.02890625 0.0265625
0 0.4140625 0.52265625 0.02890625 0.02890625
0 0.6640625 0.36015625 0.0328125 0.034375
0 0.70625 0.5359375 0.0234375 0.0171875
0 0.60859375 0.2921875 0.025 0.028125
0 0.4609375 0.29921875 0.04609375 0.0265625
0 0.54453125 0.265625 0.02734375 0.0328125
0 0.5953125 0.1203125 0.0328125 0.0234375
0 0.5765625 0.33125 0.025 0.028125
0 0.45625 0.2078125 0.025 0.0234375
0 0.9421875 0.634375 0.0296875 0.02265625
0 0.9140625 0.65234375 0.0171875 0.01328125
0 0.8015625 0.62421875 0.0203125 0.0140625
0 0.8046875 0.5234375 0.02265625 0.0171875
0 0.7359375 0.4390625 0.02265625 0.01796875
0 0.8734375 0.4609375 0.01015625 0.009375
0 0.81953125 0.4234375 0.0125 0.009375
0 0.87109375 0.471875 0.0125 0.01015625
0 0.77265625 0.21484375 0.10625 0.0765625
0 0.7984375 0.74296875 0.1046875 0.0828125
0 0.77109375 0.31484375 0.0796875 0.0671875
0 0.4140625 0.38203125 0.1 0.07890625
0 0.67421875 0.20390625 0.10859375 0.07890625
0 0.3640625 0.78984375 0.1046875 0.090625
0 0.50703125 0.75078125 0.0921875 0.07109375
0 0.54609375 0.1578125 0.0796875 0.059375
0 0.49609375 0.703125 0.0859375 0.05
0 0.58984375 0.75546875 0.05234375 0.04140625
0 0.4671875 0.56875 0.1 0.0578125
0 0.5140625 0.46796875 0.0625 0.071875
0 0.2953125 0.51015625 0.06484375 0.05
0 0.5609375 0.4359375 0.05859375 0.0703125
0 0.4890625 0.1953125 0.0703125 0.0453125
0 0.6828125 0.66875 0.0484375 0.0390625
0 0.25078125 0.3296875 0.06875 0.05
0 0.6859375 0.2734375 0.05859375 0.04375
0 0.76328125 0.63203125 0.0703125 0.05078125
0 0.365625 0.2546875 0.0375 0.046875
0 0.87109375 0.78125 0.04375 0.03359375
0 0.52890625 0.57421875 0.06015625 0.046875
0 0.6578125 0.2515625 0.06875 0.03828125
0 0.64140625 0.59453125 0.06484375 0.05
0 0.5921875 0.69140625 0.0484375 0.03828125
0 0.27109375 0.1625 0.0234375 0.03203125
0 0.6265625 0.65390625 0.0484375 0.040625
0 0.47265625 0.42109375 0.04609375 0.03828125
0 0.3546875 0.14921875 0.0765625 0.03203125
0 0.9578125 0.8203125 0.02109375 0.0109375
0 0.7140625 0.55546875 0.025 0.02265625
0 0.7203125 0.47890625 0.0078125 0.009375
0 0.6984375 0.46875 0.03359375 0.0359375
0 0.7125 0.40234375 0.01015625 0.009375
0 0.8234375 0.171875 0.0109375 0.009375
1 0.7015625 0.10703125 0.03515625 0.025
0 0.61875 0.1328125 0.01015625 0.009375
0 0.4671875 0.42578125 0.03125 0.02421875
0 0.378125 0.446875 0.02734375 0.0234375
0 0.31796875 0.46875 0.0359375 0.0375
0 0.253125 0.16484375 0.02265625 0.03203125
1 0.7109375 0.4421875 0.1125 0.1359375
1 0.6296875 0.45546875 0.1296875 0.209375
1 0.71328125 0.440625 0.14140625 0.24375
1 0.74609375 0.31796875 0.09765625 0.13125
0 0.825 0.3828125 0.0078125 0.009375
0 0.3734375 0.875 0.0328125 0.028125
0 0.3484375 0.796875 0.0125 0.01796875
0 0.45078125 0.834375 0.02109375 0.0296875
0 0.565625 0.86953125 0.0109375 0.0046875