0 0.99453125 0.52734375 0.0109375 0.0296875
0 0.7390625 0.65703125 0.0921875 0.0328125
0 0.57734375 0.503125 0.05859375 0.04375
0 0.45390625 0.43125 0.1015625 0.0375
0 0.9640625 0.25234375 0.0421875 0.015625
0 0.67734375 0.66953125 0.04609375 0.02890625
0 0.596875 0.2921875 0.0421875 0.0328125
0 0.8015625 0.584375 0.0484375 0.03671875
0 0.984375 0.36171875 0.03125 0.02421875
0 0.86875 0.63984375 0.05390625 0.02421875
0 0.99375 0.7390625 0.0125 0.03828125
0 0.7140625 0.515625 0.05390625 0.03125
0 0.7390625 0.5171875 0.06015625 0.0296875
0 0.84921875 0.33671875 0.03515625 0.0234375
0 0.865625 0.26640625 0.02734375 0.015625
0 0.8171875 0.296875 0.0390625 0.015625
0 0.9953125 0.3203125 0.00859375 0.0234375
0 0.7359375 0.29375 0.0640625 0.01796875
0 0.9453125 0.478125 0.0359375 0.02265625
0 0.8078125 0.4765625 0.03515625 0.02265625
0 0.8734375 0.49921875 0.0203125 0.01015625
0 0.48046875 0.2734375 0.02734375 0.02265625
0 0.3953125 0.36484375 0.0265625 0.01875
0 0.31796875 0.259375 0.02734375 0.021875
0 0.5671875 0.3171875 0.0296875 0.02265625
0 0.3734375 0.2796875 0.01015625 0.009375
0 0.6796875 0.28046875 0.04140625 0.0203125
0 0.6578125 0.18671875 0.01875 0.0078125
0 0.28515625 0.2265625 0.0109375 0.00859375
0 0.7203125 0.18984375 0.02265625 0.0078125
0 0.32265625 0.23515625 0.0109375 0.0109375
0 0.46328125 0.28125 0.01015625 0.0109375
0 0.49921875 0.59609375 0.02734375 0.0203125
0 0.325 0.6125 0.01875 0.0140625
0 0.5390625 0.5140625 0.01875 0.01484375
0 0.6234375 0.4953125 0.0203125 0.01484375
0 0.4765625 0.6015625 0.0171875 0.009375
0 0.38203125 0.6890625 0.02734375 0.01953125
0 0.4859375 0.6953125 0.0125 0.01328125
0 0.5921875 0.70390625 0.0125 0.01328125
0 0.6265625 0.72734375 0.0125 0.00859375
0 0.24375 0.28359375 0.02890625 0.021875
0 0.70703125 0.27578125 0.0375 0.0171875
0 0.6859375 0.29140625 0.07265625 0.01875
0 0.9171875 0.35625 0.03359375 0.0234375
0 0.9640625 0.26796875 0.0359375 0.01953125
0 0.9171875 0.659375 0.05625 0.025
0 0.88984375 0.66640625 0.06640625 0.02890625
0 0.7875 0.6015625 0.0140625 0.0046875
0 0.7375 0.65390625 0.01484375 0.00859375
0 0.6640625 0.6546875 0.01484375 0.00390625
0 0.678125 0.5203125 0.05234375 0.0265625
0 0.25703125 0.625 0.0125 0.00859375
0 0.275 0.40859375 0.0109375 0.00546875
0 0.43125 0.24375 0.0625 0.01875
0 0.5859375 0.25703125 0.0234375 0.015625
0 0.5625 0.265625 0.0734375 0.0234375