0 0.53671875 0.11953125 0.03984375 0.025
0 0.709375 0.3203125 0.04375 0.06953125
0 0.50390625 0.44140625 0.05859375 0.04375
0 0.40859375 0.534375 0.05 0.07578125
0 0.1703125 0.1515625 0.02109375 0.03203125
0 0.72578125 0.36640625 0.0390625 0.034375
0 0.2234375 0.42734375 0.04375 0.03203125
0 0.61171875 0.2734375 0.0484375 0.03671875
0 0.315625 0.13359375 0.0328125 0.02890625
0 0.6859375 0.22265625 0.0328125 0.040625
0 0.81953125 0.12265625 0.0515625 0.021875
0 0.5203125 0.3390625 0.04140625 0.040625
0 0.52265625 0.3203125 0.03984375 0.0453125
0 0.2828125 0.2375 0.03125 0.0265625
0 0.1890625 0.225 0.02109375 0.0203125
0 0.2296875 0.26171875 0.02109375 0.02890625
0 0.26171875 0.11875 0.03125 0.0234375
0 0.22578125 0.32265625 0.0234375 0.04765625
0 0.47109375 0.165625 0.0296875 0.02734375
0 0.46875 0.26875 0.0296875 0.0265625
0 0.49921875 0.21953125 0.0140625 0.01484375
0 0.1984375 0.51484375 0.0296875 0.0203125
0 0.3203125 0.57890625 0.025 0.01953125
0 0.1796875 0.63671875 0.02890625 0.0203125
0 0.25625 0.45 0.0296875 0.02265625
0 0.20625 0.5953125 0.0125 0.0078125
0 0.2078125 0.36484375 0.02734375 0.03125
0 0.0828125 0.38203125 0.01015625 0.0140625
0 0.1359375 0.66171875 0.0109375 0.00859375
0 0.0875 0.334375 0.01015625 0.0171875
0 0.14765625 0.63359375 0.01484375 0.00859375
0 0.20859375 0.52734375 0.01484375 0.0078125
0 0.62734375 0.50078125 0.02734375 0.0203125
0 0.64921875 0.63125 0.01875 0.0140625
0 0.51875 0.47109375 0.0203125 0.0140625
0 0.49375 0.4078125 0.0203125 0.01484375
0 0.63515625 0.5171875 0.0125 0.01328125
0 0.7515625 0.5890625 0.0265625 0.0203125
0 0.76015625 0.5109375 0.0171875 0.009375
0 0.77109375 0.43125 0.0171875 0.009375
0 0.803125 0.4046875 0.0109375 0.009375
0 0.21171875 0.6921875 0.02890625 0.021875
0 0.2015625 0.34453125 0.02265625 0.028125
0 0.22265625 0.3609375 0.025 0.0546875
0 0.30859375 0.18671875 0.03125 0.025
0 0.190625 0.1515625 0.0265625 0.02734375
0 0.71171875 0.18671875 0.03359375 0.0421875
0 0.72109375 0.20703125 0.0390625 0.05
0 0.6359375 0.284375 0.00625 0.01015625
0 0.7046875 0.321875 0.0109375 0.0109375
0 0.70546875 0.37734375 0.0046875 0.0109375
0 0.5265625 0.36640625 0.03515625 0.0390625
0 0.66640625 0.6828125 0.0109375 0.009375
0 0.378125 0.66875 0.0078125 0.00859375
0 0.159375 0.5515625 0.0265625 0.046875
0 0.1765625 0.4359375 0.02109375 0.01796875
0 0.18828125 0.453125 0.03125 0.05546875