0 0.2921875 0.6671875 0.02109375 0.01953125
0 0.246875 0.39609375 0.0234375 0.0171875
0 0.1359375 0.578125 0.0265625 0.01796875
0 0.10625 0.190625 0.02265625 0.01484375
0 0.63671875 0.8203125 0.0375 0.02890625
0 0.6640625 0.7265625 0.02734375 0.0234375
0 0.37265625 0.78359375 0.03515625 0.0265625
0 0.4828125 0.7578125 0.0296875 0.01875
0 0.46953125 0.790625 0.01015625 0.00859375
0 0.58984375 0.49296875 0.02734375 0.01875
0 0.490625 0.5828125 0.01640625 0.01328125
0 0.52421875 0.6046875 0.01640625 0.0125
0 0.72265625 0.61484375 0.0359375 0.034375
0 0.453125 0.15390625 0.025 0.02421875
0 0.640625 0.35390625 0.0234375 0.01875
0 0.38125 0.3515625 0.0234375 0.01875
0 0.69140625 0.3296875 0.025 0.021875
0 0.58671875 0.1625 0.02109375 0.01953125
0 0.5546875 0.1515625 0.0234375 0.01953125
0 0.5421875 0.1296875 0.0203125 0.01875
0 0.93359375 0.8296875 0.02734375 0.021875
0 0.8140625 0.740625 0.02890625 0.021875
0 0.7921875 0.50546875 0.02734375 0.0203125
0 0.8765625 0.19609375 0.01640625 0.01328125
0 0.39453125 0.26484375 0.1015625 0.06640625
0 0.3703125 0.5421875 0.1015625 0.0390625
0 0.5578125 0.30625 0.07265625 0.0609375
0 0.8828125 0.65859375 0.1515625 0.1140625
0 0.14453125 0.83828125 0.0796875 0.059375
0 0.7609375 0.19140625 0.07265625 0.05625
0 0.92421875 0.68671875 0.10859375 0.0625
0 0.0546875 0.81328125 0.03125 0.0421875
0 0.415625 0.5859375 0.1015625 0.0328125
0 0.3859375 0.70546875 0.05859375 0.040625
0 0.17734375 0.4640625 0.1578125 0.0546875
0 0.19765625 0.49375 0.0875 0.03828125
0 0.3203125 0.665625 0.05 0.04375
0 0.41484375 0.87421875 0.0578125 0.02265625
0 0.228125 0.78359375 0.04375 0.0203125
0 0.171875 0.89296875 0.0359375 0.021875
0 0.16484375 0.22890625 0.02734375 0.01875
0 0.2734375 0.32265625 0.02265625 0.01484375
0 0.3390625 0.4109375 0.0203125 0.0171875
0 0.8171875 0.35546875 0.0125 0.0109375
0 0.7015625 0.609375 0.01640625 0.01875