0 0.84140625 0.44453125 0.0328125 0.03203125
0 0.984375 0.47421875 0.0296875 0.0296875
0 0.67421875 0.5109375 0.0203125 0.01328125
0 0.28984375 0.55703125 0.01640625 0.0171875
0 0.18515625 0.5625 0.0171875 0.01875
0 0.2390625 0.56015625 0.0203125 0.01875
0 0.37109375 0.51953125 0.04375 0.03671875
0 0.0765625 0.5625 0.04375 0.03671875
1 0.7234375 0.83046875 0.20390625 0.1125
0 0.59140625 0.51328125 0.0453125 0.03359375
0 0.95546875 0.721875 0.0328125 0.03359375
0 0.46171875 0.5171875 0.0421875 0.0359375
1 0.4453125 0.8296875 0.29609375 0.096875
0 0.72578125 0.85625 0.01640625 0.01328125
0 0.79921875 0.8015625 0.01484375 0.01484375
0 0.8078125 0.7921875 0.01640625 0.01328125
0 0.7828125 0.41015625 0.0234375 0.01015625
0 0.57734375 0.159375 0.0265625 0.0125
0 0.45078125 0.3359375 0.01640625 0.009375
0 0.440625 0.3421875 0.01484375 0.0078125
0 0.06953125 0.35390625 0.0140625 0.009375