0 0.4078125 0.24765625 0.04140625 0.02265625
0 0.440625 0.1390625 0.0390625 0.0203125
0 0.50546875 0.36875 0.01640625 0.0140625
0 0.58671875 0.65390625 0.02109375 0.0109375
0 0.59921875 0.7328125 0.0234375 0.0125
0 0.59375 0.69296875 0.0234375 0.0140625
0 0.5328125 0.5953125 0.04609375 0.03125
0 0.60546875 0.8140625 0.04609375 0.03125
1 0.92890625 0.315625 0.13984375 0.146875
0 0.5125 0.43125 0.0421875 0.03203125
0 0.771875 0.146875 0.04375 0.02265625
0 0.525 0.52734375 0.0453125 0.0296875
1 0.9421875 0.5234375 0.1140625 0.21875
0 0.90234375 0.04140625 0.0453125 0.0234375
0 0.96328125 0.3125 0.01640625 0.0109375
0 0.8859375 0.26015625 0.01875 0.01015625
0 0.8734375 0.2546875 0.01640625 0.0109375
0 0.51015625 0.0359375 0.01484375 0.01328125
0 0.36640625 0.29296875 0.0125 0.01796875
0 0.0421875 0.459375 0.01484375 0.01875
0 0.284375 0.5453125 0.0109375 0.0125
0 0.2921875 0.553125 0.00859375 0.0109375
0 0.32734375 0.83046875 0.0109375 0.01015625
0 0.23515625 0.8984375 0.0140625 0.01328125