1 0.7234375 0.55078125 0.3671875 0.29140625
1 0.32421875 0.62109375 0.3859375 0.228125
0 0.946875 0.19296875 0.10625 0.07109375
0 0.2984375 0.55234375 0.04765625 0.03359375
0 0.1609375 0.27890625 0.075 0.059375
0 0.49140625 0.85234375 0.06640625 0.0453125
0 0.30390625 0.3203125 0.0625 0.06171875
1 0.4171875 0.4921875 0.48125 0.31328125
0 0.653125 0.8453125 0.0484375 0.0328125
1 0.165625 0.45 0.33125 0.240625
0 0.61484375 0.865625 0.0640625 0.0265625
0 0.66328125 0.703125 0.0921875 0.0234375
0 0.49453125 0.72890625 0.1484375 0.0265625
0 0.8953125 0.71875 0.06640625 0.0515625
0 0.4109375 0.2375 0.1171875 0.053125
0 0.33671875 0.7765625 0.0671875 0.03828125
0 0.84375 0.3234375 0.08984375 0.01484375
0 0.3609375 0.7 0.08515625 0.0578125
0 0.765625 0.44375 0.02109375 0.01484375
0 0.57734375 0.3234375 0.03359375 0.0265625
0 0.83828125 0.4734375 0.02265625 0.01328125
0 0.84296875 0.3234375 0.09375 0.01328125
0 0.9671875 0.7296875 0.0234375 0.01796875
0 0.809375 0.50546875 0.02109375 0.01484375
0 0.5765625 0.55 0.0203125 0.01328125
0 0.72734375 0.521875 0.0421875 0.009375
0 0.084375 0.77421875 0.025 0.01953125
0 0.18515625 0.853125 0.03359375 0.02890625
0 0.33125 0.45703125 0.02109375 0.01484375
0 0.1859375 0.6703125 0.0234375 0.03671875
0 0.43828125 0.52421875 0.02109375 0.01484375
0 0.0609375 0.38984375 0.0171875 0.009375
0 0.346875 0.35546875 0.0203125 0.01875
0 0.1625 0.70859375 0.07265625 0.0375
0 0.40234375 0.271875 0.11875 0.059375
0 0.3390625 0.7484375 0.0734375 0.0328125
0 0.88828125 0.5125 0.0234375 0.021875