0 0.153125 0.76640625 0.0171875 0.01328125
0 0.0984375 0.83515625 0.02890625 0.025
0 0.03515625 0.22421875 0.0140625 0.01484375
0 0.63671875 0.69375 0.0265625 0.021875
0 0.5953125 0.78046875 0.0328125 0.025
0 0.43515625 0.865625 0.01640625 0.0171875
0 0.5046875 0.40546875 0.02734375 0.021875
0 0.67578125 0.61015625 0.0203125 0.01484375
0 0.4828125 0.3875 0.0203125 0.01484375
0 0.47421875 0.50859375 0.02265625 0.0171875
0 0.6359375 0.3890625 0.02109375 0.01484375
0 0.4453125 0.47421875 0.01875 0.0140625
0 0.5625 0.5359375 0.0171875 0.0140625
0 0.5609375 0.50546875 0.01640625 0.0125
0 0.7046875 0.52734375 0.01640625 0.015625
0 0.55078125 0.5203125 0.0234375 0.01875
0 0.52578125 0.50390625 0.01484375 0.0140625
0 0.66953125 0.46640625 0.01640625 0.015625
0 0.63515625 0.57265625 0.01875 0.0171875
0 0.69765625 0.5078125 0.01640625 0.01484375
0 0.5359375 0.4984375 0.01640625 0.015625
0 0.4609375 0.50859375 0.0140625 0.015625
0 0.3671875 0.496875 0.00859375 0.00546875
0 0.6953125 0.22265625 0.01875 0.01484375
0 0.4171875 0.27109375 0.01875 0.01484375
0 0.54921875 0.3703125 0.01875 0.0140625
0 0.56484375 0.353125 0.01015625 0.01015625
0 0.59921875 0.28046875 0.01484375 0.01484375
0 0.41328125 0.36796875 0.00859375 0.00546875
0 0.5171875 0.27734375 0.00859375 0.0078125
0 0.61328125 0.278125 0.01015625 0.009375
0 0.76875 0.66796875 0.01875 0.015625
0 0.75078125 0.63671875 0.01875 0.01484375
0 0.74296875 0.621875 0.01875 0.0140625
0 0.75859375 0.6515625 0.01875 0.01484375
0 0.7234375 0.70234375 0.0203125 0.01484375
0 0.9828125 0.446875 0.0234375 0.015625
0 0.7390625 0.60703125 0.01875 0.0140625
0 0.7796875 0.40625 0.0203125 0.0359375
0 0.78984375 0.2375 0.02109375 0.01484375
0 0.9390625 0.13671875 0.01875 0.0171875
0 0.88984375 0.253125 0.02265625 0.015625
0 0.95703125 0.30234375 0.07890625 0.06171875
0 0.8015625 0.81171875 0.11640625 0.0984375
0 0.8390625 0.19609375 0.0640625 0.05078125
0 0.7921875 0.19296875 0.0578125 0.04609375
0 0.8953125 0.65234375 0.06875 0.0515625
0 0.99140625 0.71171875 0.0171875 0.0515625
0 0.8265625 0.73125 0.0765625 0.0484375
0 0.8828125 0.8484375 0.0625 0.04296875
0 0.8359375 0.37890625 0.05859375 0.0515625
0 0.10546875 0.71171875 0.04609375 0.0296875
0 0.71015625 0.76328125 0.075 0.059375
0 0.453125 0.23515625 0.05390625 0.0375
0 0.20546875 0.67578125 0.04375 0.028125
0 0.8640625 0.5265625 0.025 0.06171875
0 0.82578125 0.690625 0.03984375 0.03671875
0 0.0390625 0.33046875 0.04375 0.02734375
1 0.6390625 0.1375 0.09375 0.0296875
0 0.8015625 0.3796875 0.03515625 0.0546875
0 0.16328125 0.8609375 0.025 0.01328125
0 0.16328125 0.871875 0.0203125 0.009375
0 0.01171875 0.5890625 0.01015625 0.01484375
0 0.0546875 0.36171875 0.0078125 0.00546875
0 0.02578125 0.2234375 0.0078125 0.01484375
0 0.765625 0.40546875 0.0109375 0.01328125
0 0.8328125 0.58984375 0.02109375 0.1046875
0 0.8140625 0.56015625 0.02109375 0.0890625
0 0.79765625 0.559375 0.0171875 0.04609375
0 0.7390625 0.5078125 0.0109375 0.021875
0 0.728125 0.51484375 0.0078125 0.01796875
0 0.71953125 0.5296875 0.0140625 0.03671875
0 0.7109375 0.503125 0.0078125 0.0203125
0 0.71953125 0.49609375 0.0140625 0.028125
0 0.68515625 0.46484375 0.01015625 0.009375
0 0.6265625 0.5765625 0.0140625 0.01796875
0 0.6453125 0.79453125 0.0203125 0.02265625
1 0.64765625 0.8296875 0.10859375 0.0875
0 0.784375 0.81171875 0.0328125 0.0265625