0 0.1640625 0.2265625 0.0171875 0.01328125
0 0.07421875 0.18203125 0.03515625 0.02265625
0 0.04375 0.084375 0.03125 0.0125
0 0.89140625 0.165625 0.0203125 0.0109375
0 0.23515625 0.5921875 0.0296875 0.0203125
0 0.12109375 0.55703125 0.03515625 0.025
0 0.0171875 0.43203125 0.02265625 0.01328125
0 0.625 0.50859375 0.0296875 0.021875
0 0.34375 0.62578125 0.02109375 0.015625
0 0.65078125 0.49296875 0.02109375 0.015625
0 0.4890625 0.48046875 0.0234375 0.01796875
0 0.63984375 0.6078125 0.02109375 0.0171875
0 0.5375 0.4609375 0.0203125 0.01484375
0 0.4484375 0.5453125 0.01875 0.0140625
0 0.48984375 0.5453125 0.01640625 0.0125
0 0.45234375 0.6515625 0.02109375 0.01328125
0 0.4703125 0.53671875 0.0265625 0.01875
0 0.49375 0.51953125 0.01875 0.0125
0 0.5359375 0.628125 0.02109375 0.01328125
0 0.39609375 0.596875 0.0234375 0.01484375
0 0.4796875 0.64765625 0.0203125 0.01328125
0 0.50078125 0.52734375 0.02109375 0.01328125
0 0.490625 0.4703125 0.02109375 0.0109375
0 0.5109375 0.40078125 0.0078125 0.00625
0 0.85859375 0.66015625 0.02109375 0.01484375
0 0.80859375 0.45 0.02109375 0.01484375
0 0.6703125 0.54375 0.0203125 0.01484375
0 0.6921875 0.55625 0.0140625 0.0078125
0 0.7875 0.5859375 0.0203125 0.0125
0 0.68046875 0.4421875 0.0078125 0.00625
0 0.7953125 0.525 0.01015625 0.00625
0 0.7890625 0.59609375 0.0125 0.0078125
0 0.11171875 0.871875 0.02265625 0.01953125
0 0.2625 0.69296875 0.02265625 0.01484375
0 0.3046875 0.68046875 0.02109375 0.01484375
0 0.325 0.675 0.0203125 0.01484375
0 0.28515625 0.6859375 0.02109375 0.01484375
0 0.18515625 0.9171875 0.0125 0.01953125
0 0.21875 0.65625 0.02109375 0.015625
0 0.54609375 0.8640625 0.02265625 0.01875
0 0.3453125 0.6734375 0.0203125 0.01484375
0 0.61015625 0.7140625 0.0484375 0.01484375
0 0.68984375 0.89140625 0.02265625 0.01875
0 0.834375 0.73125 0.02109375 0.0171875
0 0.96171875 0.84765625 0.0234375 0.01484375
0 0.8078125 0.8046875 0.02265625 0.01796875
0 0.78984375 0.9046875 0.01015625 0.0078125
0 0.73828125 0.85546875 0.08359375 0.06484375
0 0.06953125 0.709375 0.1328125 0.0890625
0 0.88671875 0.76953125 0.06875 0.0484375
0 0.89453125 0.734375 0.0625 0.04375
0 0.2765625 0.78828125 0.0703125 0.05234375
0 0.190625 0.87578125 0.07109375 0.05078125
0 0.17421875 0.73203125 0.06640625 0.0578125
0 0.38125 0.09453125 0.0359375 0.0359375
0 0.02265625 0.76796875 0.0453125 0.04765625
0 0.64453125 0.75703125 0.0703125 0.0453125
0 0.2390625 0.19375 0.03984375 0.034375
0 0.13828125 0.64375 0.0796875 0.05703125
0 0.85546875 0.47890625 0.05 0.040625
0 0.28125 0.2703125 0.0375 0.0328125
0 0.44609375 0.77109375 0.08359375 0.01953125
0 0.22890625 0.73359375 0.0484375 0.0296875
0 0.74921875 0.16328125 0.0359375 0.03359375
1 0.975 0.62265625 0.0421875 0.0703125
0 0.64453125 0.73125 0.0734375 0.02734375
0 0.03671875 0.22890625 0.01875 0.01875
0 0.0234375 0.228125 0.0140625 0.01484375
0 0.40703125 0.1296875 0.0203125 0.00859375
0 0.4359375 0.08359375 0.0078125 0.0078125
0 0.7078125 0.1734375 0.0078125 0.00546875
0 0.89296875 0.159375 0.0203125 0.00625
0 0.6125 0.70390625 0.0171875 0.00859375
0 0.3640625 0.7453125 0.13984375 0.01796875
0 0.403125 0.7328125 0.11875 0.0171875
0 0.40546875 0.71953125 0.0609375 0.0140625
0 0.47734375 0.67890625 0.02890625 0.009375
0 0.46875 0.66953125 0.0234375 0.00625
0 0.4484375 0.6625 0.0484375 0.01015625
0 0.484375 0.6578125 0.02734375 0.00625
0 0.49375 0.66484375 0.0375 0.01015625
0 0.5375 0.63984375 0.0125 0.0078125
0 0.390625 0.590625 0.0234375 0.0109375
0 0.10078125 0.59375 0.03125 0.015625
1 0.05625 0.59296875 0.1125 0.0828125
0 0.0703125 0.69609375 0.0359375 0.025
0 0.31953125 0.90625 0.00859375 0.0078125