0 0.1515625 0.23515625 0.0171875 0.01328125
0 0.06015625 0.19296875 0.03359375 0.021875
0 0.02421875 0.096875 0.03125 0.0109375
0 0.87578125 0.15625 0.0203125 0.01015625
0 0.2390625 0.59921875 0.02890625 0.01953125
0 0.12421875 0.5671875 0.03359375 0.02421875
0 0.0140625 0.44453125 0.02265625 0.0125
0 0.62578125 0.50546875 0.02890625 0.0203125
0 0.35 0.6296875 0.0203125 0.01484375
0 0.65 0.4890625 0.0203125 0.01484375
0 0.4890625 0.48046875 0.02265625 0.0171875
0 0.6453125 0.60390625 0.0203125 0.015625
0 0.5359375 0.459375 0.01875 0.0140625
0 0.45078125 0.54609375 0.01875 0.01328125
0 0.4921875 0.54609375 0.01640625 0.0125
0 0.459375 0.653125 0.02109375 0.0125
0 0.47265625 0.5375 0.025 0.01796875
0 0.49453125 0.51953125 0.01875 0.0109375
0 0.5421875 0.62734375 0.02109375 0.0125
0 0.40078125 0.6 0.02265625 0.0140625
0 0.4859375 0.6484375 0.0203125 0.0125
0 0.5015625 0.52734375 0.02109375 0.0125
0 0.4890625 0.47109375 0.02109375 0.01015625
0 0.50625 0.40078125 0.0078125 0.00625
0 0.86640625 0.65078125 0.0203125 0.0140625
0 0.80625 0.4421875 0.0203125 0.0140625
0 0.671875 0.5390625 0.01875 0.0140625
0 0.69453125 0.55078125 0.0140625 0.0078125
0 0.79140625 0.578125 0.0203125 0.0109375
0 0.67734375 0.4375 0.0078125 0.00625
0 0.79609375 0.5171875 0.01015625 0.00625
0 0.79375 0.58828125 0.0125 0.0078125
0 0.1296875 0.88203125 0.02109375 0.01875
0 0.271875 0.6984375 0.02109375 0.0140625
0 0.3140625 0.6859375 0.0203125 0.0140625
0 0.3328125 0.6796875 0.01875 0.0140625
0 0.29375 0.69140625 0.0203125 0.0140625
0 0.2046875 0.92578125 0.0109375 0.01953125
0 0.2265625 0.66328125 0.0203125 0.01484375
0 0.56328125 0.8625 0.02109375 0.01796875
0 0.353125 0.67734375 0.01875 0.0140625
0 0.6203125 0.7109375 0.04765625 0.0140625
0 0.7078125 0.8859375 0.02109375 0.01796875
0 0.8453125 0.721875 0.0203125 0.015625
0 0.97734375 0.83515625 0.02265625 0.0140625
0 0.821875 0.796875 0.02109375 0.0171875
0 0.80859375 0.896875 0.01015625 0.0078125
0 0.7546875 0.8484375 0.08125 0.0625
0 0.0796875 0.7203125 0.12890625 0.08515625
0 0.89921875 0.759375 0.06640625 0.046875
0 0.9046875 0.72421875 0.06015625 0.0421875
0 0.28984375 0.79375 0.0671875 0.05078125
0 0.2078125 0.88359375 0.06875 0.0484375
0 0.1859375 0.740625 0.0640625 0.05625
0 0.3625 0.09765625 0.03515625 0.034375
0 0.028125 0.78125 0.05625 0.04609375
0 0.65625 0.753125 0.0671875 0.04296875
0 0.22421875 0.20078125 0.0390625 0.03359375
0 0.1453125 0.653125 0.07734375 0.05546875
0 0.8546875 0.46953125 0.0484375 0.0390625
0 0.2703125 0.2765625 0.0359375 0.03203125
0 0.45859375 0.77265625 0.0828125 0.01796875
0 0.23984375 0.740625 0.04765625 0.02890625
0 0.73359375 0.15703125 0.03515625 0.0328125
1 0.98046875 0.61015625 0.0390625 0.06953125
0 0.6546875 0.728125 0.07265625 0.025
0 0.02421875 0.24140625 0.0171875 0.01875
0 0.0109375 0.240625 0.0125 0.01484375
0 0.38984375 0.1328125 0.0203125 0.0078125
0 0.41640625 0.0859375 0.0078125 0.0078125
0 0.6921875 0.16796875 0.0078125 0.00546875
0 0.8765625 0.14921875 0.0203125 0.00546875
0 0.621875 0.70078125 0.0171875 0.00859375
0 0.375 0.7484375 0.13984375 0.0140625
0 0.4140625 0.73515625 0.11875 0.0140625
0 0.415625 0.721875 0.0609375 0.0125
0 0.4859375 0.6796875 0.02890625 0.00859375
0 0.4765625 0.6703125 0.0234375 0.00546875
0 0.45625 0.6640625 0.0484375 0.009375
0 0.4921875 0.6578125 0.02734375 0.00546875
0 0.5015625 0.66484375 0.0375 0.009375
0 0.54375 0.6390625 0.0125 0.0078125
0 0.3953125 0.59375 0.0234375 0.01015625
0 0.1046875 0.60390625 0.0296875 0.01484375
1 0.0578125 0.6046875 0.11484375 0.0796875
0 0.0796875 0.7078125 0.03515625 0.02421875
0 0.33828125 0.9109375 0.00859375 0.0078125