0 0.9234375 0.36953125 0.04609375 0.03125
0 0.5734375 0.4890625 0.0921875 0.09921875
1 0.60546875 0.7046875 0.3578125 0.190625
0 0.54140625 0.5671875 0.11640625 0.0890625
0 0.7078125 0.22421875 0.04140625 0.03203125
0 0.87734375 0.19140625 0.05859375 0.03203125
0 0.5671875 0.3125 0.07265625 0.0546875
0 0.3046875 0.3546875 0.04140625 0.04140625
0 0.25234375 0.28984375 0.03125 0.03125
0 0.15859375 0.64609375 0.0359375 0.02890625
0 0.17890625 0.725 0.0390625 0.0296875
1 0.3046875 0.1796875 0.15234375 0.10859375
1 0.6796875 0.59765625 0.09140625 0.059375
0 0.475 0.51328125 0.0484375 0.05
0 0.44765625 0.25703125 0.04375 0.03359375
0 0.32578125 0.5109375 0.0328125 0.03203125
0 0.225 0.31484375 0.0484375 0.034375
0 0.49921875 0.47109375 0.0453125 0.02421875
0 0.24375 0.5484375 0.03359375 0.0359375
1 0.79296875 0.51484375 0.0453125 0.0328125
1 0.840625 0.5125 0.0625 0.034375
1 0.97734375 0.51328125 0.03515625 0.03671875
0 0.8328125 0.8484375 0.0109375 0.01015625
1 0.6390625 0.15625 0.2109375 0.06171875
0 0.56015625 0.21171875 0.06015625 0.05234375
0 0.5890625 0.26328125 0.0359375 0.02421875
0 0.5546875 0.26875 0.03984375 0.02890625
0 0.50859375 0.32421875 0.03984375 0.04609375
0 0.4734375 0.31796875 0.04375 0.0359375
1 0.25 0.15625 0.0921875 0.06171875
1 0.58671875 0.36484375 0.14375 0.209375
0 0.4328125 0.6109375 0.01484375 0.0171875
0 0.37578125 0.7 0.0203125 0.01953125
0 0.39609375 0.771875 0.0171875 0.01796875
0 0.37421875 0.846875 0.01640625 0.0125
1 0.43203125 0.81796875 0.2453125 0.1078125
1 0.40234375 0.85625 0.27109375 0.0375
1 0.0515625 0.86640625 0.0328125 0.0171875