0 0.3265625 0.18203125 0.04140625 0.034375
0 0.48515625 0.4453125 0.1328125 0.06953125
1 0.7734375 0.42109375 0.25390625 0.26796875
0 0.5890625 0.46875 0.11875 0.0875
0 0.1328125 0.34453125 0.0421875 0.03125
0 0.0890625 0.2171875 0.0421875 0.04375
0 0.25 0.45 0.07265625 0.0546875
0 0.30625 0.64609375 0.0546875 0.03125
0 0.21953125 0.6859375 0.04140625 0.0234375
0 0.69453125 0.75546875 0.0390625 0.02734375
0 0.8 0.740625 0.03984375 0.02890625
1 0.07265625 0.64609375 0.1453125 0.1140625
1 0.63046875 0.36484375 0.07890625 0.06875
0 0.51796875 0.51875 0.06640625 0.03671875
0 0.1765625 0.5390625 0.0453125 0.0328125
0 0.51484375 0.63046875 0.0421875 0.02421875
0 0.253125 0.70625 0.04609375 0.03671875
0 0.4609375 0.50078125 0.0328125 0.03359375
0 0.56484375 0.6921875 0.04765625 0.025
1 0.51953125 0.28046875 0.04375 0.03359375
1 0.51640625 0.24453125 0.04609375 0.046875
1 0.51796875 0.1421875 0.0484375 0.0265625
1 0.4515625 0.11171875 0.05625 0.0171875
0 0.478125 0.09140625 0.0125 0.00859375
0 0.90078125 0.08828125 0.03515625 0.00859375
0 0.990625 0.07890625 0.01640625 0.00546875
0 0.96484375 0.25 0.0140625 0.00859375
1 0.04140625 0.3953125 0.0828125 0.15859375
0 0.11484375 0.4546875 0.0703125 0.0453125
0 0.184375 0.43359375 0.0328125 0.02734375
0 0.1921875 0.45859375 0.0390625 0.0296875
0 0.265625 0.49375 0.0609375 0.0296875
0 0.25703125 0.5203125 0.04765625 0.0328125
1 0.04140625 0.6875 0.0828125 0.06953125
1 0.3203125 0.43515625 0.27890625 0.1078125
0 0.64765625 0.55 0.02265625 0.0109375
0 0.7671875 0.59296875 0.0265625 0.01484375
0 0.8625 0.578125 0.0234375 0.01328125
0 0.9625 0.59453125 0.01640625 0.0125
1 0.9234375 0.55078125 0.14375 0.18359375
1 0.975 0.5734375 0.05 0.203125
1 0.98828125 0.83515625 0.0234375 0.0234375