0 0.28359375 0.14765625 0.0296875 0.01328125
0 0.0625 0.21875 0.02109375 0.01796875
0 0.55078125 0.55625 0.02109375 0.01484375
0 0.43125 0.409375 0.1015625 0.0984375
0 0.6796875 0.73359375 0.08125 0.0609375
0 0.75625 0.7828125 0.0796875 0.0625
0 0.4390625 0.71875 0.06640625 0.04609375
0 0.1296875 0.3296875 0.04375 0.03359375
0 0.7140625 0.5953125 0.05625 0.0453125
0 0.2953125 0.47890625 0.05390625 0.03125
0 0.1921875 0.6296875 0.0359375 0.028125
0 0.0609375 0.553125 0.06640625 0.028125
0 0.13046875 0.4921875 0.04765625 0.03828125
0 0.23515625 0.63984375 0.04765625 0.03125
0 0.09140625 0.20703125 0.0671875 0.0359375
0 0.3296875 0.41875 0.03125 0.0390625
0 0.1328125 0.56953125 0.04765625 0.03671875
0 0.178125 0.584375 0.0484375 0.034375
0 0.31328125 0.44609375 0.04375 0.0265625
0 0.103125 0.2265625 0.03515625 0.02421875
0 0.3046875 0.17265625 0.0359375 0.01328125
0 0.27109375 0.17421875 0.03125 0.01328125
0 0.26875 0.14609375 0.02265625 0.0140625
0 0.02109375 0.17421875 0.02890625 0.009375
0 0.01953125 0.14453125 0.01640625 0.00859375
0 0.36796875 0.684375 0.0375 0.0265625
0 0.3765625 0.79921875 0.03359375 0.0265625
0 0.3484375 0.80078125 0.02734375 0.02890625
0 0.1359375 0.78125 0.0296875 0.01484375
0 0.1296875 0.76875 0.01875 0.01953125
0 0.03984375 0.56171875 0.0265625 0.01484375
0 0.5984375 0.5375 0.0140625 0.015625
0 0.5328125 0.5609375 0.0203125 0.01328125
0 0.55390625 0.5671875 0.01875 0.00859375
0 0.5453125 0.5734375 0.0203125 0.0140625