0 0.2921875 0.14453125 0.0296875 0.01328125
0 0.06953125 0.21328125 0.02109375 0.01796875
0 0.54921875 0.55703125 0.02109375 0.01484375
0 0.4328125 0.40859375 0.0984375 0.09765625
0 0.6734375 0.7359375 0.0796875 0.06015625
0 0.74921875 0.7859375 0.07890625 0.06171875
0 0.43359375 0.71796875 0.06484375 0.0453125
0 0.13359375 0.325 0.0421875 0.0328125
0 0.7109375 0.5984375 0.0546875 0.04375
0 0.29609375 0.47578125 0.05234375 0.0296875
0 0.1890625 0.625 0.03515625 0.028125
0 0.059375 0.54765625 0.06640625 0.02734375
0 0.13046875 0.4875 0.04609375 0.0375
0 0.23203125 0.63671875 0.04609375 0.0296875
0 0.0984375 0.20234375 0.06640625 0.034375
0 0.33125 0.41640625 0.0296875 0.0390625
0 0.13125 0.56484375 0.04609375 0.0359375
0 0.1765625 0.58046875 0.04765625 0.03359375
0 0.3140625 0.44375 0.04375 0.025
0 0.109375 0.221875 0.03515625 0.02421875
0 0.31171875 0.1703125 0.0359375 0.0125
0 0.27890625 0.17109375 0.03125 0.01328125
0 0.2765625 0.14375 0.02265625 0.0140625
0 0.02890625 0.16796875 0.02890625 0.009375
0 0.02734375 0.1390625 0.01640625 0.00859375
0 0.3640625 0.68203125 0.0375 0.025
0 0.36953125 0.796875 0.03359375 0.0265625
0 0.3421875 0.79921875 0.0265625 0.02890625
0 0.1296875 0.7765625 0.0296875 0.01484375
0 0.1234375 0.7640625 0.01875 0.01953125
0 0.0390625 0.55546875 0.0265625 0.01484375
0 0.5984375 0.5390625 0.0140625 0.015625
0 0.53125 0.56171875 0.0203125 0.01328125
0 0.5515625 0.56796875 0.01875 0.00859375
0 0.54296875 0.57421875 0.0203125 0.0140625