0 0.3 0.1421875 0.0296875 0.01328125
0 0.0765625 0.2078125 0.02109375 0.01796875
0 0.5484375 0.55703125 0.02109375 0.01484375
0 0.43515625 0.4078125 0.1015625 0.0984375
0 0.66796875 0.73828125 0.08125 0.0609375
0 0.7421875 0.78984375 0.0796875 0.0625
0 0.42890625 0.7171875 0.06640625 0.04609375
0 0.13828125 0.3203125 0.04375 0.03359375
0 0.70859375 0.6015625 0.05625 0.0453125
0 0.296875 0.4734375 0.05390625 0.03125
0 0.1859375 0.62109375 0.0359375 0.028125
0 0.0578125 0.5421875 0.06640625 0.028125
0 0.13125 0.4828125 0.04765625 0.03828125
0 0.22890625 0.6328125 0.04765625 0.03125
0 0.1046875 0.196875 0.0671875 0.0359375
0 0.3328125 0.4140625 0.03125 0.0390625
0 0.1296875 0.56015625 0.04765625 0.03671875
0 0.17421875 0.57578125 0.0484375 0.034375
0 0.315625 0.44140625 0.04375 0.0265625
0 0.115625 0.21640625 0.03515625 0.02421875
0 0.31953125 0.16796875 0.0359375 0.01328125
0 0.2859375 0.16796875 0.03125 0.01328125
0 0.28515625 0.140625 0.02265625 0.0140625
0 0.0359375 0.1625 0.02890625 0.009375
0 0.0359375 0.1328125 0.01640625 0.00859375
0 0.359375 0.68046875 0.0375 0.0265625
0 0.3625 0.7953125 0.03359375 0.0265625
0 0.33515625 0.796875 0.02734375 0.02890625
0 0.1234375 0.771875 0.0296875 0.01484375
0 0.1171875 0.75859375 0.01875 0.01953125
0 0.0375 0.54921875 0.0265625 0.01484375
0 0.59765625 0.540625 0.0140625 0.015625
0 0.5296875 0.56171875 0.0203125 0.01328125
0 0.55 0.56875 0.01875 0.00859375
0 0.54140625 0.57421875 0.0203125 0.0140625