0 0.78828125 0.17890625 0.02265625 0.01796875
0 0.8328125 0.10390625 0.0109375 0.00625
0 0.79765625 0.5390625 0.03515625 0.025
0 0.76171875 0.48046875 0.03359375 0.0234375
0 0.77421875 0.57578125 0.03515625 0.025
0 0.74921875 0.559375 0.03125 0.02421875
0 0.7390625 0.41015625 0.0390625 0.025
0 0.84453125 0.4234375 0.02265625 0.0203125
0 0.9265625 0.74140625 0.03359375 0.02890625
0 0.3265625 0.3265625 0.02109375 0.01796875
0 0.6453125 0.115625 0.01640625 0.0140625
0 0.26796875 0.284375 0.01875 0.0140625
0 0.646875 0.15859375 0.01640625 0.01875
0 0.3875 0.1890625 0.0125 0.0125
0 0.63359375 0.50625 0.03359375 0.02421875
0 0.453125 0.4046875 0.01875 0.0140625
0 0.50703125 0.5328125 0.0125 0.0078125
0 0.44375 0.4140625 0.0203125 0.01796875
0 0.46015625 0.6109375 0.03515625 0.01796875
0 0.4453125 0.675 0.0328125 0.0296875
0 0.60390625 0.83515625 0.0140625 0.015625
0 0.4390625 0.85078125 0.0125 0.00859375
0 0.44375 0.79453125 0.0125 0.0109375
0 0.2421875 0.75703125 0.02109375 0.01953125
0 0.61171875 0.21015625 0.0984375 0.08515625
0 0.69453125 0.22421875 0.09140625 0.071875
0 0.8703125 0.11953125 0.07109375 0.05625
0 0.5984375 0.75234375 0.0578125 0.06171875
0 0.87109375 0.3609375 0.0640625 0.04140625
0 0.2984375 0.7734375 0.05625 0.059375
1 0.59765625 0.41796875 0.0984375 0.13984375
0 0.434375 0.265625 0.04140625 0.0453125
1 0.3453125 0.478125 0.0609375 0.06015625
0 0.7609375 0.30703125 0.04140625 0.028125
0 0.859375 0.63203125 0.0375 0.03125
0 0.43671875 0.8171875 0.03515625 0.034375
1 0.54453125 0.4734375 0.10625 0.09765625
0 0.71640625 0.4359375 0.04765625 0.0296875
1 0.3140625 0.50078125 0.1015625 0.05078125
1 0.56875 0.35234375 0.1109375 0.13046875
1 0.4671875 0.85234375 0.0859375 0.0625
0 0.5015625 0.13828125 0.0390625 0.034375
0 0.4734375 0.134375 0.0265625 0.021875
0 0.453125 0.13046875 0.0296875 0.0109375
0 0.5328125 0.296875 0.00859375 0.0125
0 0.5421875 0.3015625 0.00859375 0.0109375
1 0.53828125 0.4234375 0.0765625 0.10859375
0 0.5578125 0.5546875 0.075 0.03203125
0 0.58984375 0.559375 0.0765625 0.0359375
0 0.48203125 0.62265625 0.0390625 0.01796875
0 0.58671875 0.6796875 0.0203125 0.0140625
0 0.74765625 0.690625 0.0359375 0.0265625
0 0.78046875 0.7125 0.11640625 0.025
0 0.92734375 0.8296875 0.03125 0.0203125
0 0.3015625 0.63515625 0.01015625 0.0078125
0 0.2375 0.6671875 0.00859375 0.00625
0 0.2734375 0.44140625 0.00625 0.0046875