0 0.8515625 0.2421875 0.025 0.0171875
0 0.9203125 0.36953125 0.025 0.01875
0 0.9046875 0.33125 0.0171875 0.01328125
0 0.93984375 0.29375 0.01015625 0.00703125
0 0.94140625 0.47421875 0.0265625 0.01875
0 0.9546875 0.55703125 0.0171875 0.01015625
0 0.87890625 0.65 0.0171875 0.01328125
0 0.88046875 0.73359375 0.01640625 0.0078125
0 0.94765625 0.6125 0.0265625 0.0203125
0 0.5640625 0.23515625 0.02890625 0.0109375
0 0.7359375 0.22890625 0.01484375 0.01015625
0 0.6875 0.25390625 0.01484375 0.01015625
0 0.21640625 0.390625 0.01484375 0.015625
0 0.3796875 0.24296875 0.01484375 0.00859375
0 0.42109375 0.24375 0.01640625 0.01015625
0 0.3328125 0.39609375 0.01875 0.0125
0 0.284375 0.22578125 0.01484375 0.00546875
0 0.2703125 0.2296875 0.01640625 0.00703125
0 0.2765625 0.58203125 0.01875 0.01328125
0 0.5578125 0.5390625 0.0203125 0.0125
0 0.38359375 0.45859375 0.01875 0.0140625
0 0.2234375 0.49921875 0.01015625 0.00859375
0 0.4390625 0.4984375 0.0109375 0.009375
0 0.4953125 0.565625 0.02109375 0.01171875
0 0.25859375 0.4875 0.00859375 0.00703125
0 0.7234375 0.5453125 0.00859375 0.01171875
0 0.71171875 0.49375 0.025 0.0109375
0 0.71953125 0.70546875 0.04140625 0.015625
0 0.25 0.665625 0.01875 0.0109375
0 0.0671875 0.25703125 0.03515625 0.01484375
0 0.00546875 0.38515625 0.0109375 0.0171875
0 0.05703125 0.5671875 0.0109375 0.00703125
0 0.09453125 0.5484375 0.01484375 0.0109375
0 0.115625 0.67734375 0.01875 0.01328125
0 0.05703125 0.66640625 0.02109375 0.0109375
0 0.15078125 0.77890625 0.01875 0.0109375
0 0.55078125 0.6515625 0.1140625 0.0578125
0 0.034375 0.4375 0.06875 0.046875
0 0.6390625 0.41171875 0.1171875 0.05234375
0 0.740625 0.59296875 0.1125 0.0515625
0 0.7265625 0.41875 0.0796875 0.04140625
1 0.1 0.30546875 0.2 0.1296875
0 0.4734375 0.66953125 0.0875 0.02734375
0 0.50625 0.38828125 0.0578125 0.03046875
0 0.3859375 0.61953125 0.0421875 0.05078125
0 0.5453125 0.32265625 0.04765625 0.02734375
1 0.5171875 0.225 0.2890625 0.01796875
1 0.36171875 0.22734375 0.04140625 0.01328125
0 0.8359375 0.46328125 0.01640625 0.01328125
0 0.81796875 0.45 0.02109375 0.009375
0 0.8171875 0.45625 0.025 0.0078125
0 0.81953125 0.4640625 0.02265625 0.009375
0 0.74921875 0.5390625 0.00625 0.01171875
0 0.74296875 0.53984375 0.0078125 0.0046875
0 0.71484375 0.54609375 0.0078125 0.00625
0 0.7140625 0.50078125 0.0234375 0.009375
0 0.67890625 0.4796875 0.0140625 0.00390625
0 0.66484375 0.484375 0.02265625 0.00859375
0 0.65859375 0.47578125 0.0265625 0.0109375
0 0.571875 0.53828125 0.01484375 0.0109375
0 0.37578125 0.5265625 0.0171875 0.0171875
0 0.3625 0.52890625 0.01015625 0.0171875
0 0.35546875 0.521875 0.01640625 0.0140625
0 0.2015625 0.46484375 0.01015625 0.01015625
0 0.35078125 0.78046875 0.025 0.00390625
0 0.4046875 0.75625 0.03359375 0.0234375
0 0.90703125 0.52890625 0.0109375 0.01171875