0 0.0609375 0.2890625 0.02890625 0.01328125
0 0.28984375 0.25703125 0.0328125 0.01328125
0 0.22109375 0.2640625 0.0234375 0.009375
0 0.15703125 0.2421875 0.0125 0.00546875
0 0.47734375 0.25078125 0.0328125 0.0140625
0 0.62578125 0.246875 0.0171875 0.01015625
0 0.7859375 0.2953125 0.0234375 0.009375
0 0.934375 0.2984375 0.0140625 0.009375
0 0.72265625 0.2546875 0.03515625 0.0140625
0 0.0328125 0.45078125 0.01875 0.015625
0 0.03203125 0.353125 0.0171875 0.00859375
0 0.0734375 0.38203125 0.0171875 0.00859375
0 0.29140625 0.65390625 0.02734375 0.0078125
0 0.03671875 0.55390625 0.01484375 0.00859375
0 0.04140625 0.53125 0.0171875 0.009375
0 0.3078125 0.5890625 0.02265625 0.01015625
0 0.003125 0.60703125 0.00625 0.00859375
0 0.00859375 0.61484375 0.0125 0.009375
0 0.634375 0.63046875 0.0234375 0.01015625
0 0.571875 0.46953125 0.02109375 0.0109375
0 0.4203125 0.56328125 0.025 0.01015625
0 0.48359375 0.65546875 0.01484375 0.00546875
0 0.49453125 0.534375 0.01640625 0.00625
0 0.61640625 0.50625 0.0203125 0.0109375
0 0.465625 0.63515625 0.0125 0.0046875
0 0.5921875 0.37734375 0.02109375 0.00390625
0 0.50078125 0.38046875 0.01875 0.01328125
0 0.8765625 0.3875 0.02734375 0.02265625
0 0.78125 0.64921875 0.01875 0.01015625
0 0.0453125 0.7296875 0.025 0.01875
0 0.2703125 0.7734375 0.0296875 0.01015625
0 0.5953125 0.75234375 0.0125 0.00625
0 0.56484375 0.73046875 0.01875 0.0078125
0 0.7953125 0.725 0.0234375 0.01015625
0 0.771875 0.7578125 0.0171875 0.01171875
0 0.690625 0.7984375 0.0203125 0.0171875
0 0.97890625 0.8375 0.01640625 0.015625
0 0.9765625 0.7109375 0.01875 0.01015625
0 0.77109375 0.4796875 0.1015625 0.0625
0 0.36484375 0.7640625 0.0828125 0.05
0 0.35078125 0.4171875 0.09140625 0.065625
0 0.678125 0.36953125 0.08984375 0.0625
0 0.36796875 0.36875 0.07265625 0.04453125
1 0.1328125 0.73671875 0.22734375 0.1546875
0 0.8 0.5234375 0.04765625 0.04921875
0 0.3015625 0.490625 0.05234375 0.03203125
0 0.70625 0.5703125 0.08984375 0.0234375
0 0.1875 0.46484375 0.0484375 0.0265625
1 0.0125 0.47578125 0.025 0.1625
1 0.0109375 0.56328125 0.02109375 0.02265625
0 0.45234375 0.31015625 0.0234375 0.00859375
0 0.42734375 0.31875 0.01484375 0.01171875
0 0.4390625 0.31953125 0.0125 0.0140625
0 0.453125 0.31875 0.01484375 0.0125
0 0.5828125 0.36171875 0.02109375 0.003125
0 0.58359375 0.365625 0.00859375 0.00390625
0 0.59375 0.38203125 0.0109375 0.00390625
0 0.51328125 0.3796875 0.01484375 0.01328125
0 0.4734375 0.3984375 0.0078125 0.0078125
0 0.48046875 0.40625 0.0140625 0.0125
0 0.46484375 0.409375 0.01875 0.0140625
0 0.57109375 0.46171875 0.0203125 0.0078125
0 0.540625 0.57109375 0.0296875 0.009375
0 0.54453125 0.57890625 0.0296875 0.0046875
0 0.53125 0.58203125 0.025 0.00859375
0 0.42109375 0.665625 0.0171875 0.00546875
0 0.98984375 0.5984375 0.00625 0.0140625
0 0.94921875 0.5671875 0.03984375 0.01875
0 0.57265625 0.27265625 0.02109375 0.00546875