0 0.0546875 0.29375 0.02890625 0.01328125
0 0.2828125 0.259375 0.0328125 0.01328125
0 0.2140625 0.2671875 0.0234375 0.009375
0 0.1484375 0.2453125 0.0125 0.00546875
0 0.4703125 0.25078125 0.0328125 0.0140625
0 0.6171875 0.24609375 0.0171875 0.01015625
0 0.7796875 0.2921875 0.0234375 0.009375
0 0.928125 0.29453125 0.0140625 0.009375
0 0.71484375 0.25234375 0.03515625 0.0140625
0 0.03203125 0.4546875 0.01875 0.015625
0 0.02734375 0.3578125 0.0171875 0.00859375
0 0.0703125 0.3859375 0.0171875 0.00859375
0 0.29609375 0.65546875 0.02734375 0.0078125
0 0.0390625 0.55859375 0.01484375 0.00859375
0 0.0421875 0.53515625 0.0171875 0.009375
0 0.31015625 0.590625 0.02265625 0.01015625
0 0.0046875 0.6109375 0.009375 0.009375
0 0.0125 0.61953125 0.0125 0.009375
0 0.63828125 0.62890625 0.0234375 0.01015625
0 0.5703125 0.46875 0.02109375 0.0109375
0 0.42265625 0.5640625 0.025 0.01015625
0 0.4890625 0.65546875 0.01484375 0.00546875
0 0.4953125 0.534375 0.01640625 0.00625
0 0.61640625 0.5046875 0.0203125 0.0109375
0 0.4703125 0.63515625 0.0125 0.0046875
0 0.58828125 0.3765625 0.02109375 0.00390625
0 0.496875 0.38046875 0.01875 0.01328125
0 0.8734375 0.38359375 0.0265625 0.02265625
0 0.7859375 0.64609375 0.01875 0.01015625
0 0.05234375 0.734375 0.025 0.01875
0 0.27890625 0.77578125 0.0296875 0.01015625
0 0.60390625 0.7515625 0.0125 0.00625
0 0.571875 0.7296875 0.01875 0.0078125
0 0.8015625 0.721875 0.0234375 0.01015625
0 0.7796875 0.7546875 0.0171875 0.01171875
0 0.7 0.796875 0.0203125 0.0171875
0 0.9890625 0.8328125 0.01640625 0.015625
0 0.9828125 0.70625 0.01875 0.01015625
0 0.7703125 0.4765625 0.0984375 0.06171875
0 0.3734375 0.76484375 0.08125 0.04921875
0 0.3484375 0.41875 0.0890625 0.06484375
0 0.6734375 0.36796875 0.0875 0.06171875
0 0.3640625 0.36953125 0.07109375 0.04375
1 0.13984375 0.73984375 0.22265625 0.15234375
0 0.80078125 0.52109375 0.04609375 0.0484375
0 0.3015625 0.49296875 0.0515625 0.03203125
0 0.7078125 0.56796875 0.0890625 0.02265625
0 0.1859375 0.46796875 0.04765625 0.02578125
1 0.0109375 0.48125 0.021875 0.1625
1 0.0109375 0.5671875 0.021875 0.021875
0 0.446875 0.31015625 0.0234375 0.00859375
0 0.421875 0.31953125 0.01484375 0.01171875
0 0.43359375 0.3203125 0.0125 0.0140625
0 0.44765625 0.31953125 0.01484375 0.0125
0 0.57890625 0.3609375 0.02109375 0.003125
0 0.5796875 0.36484375 0.00859375 0.00390625
0 0.58984375 0.38046875 0.0109375 0.00390625
0 0.509375 0.3796875 0.01484375 0.01328125
0 0.4703125 0.3984375 0.0078125 0.0078125
0 0.47734375 0.40703125 0.0140625 0.0125
0 0.4625 0.41015625 0.01875 0.0140625
0 0.5703125 0.4609375 0.0203125 0.0078125
0 0.54296875 0.57109375 0.0296875 0.009375
0 0.546875 0.578125 0.0296875 0.0046875
0 0.53359375 0.58203125 0.025 0.009375
0 0.4265625 0.66640625 0.0171875 0.00546875
0 0.99296875 0.59375 0.00625 0.0140625
0 0.9515625 0.5625 0.03984375 0.01796875
0 0.565625 0.271875 0.02109375 0.00546875