0 0.8234375 0.2234375 0.1046875 0.059375
0 0.8578125 0.73046875 0.0953125 0.05390625
0 0.02734375 0.25703125 0.0546875 0.05234375
0 0.63828125 0.6875 0.07890625 0.059375
0 0.94765625 0.63046875 0.09140625 0.05234375
0 0.84375 0.85 0.09375 0.053125
0 0.53203125 0.86484375 0.0578125 0.03203125
0 0.8828125 0.271875 0.05859375 0.0359375
0 0.55703125 0.74453125 0.0625 0.03515625
0 0.09921875 0.51015625 0.1 0.0921875
0 0.8765625 0.4421875 0.0625 0.0390625
0 0.221875 0.20703125 0.07890625 0.0359375
0 0.8640625 0.32734375 0.0421875 0.0359375
0 0.94765625 0.39765625 0.0609375 0.0359375
0 0.5171875 0.65859375 0.06875 0.03828125
0 0.61875 0.5171875 0.04375 0.0359375
0 0.55625 0.63125 0.0671875 0.03125
0 0.3921875 0.21640625 0.05234375 0.02734375
0 0.8296875 0.4421875 0.0390625 0.03125
0 0.67890625 0.2375 0.0515625 0.0265625
0 0.04140625 0.53046875 0.0828125 0.075
0 0.65078125 0.48515625 0.03984375 0.0328125
0 0.178125 0.32734375 0.0296875 0.015625
0 0.1546875 0.3203125 0.02890625 0.015625
0 0.3234375 0.33984375 0.03515625 0.0453125
0 0.5578125 0.1875 0.0296875 0.01328125
0 0.56484375 0.178125 0.0390625 0.01484375
0 0.56640625 0.19921875 0.0203125 0.01328125
0 0.36953125 0.334375 0.0328125 0.0390625
0 0.1078125 0.4140625 0.02109375 0.0171875
0 0.10390625 0.58671875 0.0234375 0.0140625
0 0.26875 0.56953125 0.02109375 0.01015625
0 0.20625 0.6640625 0.0359375 0.01796875
0 0.1 0.415625 0.02109375 0.02109375
0 0.20546875 0.63359375 0.025 0.01796875
0 0.54453125 0.52109375 0.0203125 0.0125
0 0.4328125 0.53125 0.02265625 0.01484375
0 0.6046875 0.6546875 0.0140625 0.01171875
0 0.8765625 0.55703125 0.0328125 0.0171875
0 0.146875 0.746875 0.0234375 0.01328125
0 0.2875 0.84453125 0.0203125 0.01484375
0 0.1734375 0.93359375 0.0171875 0.0125
0 0.7234375 0.80234375 0.03359375 0.0125
0 0.090625 0.54921875 0.0421875 0.03125
0 0.0140625 0.475 0.028125 0.096875
0 0.1265625 0.4125 0.025 0.01484375
0 0.30234375 0.3421875 0.01875 0.01484375
0 0.39375 0.3328125 0.0234375 0.0171875
0 0.56640625 0.3 0.03515625 0.0421875
0 0.97265625 0.34375 0.0125 0.0171875
0 0.16484375 0.64765625 0.0203125 0.02109375
0 0.42109375 0.534375 0.0421875 0.0375
0 0.6171875 0.4703125 0.03515625 0.03046875