0 0.0625 0.28125 0.08984375 0.05703125
0 0.95390625 0.33125 0.0921875 0.053125
0 0.02421875 0.7375 0.0484375 0.04765625
0 0.8484375 0.44921875 0.10234375 0.0421875
0 0.7921875 0.26953125 0.08984375 0.05
0 0.1515625 0.25546875 0.0609375 0.03125
0 0.9390625 0.50234375 0.06015625 0.03359375
0 0.4609375 0.72421875 0.16015625 0.05234375
0 0.45078125 0.2828125 0.0671875 0.034375
0 0.246875 0.27265625 0.0640625 0.0234375
0 0.38203125 0.23671875 0.0609375 0.0328125
0 0.7828125 0.51328125 0.06640625 0.03828125
0 0.546875 0.43671875 0.0625 0.0234375
0 0.73828125 0.48671875 0.05390625 0.0375
0 0.0046875 0.5203125 0.00859375 0.02734375
0 0.44375 0.30859375 0.0546875 0.0203125
0 0.06328125 0.3640625 0.04609375 0.028125
0 0.48984375 0.76015625 0.13125 0.04453125
0 0.49453125 0.4140625 0.0578125 0.02109375
0 0.15078125 0.6546875 0.0265625 0.01640625
0 0.1359375 0.6671875 0.0265625 0.015625
0 0.19375 0.57578125 0.0796875 0.01796875
0 0.190625 0.54921875 0.06875 0.0171875
0 0.29375 0.70625 0.03125 0.0109375
0 0.59765625 0.7328125 0.025 0.0125
0 0.58984375 0.63828125 0.0171875 0.01171875
0 0.7484375 0.68671875 0.03125 0.01953125
0 0.2953125 0.7109375 0.0375 0.0109375
0 0.69453125 0.68203125 0.0328125 0.01328125
0 0.54296875 0.47890625 0.02265625 0.0109375
0 0.5453125 0.54140625 0.0265625 0.01171875
0 0.78671875 0.46328125 0.02109375 0.0078125
0 0.65234375 0.2984375 0.0296875 0.0171875
0 0.88515625 0.73046875 0.02265625 0.01328125
0 0.5296875 0.734375 0.05625 0.02265625
0 0.3875 0.7703125 0.17265625 0.0203125
0 0.29453125 0.69609375 0.0265625 0.01328125
0 0.19375 0.58828125 0.0265625 0.01015625
0 0.190625 0.5359375 0.0296875 0.0125
0 0.15625 0.43515625 0.0734375 0.01796875
0 0.29140625 0.21484375 0.0296875 0.00625
0 0.7140625 0.70703125 0.0375 0.01015625
0 0.54921875 0.5484375 0.06640625 0.0234375
0 0.4640625 0.43046875 0.05234375 0.01875
1 0.9796875 0.2375 0.02734375 0.0109375