0 0.86484375 0.23984375 0.09765625 0.05390625
0 0.82109375 0.74765625 0.0875 0.05
0 0.05078125 0.234375 0.08125 0.04921875
0 0.60859375 0.69296875 0.0703125 0.05546875
0 0.92578125 0.6515625 0.08359375 0.0484375
0 0.78828125 0.86484375 0.0859375 0.04921875
0 0.475 0.86484375 0.05234375 0.0296875
0 0.9171875 0.29140625 0.05390625 0.0328125
0 0.51875 0.74609375 0.0578125 0.03203125
0 0.09921875 0.48984375 0.0859375 0.0875
0 0.88359375 0.4609375 0.0578125 0.03671875
0 0.26796875 0.19453125 0.0734375 0.03203125
0 0.88984375 0.34609375 0.0375 0.034375
0 0.96171875 0.41953125 0.05625 0.0328125
0 0.4921875 0.659375 0.0640625 0.03515625
0 0.615625 0.52265625 0.0390625 0.03359375
0 0.5359375 0.6328125 0.0640625 0.028125
0 0.43671875 0.2125 0.0484375 0.025
0 0.83671875 0.45859375 0.03359375 0.03046875
0 0.71875 0.24765625 0.04765625 0.02421875
0 0.0375 0.5078125 0.07265625 0.071875
0 0.65234375 0.4921875 0.03515625 0.03125
0 0.20625 0.31171875 0.02734375 0.0140625
0 0.184375 0.30390625 0.0265625 0.0140625
0 0.34921875 0.33203125 0.02890625 0.04453125
0 0.60546875 0.19140625 0.02890625 0.01171875
0 0.6140625 0.18203125 0.0359375 0.01328125
0 0.6125 0.203125 0.0171875 0.0125
0 0.3953125 0.32890625 0.0265625 0.03828125
0 0.1234375 0.3953125 0.01875 0.0171875
0 0.0921875 0.56640625 0.02109375 0.01328125
0 0.25859375 0.5578125 0.0203125 0.009375
0 0.18203125 0.64921875 0.03359375 0.0171875
0 0.1140625 0.39609375 0.01875 0.0203125
0 0.1859375 0.61875 0.02265625 0.0171875
0 0.540625 0.5234375 0.01875 0.01171875
0 0.42890625 0.528125 0.0203125 0.0140625
0 0.5796875 0.659375 0.0125 0.0109375
0 0.86640625 0.575 0.0296875 0.01640625
0 0.11015625 0.728125 0.02265625 0.01171875
0 0.23515625 0.8328125 0.0171875 0.0140625
0 0.10703125 0.91640625 0.01640625 0.01171875
0 0.6765625 0.8125 0.0328125 0.0109375
0 0.084375 0.52890625 0.0375 0.03046875
0 0.0140625 0.45078125 0.02734375 0.09609375
0 0.1421875 0.3953125 0.02265625 0.0140625
0 0.32734375 0.3328125 0.01640625 0.0140625
0 0.4203125 0.328125 0.02109375 0.01640625
0 0.596875 0.30390625 0.02890625 0.04140625
0 0.99453125 0.36796875 0.0109375 0.0171875
0 0.14296875 0.63125 0.0171875 0.0203125
0 0.41640625 0.53046875 0.0375 0.0359375
0 0.621875 0.4765625 0.03125 0.02890625
1 0.990625 0.75546875 0.01875 0.01484375