0 0.771875 0.94296875 0.0375 0.02890625
0 0.4671875 0.8359375 0.01484375 0.0109375
0 0.0859375 0.59140625 0.01640625 0.01875
0 0.87109375 0.58359375 0.1078125 0.0984375
0 0.653125 0.4328125 0.0890625 0.0765625
1 0.2515625 0.47890625 0.26015625 0.1796875
0 0.70703125 0.3375 0.07109375 0.065625
0 0.7453125 0.60234375 0.09140625 0.05703125
1 0.0796875 0.4140625 0.15859375 0.1921875
0 0.5171875 0.5625 0.05 0.04140625
0 0.69375 0.64921875 0.05390625 0.07578125
0 0.53671875 0.61796875 0.04375 0.0359375
0 0.3609375 0.5359375 0.0375 0.0390625
0 0.496875 0.4984375 0.0828125 0.0765625
0 0.3703125 0.59375 0.0609375 0.0390625
0 0.5828125 0.16015625 0.05 0.0328125
1 0.06953125 0.55546875 0.1390625 0.1765625
0 0.1296875 0.52265625 0.0328125 0.04609375
0 0.7265625 0.959375 0.0484375 0.03359375
0 0.90625 0.88515625 0.07890625 0.07421875
0 0.0265625 0.48203125 0.05234375 0.0640625
0 0.19453125 0.765625 0.0171875 0.009375
0 0.23828125 0.77734375 0.0125 0.00625
0 0.221875 0.5078125 0.025 0.0140625
0 0.00390625 0.53046875 0.0078125 0.01328125
0 0.6390625 0.2625 0.04375 0.028125
0 0.72578125 0.21640625 0.01640625 0.01484375
0 0.6359375 0.4546875 0.01640625 0.01015625
0 0.665625 0.6703125 0.01875 0.021875
0 0.61875 0.76953125 0.02109375 0.02421875
0 0.8796875 0.5390625 0.02890625 0.01484375