0 0.50546875 0.25625 0.0234375 0.01953125
0 0.5609375 0.26171875 0.0140625 0.0109375
0 0.57421875 0.284375 0.0140625 0.01015625
0 0.69453125 0.25078125 0.03359375 0.0234375
0 0.7609375 0.1671875 0.0359375 0.02421875
0 0.79296875 0.1109375 0.03359375 0.0234375
0 0.72734375 0.1953125 0.0328125 0.021875
0 0.7265625 0.221875 0.0328125 0.02421875
0 0.50546875 0.5734375 0.0109375 0.01015625
0 0.8640625 0.5765625 0.01484375 0.015625
0 0.8578125 0.39296875 0.02890625 0.01875
0 0.9796875 0.59765625 0.0234375 0.028125
0 0.7421875 0.5078125 0.02734375 0.021875
0 0.81875 0.5578125 0.0125 0.0140625
0 0.8515625 0.4328125 0.0140625 0.015625
0 0.90703125 0.671875 0.01640625 0.01015625
1 0.23125 0.6140625 0.28359375 0.16484375
0 0.93671875 0.55546875 0.06640625 0.05546875
0 0.578125 0.5 0.05859375 0.06484375
0 0.8515625 0.64296875 0.06015625 0.075
0 0.4546875 0.66640625 0.07265625 0.0484375
0 0.7 0.28984375 0.0375 0.02734375
0 0.5640625 0.61171875 0.0359375 0.03203125
0 0.2921875 0.528125 0.08515625 0.1
1 0.13125 0.81328125 0.08515625 0.078125
0 0.13125 0.81328125 0.08515625 0.078125
0 0.75625 0.14140625 0.03515625 0.01953125
0 0.52109375 0.2546875 0.00859375 0.0140625
0 0.5078125 0.2765625 0.01640625 0.0109375
0 0.56796875 0.296875 0.01015625 0.0078125
0 0.56875 0.290625 0.0109375 0.00546875
0 0.5578125 0.28984375 0.0109375 0.0078125
0 0.5578125 0.296875 0.01015625 0.00625
0 0.4734375 0.3125 0.0078125 0.0109375
0 0.42109375 0.321875 0.01015625 0.00859375
0 0.4203125 0.33046875 0.0140625 0.00625
0 0.4515625 0.3515625 0.01484375 0.009375
0 0.5984375 0.5109375 0.01484375 0.01484375
0 0.58828125 0.53828125 0.0234375 0.0109375
0 0.6390625 0.55546875 0.0140625 0.0078125
0 0.4703125 0.6140625 0.03359375 0.0203125
0 0.48828125 0.63046875 0.0109375 0.0109375
0 0.46796875 0.63359375 0.02890625 0.0125
0 0.3390625 0.59453125 0.0796875 0.06640625
0 0.2421875 0.52421875 0.0171875 0.01484375
0 0.17578125 0.578125 0.02890625 0.0171875
1 0.31640625 0.73203125 0.15859375 0.084375
1 0.31484375 0.68203125 0.3921875 0.23125
1 0.6421875 0.52109375 0.16015625 0.1109375
1 0.625 0.52265625 0.2125 0.14921875
0 0.54921875 0.45859375 0.2765625 0.30859375
0 0.99453125 0.60703125 0.0109375 0.028125