0 0.82421875 0.4875 0.02734375 0.01875
0 0.821875 0.52890625 0.01640625 0.0109375
0 0.7921875 0.540625 0.01484375 0.0109375
0 0.8453125 0.628125 0.03359375 0.02734375
0 0.9609375 0.671875 0.03515625 0.02890625
0 0.92109375 0.64921875 0.03125 0.0265625
0 0.8859375 0.65 0.03515625 0.0265625
0 0.403125 0.509375 0.01484375 0.009375
0 0.4234375 0.77734375 0.02265625 0.0125
0 0.6671875 0.76015625 0.02734375 0.02265625
0 0.403125 0.865625 0.0390625 0.01953125
0 0.50703125 0.68203125 0.0296875 0.02265625
0 0.4453125 0.7421875 0.0203125 0.01015625
0 0.6140625 0.75859375 0.02265625 0.0109375
0 0.3 0.81640625 0.01484375 0.01328125
1 0.3296875 0.30703125 0.2390625 0.22421875
0 0.45703125 0.83046875 0.07890625 0.053125
0 0.50546875 0.55859375 0.08984375 0.0484375
0 0.334375 0.77265625 0.10390625 0.05
0 0.27578125 0.478125 0.0703125 0.05703125
0 0.79296875 0.63515625 0.0390625 0.0296875
0 0.35546875 0.55546875 0.0453125 0.02890625
0 0.4484375 0.346875 0.1390625 0.0703125
1 0.0578125 0.24609375 0.11015625 0.06953125
0 0.0578125 0.24609375 0.11015625 0.06953125
0 0.990625 0.6671875 0.01875 0.02734375
0 0.828125 0.4984375 0.01875 0.0078125
0 0.79765625 0.48984375 0.01640625 0.0125
0 0.775 0.53671875 0.0109375 0.00859375
0 0.78359375 0.53671875 0.00859375 0.00859375
0 0.7828125 0.52890625 0.0109375 0.009375
0 0.7734375 0.52890625 0.01015625 0.0078125
0 0.74765625 0.4671875 0.01484375 0.00625
0 0.73125 0.42890625 0.0125 0.00859375
0 0.71953125 0.42890625 0.01015625 0.01015625
0 0.69453125 0.453125 0.0140625 0.0125
0 0.4921875 0.57421875 0.02109375 0.0125
0 0.4546875 0.56875 0.01640625 0.01875
0 0.4359375 0.6078125 0.0109375 0.0109375
0 0.34609375 0.4859375 0.0296875 0.0265625
0 0.325 0.50078125 0.01640625 0.009375
0 0.3203125 0.48515625 0.01875 0.02265625
0 0.3640625 0.38671875 0.09375 0.06484375
0 0.44921875 0.30859375 0.02109375 0.0140625
0 0.3734375 0.2625 0.025 0.02265625
1 0.17890625 0.37890625 0.1234375 0.125
1 0.24453125 0.37421875 0.33515625 0.309375
1 0.48203125 0.60859375 0.15859375 0.12734375
1 0.478125 0.5953125 0.2125 0.16953125
0 0.55859375 0.534375 0.4296875 0.228125
0 0.3921875 0.87734375 0.0390625 0.01015625