0 0.0578125 0.55390625 0.0375 0.01796875
0 0.0390625 0.47265625 0.0375 0.01875
0 0.059375 0.3046875 0.01640625 0.0078125
0 0.5984375 0.60078125 0.03515625 0.0203125
0 0.29609375 0.62890625 0.0265625 0.0109375
0 0.3609375 0.62734375 0.025 0.0109375
0 0.67265625 0.61484375 0.0171875 0.0078125
0 0.8078125 0.5734375 0.0171875 0.00859375
0 0.71484375 0.484375 0.03515625 0.02109375
0 0.7703125 0.41015625 0.01640625 0.0078125
0 0.7265625 0.5390625 0.01640625 0.0078125
0 0.1625 0.465625 0.0125 0.00625
0 0.5390625 0.3578125 0.0140625 0.00625
0 0.23984375 0.32265625 0.0265625 0.01015625
0 0.78515625 0.30234375 0.0171875 0.00859375
0 0.58203125 0.38828125 0.01640625 0.00703125
0 0.3515625 0.303125 0.01484375 0.00625
0 0.47421875 0.37890625 0.0140625 0.00625
0 0.20546875 0.38203125 0.01484375 0.00703125
0 0.64453125 0.26484375 0.0171875 0.00625
0 0.42734375 0.28359375 0.01484375 0.00625
0 0.91171875 0.5125 0.0390625 0.01875
0 0.8703125 0.45234375 0.0109375 0.00625
0 0.915625 0.365625 0.03984375 0.01875
0 0.84296875 0.2640625 0.0109375 0.00625
1 0.29296875 0.50625 0.15625 0.06953125
0 0.865625 0.3140625 0.04375 0.02109375
0 0.6828125 0.346875 0.0390625 0.01953125
1 0.38359375 0.4953125 0.1765625 0.0921875
1 0.45859375 0.44140625 0.1671875 0.05234375
1 0.49765625 0.5359375 0.11015625 0.08671875
1 0.1765625 0.2953125 0.2515625 0.028125
1 0.3671875 0.30234375 0.25390625 0.0265625
0 0.41796875 0.28515625 0.0078125 0.00625
1 0.55234375 0.2734375 0.27109375 0.02890625
0 0.50078125 0.30078125 0.00859375 0.00625
0 0.49375 0.30234375 0.01484375 0.00859375
0 0.48671875 0.3015625 0.01015625 0.0046875
0 0.3015625 0.375 0.0109375 0.00625
0 0.24140625 0.39609375 0.01640625 0.00546875
0 0.02734375 0.4265625 0.0375 0.0171875
0 0.0140625 0.36015625 0.0125 0.0109375