0 0.9375 0.4390625 0.0390625 0.01796875
0 0.96328125 0.51953125 0.0375 0.01875
0 0.9546875 0.6875 0.0171875 0.0078125
0 0.39453125 0.40078125 0.0359375 0.02109375
0 0.69375 0.36796875 0.0265625 0.0109375
0 0.6296875 0.3703125 0.0265625 0.0109375
0 0.31953125 0.3875 0.01875 0.0078125
0 0.1859375 0.43203125 0.0171875 0.00859375
0 0.2859375 0.51953125 0.0359375 0.02109375
0 0.23671875 0.59375 0.0171875 0.0078125
0 0.2703125 0.46484375 0.01640625 0.00859375
0 0.83984375 0.528125 0.0125 0.00625
0 0.471875 0.64296875 0.01484375 0.00703125
0 0.7734375 0.67265625 0.0265625 0.0109375
0 0.2296875 0.7015625 0.0171875 0.00859375
0 0.4265625 0.6125 0.0171875 0.00703125
0 0.66328125 0.69453125 0.01640625 0.00703125
0 0.534375 0.6203125 0.01484375 0.00703125
0 0.80234375 0.6125 0.01640625 0.0078125
0 0.3734375 0.7375 0.0171875 0.00625
0 0.58828125 0.71484375 0.01484375 0.00625
0 0.0875 0.49453125 0.0390625 0.01875
0 0.1328125 0.55390625 0.0109375 0.00625
0 0.09453125 0.640625 0.03984375 0.01875
0 0.175 0.74140625 0.0125 0.00625
1 0.70625 0.490625 0.16015625 0.071875
0 0.1484375 0.69140625 0.0453125 0.02109375
0 0.32890625 0.65546875 0.03984375 0.0203125
1 0.61640625 0.50234375 0.18125 0.09453125
1 0.5453125 0.5578125 0.1703125 0.05546875
1 0.5 0.4640625 0.11484375 0.0875
1 0.83828125 0.69921875 0.25 0.03203125
1 0.64765625 0.69453125 0.25390625 0.03046875
0 0.59765625 0.71328125 0.0078125 0.00625
1 0.4640625 0.72734375 0.2703125 0.0328125
0 0.5140625 0.69921875 0.00859375 0.00625
0 0.5203125 0.696875 0.01484375 0.009375
0 0.528125 0.69765625 0.01015625 0.0046875
0 0.7078125 0.621875 0.0109375 0.00625
0 0.76640625 0.59921875 0.01640625 0.00546875
0 0.97734375 0.565625 0.0390625 0.0171875
0 0.99453125 0.63125 0.0109375 0.0109375