0 0.42265625 0.80859375 0.01875 0.0203125
0 0.9921875 0.5671875 0.01484375 0.03828125
1 0.64765625 0.67890625 0.24609375 0.16796875
1 0.2 0.60859375 0.25625 0.1671875
0 0.13125 0.94453125 0.075 0.05
0 0.6890625 0.2234375 0.0703125 0.03828125
0 0.34765625 0.59921875 0.08359375 0.04375
1 0.7921875 0.346875 0.0875 0.040625
0 0.32890625 0.403125 0.04609375 0.0265625
0 0.2015625 0.9421875 0.07890625 0.05
0 0.91171875 0.57109375 0.0609375 0.02734375
0 0.97265625 0.38359375 0.04140625 0.06171875
0 0.4265625 0.60078125 0.08125 0.03125
0 0.02109375 0.51171875 0.0421875 0.0296875
0 0.7984375 0.465625 0.08359375 0.03203125
1 0.52890625 0.296875 0.2296875 0.15390625
1 0.3453125 0.26875 0.22265625 0.1546875
0 0.525 0.303125 0.1 0.07890625
1 0.6328125 0.2078125 0.0859375 0.0328125
0 0.93671875 0.40078125 0.02890625 0.01328125
0 0.9296875 0.375 0.0625 0.03828125
0 0.96328125 0.459375 0.0296875 0.0109375
0 0.9328125 0.46171875 0.03125 0.009375
0 0.88203125 0.50703125 0.0328125 0.0109375
0 0.64296875 0.50078125 0.02890625 0.03671875
0 0.61484375 0.753125 0.0203125 0.0078125
0 0.3640625 0.85390625 0.01484375 0.01953125
0 0.3765625 0.865625 0.01484375 0.021875
0 0.60078125 0.8984375 0.01875 0.0078125
0 0.1453125 0.78125 0.01875 0.0125
0 0.14765625 0.78515625 0.0171875 0.0109375
0 0.30390625 0.58359375 0.0171875 0.015625
0 0.18359375 0.53984375 0.02109375 0.01328125
0 0.0140625 0.5609375 0.02265625 0.04609375
0 0.06796875 0.5734375 0.06875 0.065625
0 0.4703125 0.6046875 0.02109375 0.01875
0 0.48046875 0.5953125 0.025 0.01015625
0 0.56953125 0.6171875 0.01015625 0.00859375
0 0.71640625 0.58515625 0.01875 0.00625
0 0.7171875 0.41171875 0.0828125 0.03125
1 0.72109375 0.4359375 0.09375 0.040625
1 0.8046875 0.49140625 0.0984375 0.0421875