0 0.5484375 0.18828125 0.02109375 0.021875
0 0.0046875 0.45859375 0.009375 0.0390625
1 0.3359375 0.32890625 0.25859375 0.178125
1 0.7890625 0.37578125 0.26875 0.178125
0 0.8265625 0.03671875 0.07890625 0.05234375
0 0.3375 0.7859375 0.0734375 0.04140625
0 0.6421875 0.39296875 0.0859375 0.04765625
1 0.22265625 0.66796875 0.09140625 0.04375
0 0.6796875 0.5875 0.04765625 0.02890625
0 0.75625 0.04296875 0.0828125 0.053125
0 0.0828125 0.45078125 0.0625 0.0296875
0 0.03984375 0.640625 0.04765625 0.0625
0 0.5640625 0.3953125 0.0828125 0.034375
0 0.9765625 0.46328125 0.04609375 0.03203125
0 0.20546875 0.55078125 0.0859375 0.03671875
1 0.48984375 0.70390625 0.24140625 0.1640625
1 0.6765625 0.72265625 0.23515625 0.16484375
0 0.49375 0.69765625 0.10625 0.08359375
1 0.3953125 0.79921875 0.0890625 0.03671875
0 0.0734375 0.62265625 0.02890625 0.0140625
0 0.0828125 0.646875 0.06484375 0.04140625
0 0.0421875 0.5640625 0.0296875 0.0125
0 0.071875 0.5609375 0.0328125 0.01015625
0 0.11875 0.5125 0.0328125 0.0125
0 0.3578125 0.50625 0.03125 0.0375
0 0.3609375 0.253125 0.02109375 0.00859375
0 0.60234375 0.13984375 0.0171875 0.01953125
0 0.5890625 0.1296875 0.01640625 0.021875
0 0.3625 0.10703125 0.0203125 0.00859375
0 0.82734375 0.20078125 0.0203125 0.01328125
0 0.82421875 0.196875 0.0171875 0.0125
0 0.68828125 0.40625 0.01875 0.0171875
0 0.81171875 0.44375 0.02265625 0.0140625
0 0.9796875 0.4140625 0.02734375 0.046875
0 0.9234375 0.4046875 0.0734375 0.06875
0 0.5203125 0.39375 0.02265625 0.01953125
0 0.5109375 0.40390625 0.025 0.0125
0 0.4203125 0.38671875 0.01015625 0.009375
0 0.2765625 0.42578125 0.0203125 0.0078125
0 0.29140625 0.59921875 0.08359375 0.0359375
1 0.28515625 0.57578125 0.09765625 0.0453125
1 0.196875 0.52421875 0.1015625 0.046875