0 0.0109375 0.26875 0.02109375 0.0234375
0 0.4890625 0.24921875 0.02109375 0.0171875
0 0.93828125 0.04140625 0.02890625 0.01796875
0 0.8734375 0.0296875 0.025 0.02265625
0 0.82265625 0.2234375 0.01484375 0.0234375
0 0.6328125 0.6 0.025 0.01796875
0 0.58125 0.49375 0.025 0.01484375
0 0.44453125 0.38203125 0.0265625 0.01796875
0 0.490625 0.45078125 0.0234375 0.02265625
0 0.775 0.346875 0.02734375 0.0234375
0 0.84609375 0.43828125 0.02734375 0.01328125
0 0.1046875 0.8578125 0.04140625 0.015625
0 0.61796875 0.83046875 0.02890625 0.01328125
0 0.37890625 0.8609375 0.0171875 0.0125
0 0.45390625 0.9265625 0.01484375 0.01015625
0 0.88984375 0.56484375 0.0796875 0.08046875
0 0.415625 0.4484375 0.10390625 0.090625
0 0.0609375 0.709375 0.121875 0.071875
0 0.7328125 0.54375 0.08515625 0.05546875
0 0.68125 0.346875 0.075 0.0875
0 0.8046875 0.0578125 0.06640625 0.05625
1 0.5703125 0.5328125 0.25390625 0.1265625
0 0.0234375 0.48828125 0.04609375 0.075
1 0.91875 0.44296875 0.1625 0.17265625
0 0.3296875 0.42890625 0.0953125 0.1
0 0.54609375 0.9125 0.05 0.040625
0 0.6171875 0.05234375 0.0546875 0.0296875
0 0.5421875 0.7859375 0.04375 0.034375
0 0.4953125 0.70859375 0.0453125 0.0375
0 0.76953125 0.21640625 0.04375 0.025
0 0.23046875 0.59921875 0.06640625 0.025
0 0.71796875 0.12109375 0.04140625 0.02421875
0 0.2625 0.4484375 0.04765625 0.034375
0 0.42890625 0.3 0.07265625 0.07578125
0 0.328125 0.91484375 0.04609375 0.04296875
0 0.72734375 0.346875 0.02109375 0.04375
0 0.20859375 0.06953125 0.04140625 0.05
0 0.0078125 0.6703125 0.015625 0.03125
0 0.45859375 0.753125 0.0140625 0.0078125
0 0.45859375 0.7625 0.0140625 0.0078125
0 0.4578125 0.77109375 0.01484375 0.0078125
0 0.45625 0.77890625 0.0125 0.0078125
0 0.60546875 0.90703125 0.0265625 0.015625
0 0.2484375 0.9515625 0.03515625 0.01484375
0 0.55859375 0.66015625 0.03515625 0.01953125
1 0.5671875 0.64921875 0.2546875 0.1375
1 0.67734375 0.45390625 0.36484375 0.21875
0 0.76015625 0.02890625 0.0390625 0.0234375
0 0.98359375 0.03125 0.0328125 0.02265625