0 0.253125 0.8921875 0.03359375 0.01875
0 0.16953125 0.53828125 0.025 0.01796875
0 0.0953125 0.29375 0.0328125 0.0140625
0 0.6171875 0.3890625 0.0265625 0.0203125
0 0.48203125 0.440625 0.02265625 0.0203125
0 0.35078125 0.55546875 0.0265625 0.021875
0 0.4359375 0.51328125 0.0328125 0.0203125
0 0.2640625 0.3140625 0.03359375 0.0234375
0 0.3765625 0.25 0.02109375 0.02265625
0 0.9234375 0.371875 0.02109375 0.0234375
0 0.99140625 0.54609375 0.0171875 0.0140625
0 0.5390625 0.20234375 0.11640625 0.06953125
0 0.4421875 0.56875 0.1328125 0.08828125
0 0.8296875 0.80078125 0.11015625 0.1
0 0.5296875 0.32109375 0.08359375 0.0703125
0 0.275 0.38359375 0.125 0.06640625
1 0.53515625 0.44296875 0.1984375 0.2046875
0 0.5421875 0.85625 0.1046875 0.04296875
1 0.3734375 0.1953125 0.24765625 0.14140625
0 0.4265625 0.63515625 0.14375 0.0828125
0 0.8734375 0.43359375 0.0515625 0.03671875
0 0.7765625 0.478125 0.0546875 0.03828125
0 0.09140625 0.334375 0.0390625 0.0359375
0 0.6640625 0.68828125 0.04140625 0.05234375
0 0.4609375 0.68359375 0.0515625 0.0390625
0 0.24453125 0.57734375 0.10859375 0.0625
0 0.26953125 0.34921875 0.0609375 0.021875
0 0.78515625 0.8453125 0.0421875 0.015625
0 0.83984375 0.5 0.0109375 0.0109375
0 0.85234375 0.4984375 0.0109375 0.0109375
0 0.8640625 0.4984375 0.0109375 0.0125
0 0.87421875 0.4984375 0.0109375 0.01015625
0 0.7046875 0.43671875 0.0296875 0.028125
1 0.6890625 0.43125 0.2140625 0.20625
1 0.4171875 0.3734375 0.33359375 0.29765625