0 0.646875 0.74296875 0.0234375 0.02890625
0 0.5203125 0.7515625 0.01875 0.02421875
0 0.37578125 0.84140625 0.01484375 0.0515625
0 0.5765625 0.87265625 0.0296875 0.01015625
0 0.64375 0.4546875 0.02890625 0.02734375
0 0.4296875 0.62265625 0.025 0.01875
0 0.70546875 0.39921875 0.01484375 0.009375
0 0.43046875 0.42890625 0.0203125 0.021875
0 0.7109375 0.2296875 0.0234375 0.02890625
0 0.71015625 0.14140625 0.0265625 0.0203125
0 0.4 0.16328125 0.02890625 0.02734375
0 0.74765625 0.80546875 0.02890625 0.02734375
0 0.79375 0.39375 0.0140625 0.0109375
0 0.57734375 0.25703125 0.06875 0.059375
1 0.55 0.4265625 0.0953125 0.07421875
1 0.8078125 0.61171875 0.07109375 0.0546875
0 0.4609375 0.19765625 0.04375 0.06640625
0 0.51484375 0.28125 0.05859375 0.04609375
0 0.75859375 0.640625 0.04140625 0.0546875
0 0.4578125 0.81015625 0.0328125 0.04765625
0 0.61171875 0.79296875 0.04765625 0.053125
1 0.4265625 0.45625 0.0875 0.08125
1 0.60546875 0.353125 0.0984375 0.075
0 0.57734375 0.5734375 0.07734375 0.0390625
0 0.5796875 0.76953125 0.04765625 0.05234375
0 0.66953125 0.20546875 0.03984375 0.0546875
0 0.38046875 0.39140625 0.0453125 0.04296875
1 0.621875 0.34453125 0.0484375 0.084375
0 0.62265625 0.85625 0.04375 0.04375
0 0.3921875 0.54453125 0.06875 0.109375
1 0.4546875 0.86171875 0.04140625 0.025
0 0.6203125 0.5859375 0.09765625 0.0390625
0 0.64921875 0.85078125 0.0125 0.04375
0 0.66484375 0.8390625 0.0171875 0.04609375
0 0.64921875 0.87265625 0.0109375 0.0078125
0 0.665625 0.73359375 0.0140625 0.015625
0 0.690625 0.79609375 0.0328125 0.03125
0 0.7390625 0.7734375 0.0328125 0.02890625
0 0.79609375 0.75234375 0.03515625 0.03125
0 0.8625 0.78203125 0.0375 0.0265625
0 0.825 0.69140625 0.00234375 0.00625
0 0.68359375 0.528125 0.0984375 0.0546875
0 0.690625 0.50546875 0.13125 0.0484375
0 0.70546875 0.46328125 0.09140625 0.034375
1 0.6578125 0.4375 0.16640625 0.1296875
1 0.65703125 0.35390625 0.04140625 0.028125
1 0.6578125 0.33359375 0.04609375 0.0234375
0 0.5375 0.4421875 0.02734375 0.01796875
0 0.51796875 0.36953125 0.03984375 0.0484375
0 0.51953125 0.3625 0.0421875 0.0390625
0 0.52578125 0.3578125 0.0515625 0.0359375
0 0.5359375 0.35625 0.0625 0.0328125
0 0.434375 0.47734375 0.02890625 0.021875
0 0.45 0.6484375 0.0203125 0.0203125
0 0.4609375 0.6109375 0.00625 0.01796875
0 0.4734375 0.6078125 0.0171875 0.025
0 0.40390625 0.703125 0.0078125 0.01015625
0 0.396875 0.70078125 0.0046875 0.009375
0 0.5078125 0.6671875 0.0125 0.0140625
0 0.5171875 0.6671875 0.01875 0.0328125
0 0.53125 0.659375 0.0078125 0.01328125
0 0.6109375 0.66171875 0.0078125 0.01328125
0 0.603125 0.6484375 0.0140625 0.0140625
0 0.59140625 0.64921875 0.01015625 0.01328125
0 0.6 0.66328125 0.01484375 0.0171875
0 0.578125 0.56953125 0.02109375 0.0171875
0 0.834375 0.3015625 0.02109375 0.01796875
0 0.3765625 0.25859375 0.0125 0.01796875
0 0.384375 0.16484375 0.0125 0.0203125
0 0.353125 0.8046875 0.0125 0.046875