0 0.18125 0.61875 0.0375 0.0171875
0 0.16484375 0.52421875 0.0328125 0.01328125
0 0.040625 0.41875 0.06875 0.009375
0 0.00625 0.57109375 0.0125 0.02265625
0 0.56484375 0.60625 0.03515625 0.0203125
0 0.334375 0.4515625 0.0234375 0.01796875
0 0.64140625 0.65078125 0.0125 0.0109375
0 0.5921875 0.4453125 0.02734375 0.0140625
0 0.8671875 0.6484375 0.0375 0.0171875
0 0.9859375 0.64453125 0.0265625 0.01875
0 0.9453125 0.41328125 0.03515625 0.0203125
0 0.1015625 0.69609375 0.03515625 0.0203125
0 0.6515625 0.71640625 0.01484375 0.01015625
0 0.8265625 0.55 0.0765625 0.05
1 0.6 0.534375 0.0953125 0.06875
1 0.3609375 0.734375 0.0703125 0.0515625
0 0.9015625 0.4609375 0.0875 0.03125
0 0.7921875 0.50390625 0.05859375 0.0421875
0 0.321875 0.6984375 0.07109375 0.02890625
0 0.08515625 0.47890625 0.0625 0.02265625
0 0.1140625 0.59453125 0.0703125 0.03359375
1 0.55546875 0.44375 0.10625 0.0625
1 0.7 0.57421875 0.09609375 0.07109375
0 0.4046875 0.56015625 0.05 0.05703125
0 0.14296875 0.56875 0.06875 0.03359375
0 0.8984375 0.61640625 0.07109375 0.028125
0 0.640625 0.40703125 0.05625 0.03203125
1 0.71171875 0.5859375 0.1109375 0.03359375
0 0.02890625 0.60390625 0.0578125 0.03125
0 0.43671875 0.4203125 0.14375 0.04765625
1 0.01640625 0.47890625 0.0328125 0.0296875
0 0.3890625 0.59296875 0.0484375 0.071875
0 0.03828125 0.62421875 0.05859375 0.0078125
0 0.0546875 0.63515625 0.0609375 0.0109375
0 0.0078125 0.625 0.01015625 0.00859375
0 0.19453125 0.63203125 0.02109375 0.009375
0 0.11171875 0.653125 0.03984375 0.0234375
0 0.14453125 0.6890625 0.0375 0.0234375
0 0.175 0.73046875 0.03984375 0.025
0 0.13671875 0.78125 0.03359375 0.02734375
0 0.25546875 0.75 0.00859375 0.0015625
0 0.46875 0.6390625 0.06875 0.071875
0 0.5 0.64296875 0.06015625 0.096875
0 0.55546875 0.653125 0.04375 0.0671875
1 0.5890625 0.61640625 0.1671875 0.1203125
1 0.7 0.6125 0.0359375 0.0296875
1 0.72734375 0.6125 0.0296875 0.03359375
0 0.578125 0.5265625 0.02265625 0.01953125
0 0.675 0.50859375 0.0640625 0.028125
0 0.684375 0.51015625 0.0515625 0.03125
0 0.68984375 0.5140625 0.04609375 0.0375
0 0.6921875 0.521875 0.04140625 0.04609375
0 0.52734375 0.45 0.02734375 0.0203125
0 0.30078125 0.46796875 0.0265625 0.0140625
0 0.35078125 0.47421875 0.0234375 0.00390625
0 0.35546875 0.48359375 0.03359375 0.0125
0 0.22578125 0.43515625 0.0140625 0.00546875
0 0.22890625 0.4296875 0.0125 0.00390625
0 0.27734375 0.51171875 0.01875 0.00859375
0 0.27734375 0.51875 0.04375 0.01328125
0 0.2890625 0.52890625 0.0171875 0.00546875
0 0.28828125 0.5890625 0.0171875 0.00546875
0 0.30546875 0.5828125 0.01875 0.009375
0 0.3046875 0.5734375 0.0171875 0.0078125
0 0.2859375 0.58046875 0.02265625 0.01015625
0 0.41015625 0.5609375 0.02109375 0.01484375
0 0.77578125 0.74375 0.02265625 0.01484375
0 0.8171875 0.3984375 0.0234375 0.00859375
0 0.94296875 0.4015625 0.02734375 0.00859375
0 0.08828125 0.40078125 0.0625 0.0078125