0 0.7015625 0.7203125 0.02734375 0.0296875
0 0.578125 0.7453125 0.02109375 0.0265625
0 0.45703125 0.85234375 0.02265625 0.05234375
0 0.66171875 0.85625 0.03125 0.0125
0 0.63125 0.43671875 0.0328125 0.02890625
0 0.45859375 0.6296875 0.0265625 0.01953125
0 0.67890625 0.37421875 0.01640625 0.0109375
0 0.415625 0.4390625 0.02265625 0.02265625
0 0.6453125 0.20703125 0.02734375 0.0296875
0 0.6234375 0.11953125 0.02890625 0.02265625
0 0.3234375 0.18203125 0.0328125 0.02890625
0 0.81484375 0.76875 0.0328125 0.02890625
0 0.76484375 0.3578125 0.01640625 0.0125
0 0.5203125 0.25 0.0765625 0.0640625
1 0.53203125 0.42109375 0.10390625 0.0796875
1 0.82890625 0.5703125 0.07734375 0.059375
0 0.3921875 0.2078125 0.05234375 0.06953125
0 0.4640625 0.2828125 0.0640625 0.05
0 0.7875 0.6046875 0.0484375 0.05703125
0 0.5296875 0.8109375 0.0390625 0.05
0 0.678125 0.7734375 0.05390625 0.05625
1 0.41796875 0.46640625 0.09765625 0.0875
1 0.5703125 0.34140625 0.1078125 0.08125
0 0.59296875 0.5625 0.0828125 0.0453125
0 0.640625 0.75546875 0.05390625 0.05546875
0 0.5984375 0.18828125 0.04765625 0.05703125
0 0.3578125 0.40859375 0.05 0.04609375
1 0.58359375 0.33046875 0.06015625 0.0875
0 0.703125 0.83515625 0.0484375 0.046875
0 0.40390625 0.5578125 0.08359375 0.11328125
1 0.5390625 0.8625 0.04375 0.028125
0 0.6390625 0.56953125 0.10234375 0.04609375
0 0.728125 0.82578125 0.0171875 0.0453125
0 0.740625 0.81171875 0.0234375 0.046875
0 0.73359375 0.84765625 0.0125 0.00859375
0 0.7171875 0.70859375 0.01484375 0.0171875
0 0.75625 0.76640625 0.0359375 0.0328125
0 0.7984375 0.7375 0.0359375 0.03125
0 0.85 0.709375 0.0390625 0.0328125
0 0.92265625 0.73046875 0.03984375 0.02890625
0 0.8640625 0.646875 0.00390625 0.00625
0 0.6875 0.50390625 0.1046875 0.0609375
0 0.6890625 0.48046875 0.1359375 0.0578125
0 0.69375 0.4375 0.0953125 0.0421875
1 0.64140625 0.4171875 0.18125 0.14140625
1 0.6203125 0.3359375 0.0453125 0.03125
1 0.6171875 0.315625 0.0484375 0.02734375
0 0.5234375 0.43828125 0.02890625 0.01953125
0 0.4875 0.36875 0.04609375 0.0515625
0 0.4875 0.36171875 0.04765625 0.0421875
0 0.4921875 0.35703125 0.05625 0.0390625
0 0.50234375 0.35390625 0.06640625 0.03671875
0 0.4296875 0.48671875 0.03125 0.0234375
0 0.48515625 0.65234375 0.02265625 0.021875
0 0.48671875 0.6140625 0.00859375 0.01796875
0 0.4984375 0.609375 0.02109375 0.02734375
0 0.4515625 0.7125 0.00859375 0.0109375
0 0.4453125 0.71171875 0.00625 0.009375
0 0.54609375 0.66328125 0.0140625 0.01484375
0 0.55546875 0.6625 0.0234375 0.034375
0 0.5671875 0.653125 0.01015625 0.0140625
0 0.646875 0.64453125 0.01015625 0.0140625
0 0.6359375 0.6328125 0.01484375 0.01484375
0 0.62421875 0.63515625 0.0125 0.0140625
0 0.6359375 0.6484375 0.01640625 0.01796875
0 0.59296875 0.55859375 0.02265625 0.01796875
0 0.78359375 0.26171875 0.02265625 0.01875
0 0.321875 0.278125 0.01484375 0.01875
0 0.3078125 0.184375 0.01484375 0.021875
0 0.4265625 0.81953125 0.01875 0.04765625