0 0.16484375 0.18125 0.0203125 0.01796875
0 0.184375 0.1390625 0.03359375 0.015625
0 0.31796875 0.16875 0.0265625 0.0109375
0 0.31484375 0.08203125 0.0171875 0.0140625
0 0.26640625 0.12734375 0.02265625 0.0109375
0 0.51015625 0.09609375 0.04765625 0.01796875
0 0.5015625 0.290625 0.0234375 0.0359375
0 0.98828125 0.246875 0.02109375 0.0171875
0 0.9 0.19609375 0.01484375 0.01015625
0 0.9140625 0.10390625 0.04765625 0.015625
0 0.8140625 0.13515625 0.03515625 0.01953125
0 0.009375 0.3375 0.01875 0.02734375
0 0.240625 0.54609375 0.01640625 0.01015625
0 0.48046875 0.56953125 0.03359375 0.01875
0 0.3671875 0.4640625 0.0265625 0.0140625
0 0.86328125 0.54140625 0.02109375 0.01796875
0 0.69765625 0.3515625 0.0171875 0.0171875
0 0.82109375 0.3671875 0.0203125 0.0171875
0 0.8046875 0.60703125 0.0171875 0.01484375
0 0.6921875 0.60234375 0.0234375 0.0140625
0 0.95390625 0.45390625 0.01484375 0.0109375
0 0.9140625 0.55546875 0.0171875 0.0125
0 0.78203125 0.51484375 0.01640625 0.01796875
0 0.771875 0.5046875 0.0140625 0.0125
0 0.00703125 0.70703125 0.0140625 0.01484375
0 0.275 0.76953125 0.03515625 0.01953125
0 0.26953125 0.41484375 0.15390625 0.1234375
1 0.7984375 0.73515625 0.2390625 0.1875
1 0.721875 0.5546875 0.2234375 0.16796875
0 0.0515625 0.5296875 0.10234375 0.06875
0 0.70390625 0.16796875 0.0375 0.025
0 0.05234375 0.2703125 0.0296875 0.034375
0 0.80234375 0.28984375 0.02734375 0.04140625
0 0.76328125 0.2671875 0.0265625 0.04140625
0 0.8859375 0.7953125 0.0125 0.01484375
0 0.59609375 0.44453125 0.01875 0.01015625
0 0.303125 0.4078125 0.02109375 0.009375
0 0.2703125 0.38828125 0.02109375 0.0125
0 0.1171875 0.33203125 0.03515625 0.01875
0 0.0921875 0.0734375 0.0078125 0.00625
0 0.009375 0.10703125 0.01875 0.0125
0 0.946875 0.20859375 0.01015625 0.00625
0 0.5390625 0.83984375 0.01484375 0.009375
0 0.028125 0.57265625 0.05625 0.05625