0 0.10546875 0.778125 0.025 0.0171875
0 0.0484375 0.7671875 0.0234375 0.0265625
0 0.07578125 0.66484375 0.0171875 0.0203125
0 0.02734375 0.70703125 0.0125 0.01796875
0 0.22109375 0.5171875 0.05 0.0203125
0 0.1203125 0.1578125 0.0234375 0.01796875
0 0.06171875 0.228125 0.01484375 0.0125
0 0.32734375 0.88046875 0.0375 0.015625
0 0.58359375 0.68984375 0.01484375 0.01328125
0 0.59453125 0.50859375 0.02734375 0.02734375
0 0.4640625 0.60234375 0.02109375 0.0203125
0 0.5234375 0.22578125 0.025 0.01796875
0 0.2859375 0.365625 0.0234375 0.01484375
0 0.2953125 0.271875 0.0234375 0.0171875
0 0.61640625 0.2625 0.02109375 0.0140625
0 0.61875 0.34765625 0.02109375 0.01875
0 0.3984375 0.16484375 0.01640625 0.0125
0 0.5375 0.1859375 0.0171875 0.0140625
0 0.4953125 0.28828125 0.025 0.0140625
0 0.4828125 0.296875 0.0171875 0.0109375
0 0.8171875 0.85078125 0.02109375 0.0109375
0 0.87734375 0.64453125 0.02890625 0.028125
0 0.4078125 0.6796875 0.17734375 0.12578125
1 0.7859375 0.25703125 0.2703125 0.1953125
1 0.553125 0.3296875 0.2421875 0.18203125
0 0.57890625 0.8328125 0.1 0.0828125
0 0.04140625 0.3765625 0.0375 0.0296875
0 0.23359375 0.85390625 0.0484375 0.025
0 0.1953125 0.2921875 0.0578125 0.02421875
0 0.16796875 0.3234375 0.0578125 0.0234375
0 0.85859375 0.1859375 0.02109375 0.01015625
0 0.4171875 0.4328125 0.01484375 0.01484375
0 0.39453125 0.65546875 0.0140625 0.0171875
0 0.371875 0.68125 0.0171875 0.0171875
0 0.31015625 0.8 0.02734375 0.028125
0 0.0734375 0.19140625 0.01015625 0.00859375
0 0.9484375 0.44140625 0.0140625 0.0125
0 0.6375 0.84609375 0.0796875 0.046875