1 0.39921875 0.5296875 0.1421875 0.090625
1 0.5171875 0.46640625 0.20625 0.1046875
1 0.35625 0.603125 0.1046875 0.06953125
1 0.653125 0.35078125 0.11875 0.0796875
0 0.721875 0.71484375 0.0609375 0.0375
0 0.42109375 0.19296875 0.07265625 0.05703125
1 0.55703125 0.37890625 0.10625 0.0734375
0 0.7609375 0.7390625 0.0609375 0.0375
1 0.93046875 0.325 0.1015625 0.090625
0 0.85078125 0.753125 0.05 0.0359375
0 0.8140625 0.2 0.04375 0.02890625
0 0.3625 0.15078125 0.05234375 0.034375
0 0.74765625 0.1765625 0.0421875 0.03359375
0 0.80546875 0.5140625 0.0515625 0.03671875
0 0.9328125 0.278125 0.0453125 0.02734375
0 0.36328125 0.72265625 0.06875 0.05
0 0.603125 0.15625 0.1921875 0.10234375
1 0.20078125 0.77890625 0.1578125 0.0875
0 0.590625 0.78359375 0.06484375 0.03359375
1 0.3640625 0.778125 0.2078125 0.10625
0 0.1703125 0.76640625 0.07109375 0.04609375
0 0.634375 0.34375 0.02890625 0.015625
0 0.840625 0.2859375 0.02734375 0.01796875
0 0.6078125 0.24609375 0.03359375 0.01875
0 0.5296875 0.39140625 0.03359375 0.0171875
0 0.90625 0.440625 0.0265625 0.01015625
0 0.73984375 0.4484375 0.02109375 0.0109375
0 0.5640625 0.3609375 0.01640625 0.01015625
0 0.6421875 0.4484375 0.0203125 0.015625
0 0.80078125 0.709375 0.04140625 0.02734375
0 0.8546875 0.56484375 0.0421875 0.02734375
0 0.5984375 0.6140625 0.025 0.01875
0 0.7234375 0.47109375 0.0265625 0.0109375
0 0.79140625 0.65234375 0.02734375 0.015625
0 0.42734375 0.71796875 0.02890625 0.01953125
0 0.5390625 0.70546875 0.0296875 0.02265625
0 0.10546875 0.71796875 0.0171875 0.01484375
0 0.1484375 0.596875 0.01640625 0.015625
0 0.38125 0.6609375 0.0265625 0.01796875
0 0.234375 0.465625 0.01484375 0.01328125
0 0.4546875 0.4515625 0.0265625 0.0203125
0 0.2671875 0.428125 0.0140625 0.0125
0 0.31875 0.60859375 0.0203125 0.025
0 0.0671875 0.321875 0.01484375 0.0140625
0 0.36171875 0.546875 0.0265625 0.01484375
0 0.44296875 0.8 0.0171875 0.01328125
0 0.4140625 0.6328125 0.0296875 0.0234375
0 0.43984375 0.35390625 0.0140625 0.0125
0 0.22890625 0.17265625 0.01875 0.0140625
0 0.40625 0.7609375 0.025 0.021875
0 0.34296875 0.80546875 0.01875 0.0125
0 0.0609375 0.5984375 0.0109375 0.0078125
0 0.3390625 0.78984375 0.01015625 0.0078125
0 0.353125 0.6 0.0125 0.00859375
0 0.3671875 0.60859375 0.00859375 0.00859375
0 0.6484375 0.55390625 0.03515625 0.01015625
0 0.8703125 0.4375 0.0125 0.0125
0 0.39296875 0.29765625 0.0234375 0.021875
0 0.4015625 0.296875 0.01640625 0.015625
0 0.303125 0.32734375 0.0109375 0.00859375
0 0.4921875 0.46328125 0.0171875 0.00859375
0 0.56796875 0.38203125 0.0078125 0.009375
0 0.3046875 0.7921875 0.0421875 0.02890625