1 0.3953125 0.5203125 0.1296875 0.0796875
1 0.52265625 0.46796875 0.19375 0.08828125
1 0.340625 0.5890625 0.09609375 0.0609375
1 0.6765625 0.365625 0.10859375 0.0703125
0 0.68515625 0.73359375 0.05625 0.0328125
0 0.471875 0.18828125 0.06484375 0.0515625
1 0.5765625 0.38515625 0.09609375 0.06484375
0 0.7203125 0.7609375 0.05625 0.0328125
1 0.95546875 0.365625 0.0890625 0.08359375
0 0.80703125 0.7828125 0.0453125 0.03203125
0 0.8609375 0.23046875 0.03984375 0.025
0 0.4203125 0.140625 0.04765625 0.03125
0 0.7984375 0.2015625 0.0375 0.03125
0 0.8015625 0.54140625 0.04609375 0.0328125
0 0.96484375 0.31953125 0.04140625 0.0234375
0 0.328125 0.70859375 0.0625 0.04375
0 0.6578125 0.16796875 0.1796875 0.0859375
1 0.1578125 0.74921875 0.14609375 0.07421875
0 0.54375 0.78984375 0.0609375 0.028125
1 0.3203125 0.7640625 0.1953125 0.0890625
0 0.1296875 0.73359375 0.06484375 0.040625
0 0.65859375 0.35703125 0.0265625 0.0140625
0 0.8734375 0.31875 0.025 0.015625
0 0.6484375 0.2578125 0.03125 0.015625
0 0.54765625 0.3953125 0.03125 0.0140625
0 0.91328125 0.478125 0.025 0.00859375
0 0.746875 0.47109375 0.0203125 0.009375
0 0.5859375 0.36796875 0.01484375 0.009375
0 0.64921875 0.46171875 0.0171875 0.0140625
0 0.7640625 0.73515625 0.0375 0.02421875
0 0.84140625 0.596875 0.0390625 0.0234375
0 0.5796875 0.621875 0.02265625 0.0171875
0 0.7265625 0.49140625 0.025 0.009375
0 0.7640625 0.67734375 0.025 0.0140625
0 0.3921875 0.709375 0.0265625 0.01796875
0 0.5046875 0.70703125 0.0265625 0.0203125
0 0.0734375 0.68046875 0.01484375 0.0140625
0 0.13515625 0.5640625 0.0140625 0.01484375
0 0.35625 0.6484375 0.0234375 0.015625
0 0.2421875 0.44140625 0.0125 0.0125
0 0.4625 0.44765625 0.0234375 0.01875
0 0.28046875 0.40703125 0.0125 0.0109375
0 0.30234375 0.590625 0.01640625 0.02421875
0 0.09921875 0.28359375 0.0125 0.01328125
0 0.3546875 0.53359375 0.0234375 0.01328125
0 0.3953125 0.79296875 0.01640625 0.0125
0 0.3921875 0.62421875 0.0265625 0.021875
0 0.4640625 0.35 0.0125 0.0109375
0 0.28359375 0.15078125 0.01640625 0.01328125
0 0.03515625 0.16953125 0.01875 0.01484375
0 0.3640625 0.75078125 0.02265625 0.01953125
0 0.29453125 0.7890625 0.0171875 0.01015625
0 0.0484375 0.5578125 0.01015625 0.00625
0 0.29375 0.77265625 0.00859375 0.00625
0 0.33828125 0.5859375 0.0109375 0.0078125
0 0.35 0.5953125 0.0078125 0.0078125
0 0.63828125 0.5671875 0.03359375 0.0078125
0 0.87734375 0.47109375 0.0109375 0.0109375
0 0.4265625 0.2890625 0.02109375 0.01953125
0 0.4359375 0.28984375 0.0140625 0.01484375
0 0.3328125 0.3109375 0.01015625 0.0078125
0 0.4984375 0.46328125 0.01640625 0.00625
0 0.58671875 0.3890625 0.00625 0.00859375
0 0.2578125 0.771875 0.0390625 0.025