1 0.5265625 0.578125 0.10625 0.09765625
1 0.4578125 0.4828125 0.1171875 0.1453125
1 0.61875 0.61953125 0.08125 0.071875
1 0.3203125 0.36796875 0.09375 0.08125
0 0.81171875 0.3609375 0.04375 0.0421875
0 0.084375 0.52109375 0.06875 0.0484375
1 0.346875 0.44296875 0.0859375 0.071875
0 0.8484375 0.33515625 0.04375 0.0421875
1 0.321875 0.15703125 0.1109375 0.06875
0 0.87734375 0.26953125 0.0421875 0.03359375
0 0.140625 0.2296875 0.03359375 0.0296875
0 0.0203125 0.55859375 0.040625 0.0359375
0 0.1015625 0.2765625 0.04140625 0.028125
0 0.55546875 0.27421875 0.04375 0.034375
0 0.259375 0.1515625 0.03125 0.03125
0 0.778125 0.62890625 0.05859375 0.046875
0 0.0578125 0.38125 0.11484375 0.13515625
1 0.8328125 0.75703125 0.0984375 0.109375
0 0.8859375 0.4671875 0.0375 0.04609375
1 0.8515625 0.63515625 0.11875 0.14609375
0 0.81171875 0.778125 0.05390625 0.0484375
0 0.309375 0.38125 0.01875 0.01953125
0 0.2578125 0.2203125 0.02109375 0.01875
0 0.1765625 0.38828125 0.02109375 0.0234375
0 0.3609375 0.4640625 0.01875 0.0234375
0 0.4703125 0.190625 0.0109375 0.01875
0 0.4609375 0.31484375 0.0125 0.01484375
0 0.3234375 0.4359375 0.0125 0.0109375
0 0.44921875 0.38828125 0.01875 0.01328125
0 0.8140625 0.3015625 0.0328125 0.028125
0 0.6296875 0.24453125 0.03125 0.02890625
0 0.6625 0.440625 0.02265625 0.0171875
0 0.4890625 0.3296875 0.0125 0.01875
0 0.73671875 0.3015625 0.01875 0.01875
0 0.7796875 0.58046875 0.0234375 0.01953125
0 0.7765625 0.49609375 0.02734375 0.01953125
0 0.740625 0.8203125 0.01875 0.0109375
0 0.58515625 0.7734375 0.0203125 0.01015625
0 0.6984375 0.6078125 0.02109375 0.01796875
0 0.421875 0.69375 0.01640625 0.009375
0 0.4296875 0.528125 0.025 0.01796875
0 0.3765625 0.66484375 0.01484375 0.009375
0 0.62109375 0.6484375 0.0328125 0.0125
0 0.2109375 0.8 0.0171875 0.009375
0 0.5453125 0.60859375 0.0171875 0.01796875
0 0.890625 0.57890625 0.01640625 0.0125
0 0.665625 0.58046875 0.02890625 0.01953125
0 0.3 0.5265625 0.01484375 0.009375
0 0.03359375 0.6625 0.0171875 0.0125
0 0.05859375 0.8484375 0.0203125 0.0140625
0 0.834375 0.6015625 0.0265625 0.0171875
0 0.8859375 0.65390625 0.0140625 0.01328125
0 0.5765625 0.83828125 0.00859375 0.0078125
0 0.8640625 0.6546875 0.00859375 0.00625
0 0.6140625 0.62109375 0.01015625 0.00859375
0 0.6265625 0.6125 0.01015625 0.00546875
0 0.5890625 0.39609375 0.01015625 0.025
0 0.46171875 0.2171875 0.01484375 0.00859375
0 0.21875 0.5546875 0.0265625 0.015625
0 0.21953125 0.5484375 0.0203125 0.01015625
0 0.24765625 0.62578125 0.01015625 0.0078125
0 0.45078125 0.5015625 0.00859375 0.0125
0 0.3515625 0.43515625 0.0109375 0.0046875
0 0.8625 0.68125 0.03359375 0.02890625