0 0.0546875 0.1046875 0.0078125 0.01484375
0 0.66171875 0.1328125 0.0296875 0.0359375
0 0.49609375 0.3234375 0.02890625 0.01796875
0 0.7671875 0.0296875 0.03359375 0.02421875
0 0.021875 0.51328125 0.0328125 0.02421875
0 0.0953125 0.453125 0.03125 0.0234375
0 0.85078125 0.67421875 0.0234375 0.0171875
0 0.71484375 0.63046875 0.03125 0.02265625
0 0.0109375 0.7609375 0.021875 0.021875
0 0.5234375 0.9546875 0.0171875 0.01484375
0 0.49921875 0.8421875 0.0171875 0.0140625
0 0.4734375 0.78359375 0.01484375 0.0109375
1 0.490625 0.5703125 0.30390625 0.221875
1 0.37265625 0.21953125 0.0953125 0.059375
0 0.5109375 0.22109375 0.03359375 0.0328125
0 0.0796875 0.0578125 0.05 0.06640625
0 0.6609375 0.20625 0.03515625 0.03671875
0 0.978125 0.15078125 0.04375 0.034375
1 0.58125 0.69609375 0.15859375 0.1140625
0 0.71640625 0.59921875 0.0515625 0.0359375
0 0.7484375 0.4703125 0.0390625 0.02734375
1 0.4921875 0.5015625 0.07890625 0.059375
0 0.665625 0.72578125 0.02734375 0.02421875
0 0.240625 0.57578125 0.0171875 0.0171875
0 0.5078125 0.36328125 0.04140625 0.02734375
0 0.73125 0.478125 0.0296875 0.02265625
0 0.70546875 0.47109375 0.03125 0.025