0 0.1484375 0.32265625 0.0140625 0.01484375
0 0.1515625 0.2375 0.02890625 0.0125
0 0.16640625 0.2859375 0.0296875 0.0125
0 0.31171875 0.23515625 0.0265625 0.0140625
0 0.2609375 0.25390625 0.03359375 0.0109375
0 0.02890625 0.23828125 0.01484375 0.01015625
0 0.73828125 0.284375 0.02890625 0.0140625
0 0.1921875 0.3453125 0.0140625 0.015625
0 0.2046875 0.3421875 0.0125 0.01484375
0 0.34296875 0.4359375 0.0265625 0.0109375
0 0.52421875 0.5609375 0.0140625 0.00859375
0 0.4828125 0.48984375 0.0140625 0.0171875
0 0.62578125 0.34375 0.0109375 0.009375
0 0.66171875 0.59453125 0.01640625 0.009375
0 0.7390625 0.51875 0.0265625 0.01015625
0 0.5796875 0.709375 0.0203125 0.0140625
0 0.3765625 0.70859375 0.01640625 0.01484375
0 0.5265625 0.75234375 0.01875 0.0125
0 0.36171875 0.71328125 0.01640625 0.009375
0 0.72109375 0.7828125 0.0203125 0.0140625
0 0.86640625 0.54453125 0.10234375 0.0578125
1 0.4453125 0.55703125 0.1609375 0.121875
1 0.6375 0.4953125 0.0984375 0.075
1 0.80859375 0.703125 0.11015625 0.08828125
0 0.8296875 0.2484375 0.075 0.0375
0 0.9390625 0.59453125 0.06015625 0.03828125
0 0.25078125 0.5125 0.0765625 0.02421875
1 0.4046875 0.31015625 0.1328125 0.1015625
0 0.9734375 0.27109375 0.05234375 0.0671875
0 0.5265625 0.24453125 0.05859375 0.02421875
1 0.7171875 0.625 0.16640625 0.15
0 0.10859375 0.3984375 0.03359375 0.01484375
1 0.0203125 0.44921875 0.03984375 0.09921875
0 0.09765625 0.22890625 0.01640625 0.0125
0 0.4359375 0.221875 0.0140625 0.00546875
1 0.42109375 0.3515625 0.125 0.10234375
0 0.5625 0.34765625 0.00625 0.00625
0 0.63515625 0.34921875 0.00859375 0.00859375
1 0.6671875 0.21875 0.0453125 0.025
1 0.6203125 0.5625 0.25234375 0.14921875
0 0.44296875 0.60078125 0.01640625 0.0125
0 0.059375 0.75234375 0.02890625 0.021875
0 0.06875 0.5625 0.01484375 0.02734375
0 0.2125 0.5421875 0.04375 0.01875