0 0.8109375 0.3953125 0.03125 0.021875
0 0.7796875 0.3484375 0.0171875 0.0125
0 0.80703125 0.4875 0.0328125 0.02265625
0 0.79921875 0.40859375 0.02734375 0.01328125
0 0.7734375 0.4078125 0.01484375 0.00859375
0 0.62265625 0.2 0.0296875 0.0234375
0 0.4734375 0.12578125 0.02734375 0.01015625
0 0.72109375 0.378125 0.0203125 0.0140625
0 0.5109375 0.1359375 0.01875 0.01015625
0 0.4890625 0.1421875 0.0171875 0.0078125
0 0.40078125 0.12109375 0.0265625 0.01015625
0 0.659375 0.55390625 0.0203125 0.0140625
0 0.3921875 0.77734375 0.02109375 0.0171875
0 0.31875 0.83046875 0.0234375 0.02890625
0 0.5703125 0.77421875 0.0203125 0.01875
0 0.3328125 0.62265625 0.0140625 0.009375
0 0.14453125 0.16015625 0.025 0.01796875
0 0.1171875 0.17890625 0.03515625 0.025
0 0.2421875 0.45390625 0.03359375 0.02421875
0 0.1359375 0.3828125 0.03515625 0.028125
0 0.1015625 0.5234375 0.02109375 0.01484375
1 0.0921875 0.66015625 0.13125 0.1765625
0 0.4078125 0.55234375 0.1265625 0.10859375
1 0.5515625 0.2578125 0.2484375 0.1296875
0 0.51171875 0.44921875 0.06015625 0.0421875
0 0.346875 0.52890625 0.05234375 0.04375
0 0.96015625 0.721875 0.0359375 0.0296875
0 0.94375 0.85625 0.0390625 0.05234375
0 0.5671875 0.4125 0.02890625 0.0125
0 0.53515625 0.4046875 0.1078125 0.06484375
0 0.34609375 0.27578125 0.06875 0.040625
0 0.38125 0.2765625 0.0671875 0.04765625
0 0.50234375 0.26015625 0.1171875 0.0453125
0 0.540625 0.153125 0.0125 0.0109375
0 0.53125 0.1296875 0.0109375 0.009375
0 0.5515625 0.1578125 0.0109375 0.0046875
0 0.44765625 0.12578125 0.00625 0.00546875
1 0.18515625 0.16953125 0.2234375 0.14609375
1 0.11484375 0.3046875 0.07109375 0.04765625
1 0.434375 0.33984375 0.35234375 0.2140625
1 0.1125 0.23046875 0.1875 0.21171875
1 0.22109375 0.35390625 0.3546875 0.29453125
0 0.35625 0.721875 0.025 0.07578125
0 0.375 0.7734375 0.0125 0.015625
0 0.4203125 0.59453125 0.08359375 0.07109375
0 0.48125 0.6609375 0.08125 0.0703125
0 0.55390625 0.7828125 0.01640625 0.03828125
0 0.56640625 0.80234375 0.01875 0.0390625
0 0.78203125 0.684375 0.01640625 0.01484375
0 0.7671875 0.69765625 0.02265625 0.01015625
0 0.72734375 0.68515625 0.10390625 0.021875
0 0.6578125 0.5953125 0.04375 0.03125
0 0.78046875 0.5265625 0.04765625 0.02890625
0 0.82578125 0.46484375 0.01640625 0.02734375
0 0.83828125 0.46640625 0.0171875 0.01875
0 0.95546875 0.43046875 0.04609375 0.02734375
0 0.965625 0.34375 0.01640625 0.0171875
0 0.98125 0.34453125 0.01640625 0.01796875
0 0.028125 0.8421875 0.0140625 0.00625
0 0.1296875 0.734375 0.0109375 0.009375