0 0.6765625 0.71875 0.02734375 0.02265625
0 0.73515625 0.68984375 0.01484375 0.0125
0 0.5546875 0.7265625 0.02890625 0.0234375
0 0.6578125 0.71171875 0.01640625 0.01953125
0 0.6546875 0.6921875 0.01015625 0.01015625
0 0.91171875 0.5546875 0.0296875 0.021875
0 0.9921875 0.434375 0.0125 0.01953125
0 0.68828125 0.65 0.01875 0.0140625
0 0.98359375 0.46328125 0.0125 0.01328125
0 0.97265625 0.4484375 0.00859375 0.0125
0 0.9890625 0.3796875 0.0125 0.01875
0 0.4484375 0.625 0.01875 0.0140625
0 0.11953125 0.453125 0.02265625 0.015625
0 0.040625 0.40546875 0.0390625 0.015625
0 0.1453125 0.5859375 0.0234375 0.0140625
0 0.31796875 0.390625 0.0109375 0.009375
0 0.9078125 0.19375 0.02265625 0.01875
0 0.87890625 0.1765625 0.0328125 0.025
0 0.5296875 0.30234375 0.03125 0.02421875
0 0.6109375 0.2140625 0.0359375 0.025
0 0.4203125 0.20625 0.0203125 0.015625
1 0.2390625 0.21640625 0.2296875 0.08984375
0 0.41953125 0.4375 0.1390625 0.08984375
1 0.8265625 0.50859375 0.1609375 0.18125
0 0.56796875 0.503125 0.05390625 0.04296875
0 0.44375 0.3890625 0.05625 0.0375
0 0.2625 0.875 0.0390625 0.03671875
0 0.0828125 0.87734375 0.06875 0.03203125
0 0.62421875 0.5390625 0.01484375 0.0203125
0 0.6296875 0.51484375 0.08125 0.078125
0 0.77890625 0.3578125 0.0515625 0.05
0 0.78203125 0.384375 0.0609375 0.0484375
0 0.8171875 0.47265625 0.05390625 0.0859375
0 0.96484375 0.4875 0.0140625 0.00859375
0 0.99375 0.478125 0.0109375 0.0078125
0 0.95859375 0.496875 0.0046875 0.00859375
0 0.9890625 0.415625 0.0078125 0.00390625
1 0.8984375 0.22578125 0.18515625 0.1609375
1 0.71171875 0.18984375 0.0609375 0.0515625
1 0.70390625 0.43203125 0.26875 0.2546875
1 0.80859375 0.1484375 0.27734375 0.1921875
1 0.65859375 0.275 0.3765625 0.253125
0 0.1890625 0.41953125 0.1 0.01484375
0 0.12265625 0.440625 0.0203125 0.009375
0 0.36484375 0.4515625 0.09140625 0.059375
0 0.284375 0.50546875 0.08984375 0.05703125
0 0.13203125 0.57421875 0.05 0.01015625
0 0.1078125 0.5859375 0.0515625 0.0109375
0 0.28984375 0.7328125 0.01875 0.0125
0 0.27109375 0.72265625 0.0140625 0.015625
0 0.2828125 0.69140625 0.0234375 0.078125
0 0.3921875 0.62890625 0.0390625 0.03203125
0 0.49921875 0.71171875 0.0359375 0.034375
0 0.5859375 0.73828125 0.03515625 0.0109375
0 0.5859375 0.74765625 0.0234375 0.0125
0 0.6484375 0.83046875 0.03359375 0.03359375
0 0.7640625 0.82734375 0.02109375 0.0125
0 0.7640625 0.8390625 0.02265625 0.0109375
0 0.0828125 0.9046875 0.06640625 0.03125
0 0.14453125 0.253125 0.0109375 0.0078125