1 0.7390625 0.72265625 0.2171875 0.09921875
1 0.746875 0.38046875 0.16875 0.13203125
0 0.0734375 0.23125 0.06875 0.078125
0 0.4578125 0.621875 0.12890625 0.0453125
1 0.16875 0.47734375 0.11015625 0.07578125
0 0.10625 0.54453125 0.03984375 0.0359375
1 0.27265625 0.5859375 0.0828125 0.065625
0 0.059375 0.53671875 0.05859375 0.04765625
0 0.13515625 0.596875 0.0421875 0.03671875
0 0.8359375 0.4828125 0.0546875 0.06640625
0 0.07265625 0.31953125 0.03984375 0.025
0 0.3265625 0.58515625 0.04140625 0.02421875
1 0.2359375 0.46171875 0.06484375 0.08203125
1 0.771875 0.46875 0.10859375 0.04296875
0 0.86875 0.6125 0.0703125 0.0609375
0 0.1078125 0.625 0.04765625 0.04375
1 0.2859375 0.40234375 0.09609375 0.1078125
0 0.08125 0.58125 0.0578125 0.0359375
0 0.60703125 0.24140625 0.02890625 0.02734375
0 0.51875 0.28828125 0.0296875 0.0265625
0 0.35625 0.30546875 0.04765625 0.01328125
0 0.04140625 0.59375 0.025 0.0140625
0 0.246875 0.56328125 0.01640625 0.01015625
0 0.13828125 0.4515625 0.0140625 0.01015625
0 0.01640625 0.35625 0.01484375 0.021875
0 0.134375 0.665625 0.0234375 0.0203125
0 0.37109375 0.425 0.01484375 0.01015625
0 0.46015625 0.359375 0.01484375 0.0109375
0 0.37265625 0.36328125 0.01484375 0.0109375
0 0.3453125 0.403125 0.0171875 0.01015625
0 0.81953125 0.34375 0.01640625 0.015625
0 0.71484375 0.5328125 0.01484375 0.01015625
0 0.1734375 0.73125 0.02890625 0.021875
0 0.16328125 0.715625 0.02109375 0.015625
0 0.2890625 0.7296875 0.03515625 0.0171875
0 0.27265625 0.71484375 0.0171875 0.0109375
0 0.14296875 0.728125 0.00859375 0.01015625
0 0.9234375 0.75703125 0.02109375 0.015625
0 0.31328125 0.28984375 0.02890625 0.02421875
0 0.13984375 0.24765625 0.02734375 0.0265625
0 0.00859375 0.28203125 0.0171875 0.0140625
0 0.00859375 0.42890625 0.0171875 0.06796875
0 0.034375 0.428125 0.0546875 0.08203125
0 0.1765625 0.49453125 0.0125 0.0078125
0 0.12890625 0.47109375 0.00390625 0.01015625
0 0.2484375 0.484375 0.00859375 0.009375
0 0.25234375 0.63359375 0.0125 0.01015625
0 0.10390625 0.60859375 0.01640625 0.0203125
0 0.190625 0.76640625 0.0140625 0.009375
0 0.86484375 0.6109375 0.01484375 0.0125
0 0.7171875 0.58359375 0.0109375 0.01328125
0 0.7 0.4203125 0.0171875 0.0078125
0 0.80078125 0.33828125 0.0171875 0.0140625
0 0.70703125 0.21796875 0.0703125 0.0265625