1 0.2359375 0.29375 0.22890625 0.11328125
1 0.26796875 0.634375 0.18359375 0.14296875
0 0.95625 0.7390625 0.07734375 0.08203125
0 0.52734375 0.37578125 0.13359375 0.05390625
1 0.8328125 0.50078125 0.11875 0.0828125
0 0.88671875 0.4296875 0.04375 0.03828125
1 0.7171875 0.39921875 0.08984375 0.0703125
0 0.934375 0.434375 0.0640625 0.0515625
0 0.85234375 0.3796875 0.04609375 0.0390625
0 0.1671875 0.5390625 0.0625 0.0703125
0 0.946875 0.6515625 0.0421875 0.028125
0 0.6625 0.40390625 0.04375 0.02734375
1 0.7671875 0.52109375 0.0734375 0.08515625
1 0.2328125 0.5484375 0.1140625 0.05
0 0.11953125 0.41171875 0.0765625 0.065625
0 0.8765625 0.34921875 0.05234375 0.046875
1 0.725 0.5828125 0.10859375 0.11328125
0 0.9078125 0.39140625 0.0609375 0.0390625
0 0.4234375 0.7640625 0.03125 0.02890625
0 0.50546875 0.7125 0.0328125 0.028125
0 0.665625 0.684375 0.0484375 0.015625
0 0.94609375 0.3765625 0.0265625 0.015625
0 0.7453125 0.4203125 0.0171875 0.0109375
0 0.86640625 0.525 0.01484375 0.0109375
0 0.99453125 0.61015625 0.0109375 0.0234375
0 0.8453125 0.3109375 0.0265625 0.02265625
0 0.63671875 0.56640625 0.01640625 0.0109375
0 0.55625 0.63671875 0.01640625 0.0125
0 0.64296875 0.62734375 0.01640625 0.0125
0 0.665625 0.58671875 0.01875 0.0109375
0 0.2 0.67578125 0.0171875 0.0171875
0 0.28203125 0.48125 0.01640625 0.0109375
0 0.7984375 0.2484375 0.03125 0.0234375
0 0.8109375 0.26328125 0.02265625 0.0171875
0 0.68359375 0.25703125 0.0359375 0.01875
0 0.7015625 0.27109375 0.01875 0.0125
0 0.82890625 0.24921875 0.01015625 0.0109375
0 0.0484375 0.27109375 0.02265625 0.0171875
0 0.7109375 0.696875 0.03125 0.0265625
0 0.88828125 0.72734375 0.0296875 0.028125
0 0.9921875 0.53828125 0.01484375 0.06875
0 0.96953125 0.53984375 0.0609375 0.0859375
0 0.8234375 0.484375 0.0140625 0.00859375
0 0.8734375 0.50390625 0.0046875 0.01015625
0 0.7515625 0.49921875 0.01015625 0.01015625
0 0.73125 0.3515625 0.0140625 0.0109375
0 0.88203125 0.365625 0.01875 0.021875
0 0.77734375 0.2140625 0.01484375 0.01015625
0 0.1234375 0.41328125 0.01640625 0.01328125
0 0.2734375 0.43125 0.0109375 0.0140625
0 0.31015625 0.5921875 0.01875 0.00859375
0 0.21953125 0.68125 0.01875 0.01484375
0 0.3265625 0.79453125 0.07265625 0.03125