0 0.5203125 0.42109375 0.0703125 0.0671875
0 0.27265625 0.1625 0.12734375 0.06640625
0 0.66171875 0.5453125 0.1109375 0.07109375
0 0.371875 0.8140625 0.0609375 0.04765625
0 0.65546875 0.2890625 0.1140625 0.059375
0 0.121875 0.84375 0.05859375 0.04140625
0 0.5734375 0.81484375 0.1171875 0.04765625
0 0.96484375 0.67421875 0.05 0.034375
0 0.846875 0.14453125 0.0390625 0.028125
0 0.078125 0.36015625 0.0484375 0.03359375
0 0.96796875 0.3375 0.05625 0.034375
0 0.07265625 0.54765625 0.03515625 0.02890625
0 0.03125 0.50703125 0.05234375 0.0296875
0 0.8234375 0.68203125 0.0546875 0.0375
0 0.675 0.59375 0.09765625 0.05703125
0 0.0140625 0.8515625 0.02734375 0.053125
0 0.91953125 0.446875 0.04375 0.02890625
0 0.81953125 0.22578125 0.0359375 0.02890625
0 0.6359375 0.78125 0.04140625 0.03203125
0 0.1859375 0.45390625 0.0671875 0.1015625
0 0.97578125 0.75859375 0.0484375 0.03671875
0 0.19609375 0.628125 0.0328125 0.034375
0 0.29296875 0.48984375 0.03125 0.03125
0 0.5515625 0.5890625 0.0625 0.06484375
0 0.3296875 0.34609375 0.05234375 0.06875
0 0.21796875 0.48203125 0.0359375 0.025
0 0.6390625 0.2171875 0.03984375 0.021875
0 0.51796875 0.240625 0.03359375 0.025
0 0.51875 0.21171875 0.02734375 0.0265625
0 0.434375 0.1203125 0.03125 0.025
0 0.5828125 0.32265625 0.02734375 0.0171875
0 0.5953125 0.159375 0.0359375 0.02265625
0 0.228125 0.4625 0.0265625 0.0234375
0 0.2046875 0.503125 0.03359375 0.02421875
0 0.321875 0.6015625 0.0265625 0.0140625
0 0.1203125 0.39609375 0.02890625 0.015625
0 0.6171875 0.38359375 0.0265625 0.01953125
0 0.61484375 0.4125 0.02734375 0.021875
0 0.6125 0.43984375 0.02265625 0.01875
0 0.4828125 0.521875 0.01875 0.0140625
0 0.503125 0.64296875 0.01640625 0.0109375
0 0.79140625 0.5265625 0.0203125 0.01796875
0 0.8734375 0.39375 0.0171875 0.01953125
0 0.31796875 0.92109375 0.0234375 0.01328125
0 0.08828125 0.81796875 0.01640625 0.009375
0 0.0703125 0.81875 0.01484375 0.009375
0 0.15390625 0.79140625 0.0203125 0.01796875
0 0.22890625 0.78515625 0.01484375 0.01015625
0 0.54375 0.71953125 0.01484375 0.0109375
0 0.58125 0.7453125 0.01484375 0.0125
0 0.70078125 0.85546875 0.01640625 0.01328125
0 0.30625 0.1609375 0.04765625 0.02890625
0 0.31484375 0.32734375 0.0453125 0.07421875
0 0.2921875 0.334375 0.02890625 0.046875
0 0.16796875 0.4546875 0.00859375 0.0140625
0 0.2640625 0.4890625 0.02734375 0.02734375
0 0.27421875 0.5078125 0.0390625 0.01796875
0 0.03203125 0.52421875 0.02734375 0.0109375
0 0.19296875 0.63515625 0.01640625 0.01328125
0 0.4359375 0.69921875 0.0296875 0.0328125
0 0.64296875 0.5265625 0.01484375 0.0125
0 0.51015625 0.4 0.06484375 0.0796875
0 0.4859375 0.39453125 0.07109375 0.0765625
0 0.98828125 0.2359375 0.0234375 0.01484375
0 0.99609375 0.78359375 0.0078125 0.025
0 0.7140625 0.92578125 0.0328125 0.025
0 0.12578125 0.70625 0.0171875 0.0109375