0 0.16953125 0.1703125 0.03125 0.015625
0 0.11328125 0.2078125 0.0140625 0.01015625
0 0.16640625 0.23515625 0.02265625 0.01484375
0 0.01484375 0.2484375 0.0296875 0.01484375
0 0.371875 0.165625 0.0265625 0.015625
0 0.8515625 0.25546875 0.0359375 0.01796875
0 0.784375 0.31640625 0.03125 0.015625
0 0.06875 0.45859375 0.0171875 0.0109375
0 0.36953125 0.60703125 0.0234375 0.0171875
0 0.53671875 0.50859375 0.03359375 0.0265625
0 0.58125 0.66328125 0.01484375 0.0109375
0 0.8828125 0.6390625 0.0234375 0.01875
0 0.9390625 0.371875 0.02890625 0.01796875
0 0.72265625 0.39609375 0.0296875 0.02421875
0 0.9328125 0.6 0.0234375 0.01796875
0 0.978125 0.6625 0.02890625 0.01953125
0 0.5171875 0.73515625 0.01484375 0.01328125
0 0.9296875 0.7078125 0.02734375 0.01875
0 0.8734375 0.4328125 0.075 0.0703125
1 0.22890625 0.3984375 0.24765625 0.17265625
0 0.85546875 0.52265625 0.0984375 0.0578125
0 0.8875 0.3421875 0.02734375 0.0359375
1 0.715625 0.684375 0.1046875 0.07890625
1 0.575 0.571875 0.05 0.0421875
1 0.67578125 0.53828125 0.0515625 0.0421875
1 0.6328125 0.61015625 0.0515625 0.0421875
1 0.1984375 0.465625 0.16640625 0.13515625
1 0.5359375 0.4921875 0.0515625 0.0390625
0 0.9796875 0.50078125 0.03984375 0.0265625
0 0.9796875 0.47421875 0.03984375 0.025
0 0.0203125 0.16640625 0.03984375 0.03125
0 0.4453125 0.42109375 0.0140625 0.0078125
0 0.5546875 0.48125 0.01640625 0.0078125
0 0.48671875 0.36015625 0.00859375 0.01015625
0 0.48046875 0.3578125 0.00859375 0.009375
0 0.4390625 0.26015625 0.0078125 0.0078125
0 0.4328125 0.26015625 0.0078125 0.0078125
0 0.42890625 0.25234375 0.0078125 0.0078125
0 0.4203125 0.25234375 0.00859375 0.0078125
0 0.4125 0.18125 0.0125 0.00625
0 0.41171875 0.175 0.0140625 0.00546875
0 0.2328125 0.171875 0.0375 0.02421875
0 0.909375 0.54296875 0.08515625 0.03359375
1 0.24609375 0.5546875 0.22109375 0.09765625
1 0.2921875 0.56171875 0.36484375 0.14453125
0 0.11484375 0.54765625 0.14609375 0.115625
0 0.0640625 0.546875 0.12734375 0.059375
0 0.04296875 0.57578125 0.0859375 0.03359375