0 0.9765625 0.29453125 0.025 0.025
0 0.934375 0.24765625 0.01484375 0.0109375
0 0.89140625 0.28359375 0.02265625 0.01875
0 0.8921875 0.16953125 0.0234375 0.02421875
0 0.95859375 0.4453125 0.0234375 0.021875
0 0.78046875 0.79140625 0.02734375 0.02890625
0 0.7078125 0.73359375 0.025 0.025
0 0.6078125 0.184375 0.0171875 0.0140625
0 0.3734375 0.38984375 0.025 0.01953125
0 0.48359375 0.5265625 0.0390625 0.028125
0 0.2734375 0.540625 0.01640625 0.0125
0 0.26953125 0.76796875 0.02734375 0.01953125
0 0.61640625 0.8421875 0.02734375 0.0234375
0 0.61015625 0.678125 0.0359375 0.025
0 0.3140625 0.81015625 0.0265625 0.01953125
0 0.2265625 0.8359375 0.0296875 0.0234375
0 0.18671875 0.484375 0.01875 0.01328125
0 0.17265625 0.79453125 0.02890625 0.02265625
0 0.54375 0.7859375 0.10234375 0.06484375
1 0.6671875 0.3109375 0.25859375 0.20546875
0 0.4265625 0.76171875 0.0890625 0.08046875
0 0.66171875 0.80703125 0.05 0.02421875
1 0.2296875 0.63828125 0.1171875 0.08828125
1 0.39609375 0.546875 0.0625 0.0421875
1 0.42734375 0.62578125 0.0625 0.04296875
1 0.33828125 0.58515625 0.0640625 0.04296875
1 0.58203125 0.27890625 0.1984375 0.140625
1 0.50625 0.52734375 0.05859375 0.04296875
0 0.440625 0.85703125 0.03984375 0.0328125
0 0.47578125 0.86015625 0.0390625 0.0328125
0 0.98828125 0.1828125 0.0234375 0.03359375
0 0.6109375 0.46875 0.0109375 0.0109375
0 0.51796875 0.54296875 0.0125 0.01328125
0 0.6859375 0.50703125 0.01484375 0.0078125
0 0.690625 0.503125 0.0140625 0.0078125
0 0.825 0.484375 0.0109375 0.00625
0 0.825 0.47890625 0.0109375 0.00625
0 0.83671875 0.47734375 0.0109375 0.00625
0 0.83828125 0.47109375 0.0109375 0.0078125
0 0.9328125 0.4734375 0.01015625 0.01015625
0 0.940625 0.47421875 0.00859375 0.0109375
0 0.9671875 0.34140625 0.0359375 0.03125
0 0.39375 0.79921875 0.0546875 0.0671875
1 0.45859375 0.3046875 0.15625 0.1765625
1 0.44453125 0.3375 0.23515625 0.28984375
0 0.484375 0.2078125 0.1703125 0.12265625
0 0.49140625 0.16953125 0.09375 0.10234375
0 0.4546875 0.15078125 0.0546875 0.06875