0 0.04296875 0.73046875 0.02265625 0.02421875
0 0.08984375 0.77421875 0.01484375 0.0109375
0 0.1296875 0.7359375 0.02109375 0.01796875
0 0.1390625 0.85 0.02109375 0.0234375
0 0.04765625 0.578125 0.02265625 0.0203125
0 0.1921875 0.2234375 0.025 0.028125
0 0.2703125 0.27734375 0.02265625 0.02421875
0 0.421875 0.8203125 0.01640625 0.0140625
0 0.6359375 0.60390625 0.0234375 0.01875
0 0.5140625 0.47265625 0.0359375 0.0265625
0 0.721875 0.44765625 0.01640625 0.0125
0 0.70546875 0.2203125 0.0265625 0.01875
0 0.3515625 0.16484375 0.025 0.02265625
0 0.3734375 0.328125 0.03359375 0.0234375
0 0.65625 0.18125 0.025 0.01875
0 0.7421875 0.15078125 0.02734375 0.02265625
0 0.8140625 0.49921875 0.01875 0.0125
0 0.7984375 0.1890625 0.0265625 0.021875
0 0.4296875 0.21640625 0.09765625 0.06015625
1 0.3515625 0.69765625 0.2421875 0.19375
0 0.54921875 0.23515625 0.0828125 0.0765625
0 0.31015625 0.2015625 0.0484375 0.02265625
1 0.75703125 0.3484375 0.11015625 0.0828125
1 0.59921875 0.44765625 0.05859375 0.0390625
1 0.5609375 0.3703125 0.05859375 0.040625
1 0.65390625 0.40703125 0.06015625 0.040625
1 0.4390625 0.72421875 0.1890625 0.13125
1 0.49140625 0.47265625 0.0546875 0.040625
0 0.52578125 0.140625 0.0375 0.03125
0 0.490625 0.1390625 0.0359375 0.03125
0 0.03046875 0.8421875 0.04375 0.03203125
0 0.3921875 0.53671875 0.0109375 0.01015625
0 0.478125 0.45859375 0.0109375 0.0125
0 0.31328125 0.50234375 0.0140625 0.0078125
0 0.31015625 0.50703125 0.0125 0.0078125
0 0.17734375 0.5328125 0.01015625 0.00546875
0 0.17734375 0.53828125 0.01015625 0.00546875
0 0.16640625 0.540625 0.01015625 0.00546875
0 0.165625 0.54609375 0.01015625 0.00625
0 0.0703125 0.5484375 0.01015625 0.009375
0 0.06328125 0.54921875 0.00859375 0.01015625
0 0.04921875 0.6828125 0.03515625 0.02890625
0 0.578125 0.19609375 0.05 0.065625
1 0.559375 0.69296875 0.14140625 0.1703125
1 0.5703125 0.65859375 0.2109375 0.28125
0 0.54296875 0.790625 0.1609375 0.115625
0 0.5390625 0.82890625 0.08515625 0.0984375
0 0.57734375 0.84609375 0.05 0.06640625