0 0.24765625 0.425 0.0328125 0.021875
0 0.2265625 0.41796875 0.0234375 0.02265625
0 0.4515625 0.19296875 0.0390625 0.0265625
0 0.56875 0.21953125 0.0375 0.01953125
0 0.5359375 0.196875 0.0328125 0.0265625
0 0.5046875 0.24765625 0.01875 0.0234375
0 0.375 0.1078125 0.0203125 0.009375
0 0.99140625 0.4828125 0.01640625 0.0125
0 0.975 0.346875 0.025 0.0203125
0 0.8734375 0.2921875 0.02265625 0.0203125
0 0.84296875 0.6765625 0.12265625 0.08046875
0 0.21640625 0.74296875 0.12734375 0.06640625
1 0.65703125 0.4890625 0.2296875 0.28046875
0 0.9203125 0.70546875 0.09609375 0.1
0 0.36953125 0.778125 0.11875 0.0765625
1 0.33359375 0.80703125 0.4234375 0.15390625
0 0.4484375 0.81640625 0.0203125 0.0109375
0 0.86640625 0.9140625 0.09140625 0.0390625
0 0.5546875 0.26875 0.05234375 0.02890625
1 0.56171875 0.278125 0.14609375 0.14140625
1 0.5265625 0.359375 0.19765625 0.25390625
0 0.6984375 0.2109375 0.03125 0.02421875
0 0.740625 0.2046875 0.0328125 0.025
0 0.7765625 0.16015625 0.03125 0.0125
0 0.99765625 0.28359375 0.0046875 0.0203125
0 0.565625 0.1328125 0.03359375 0.01328125
0 0.1296875 0.209375 0.0234375 0.01875
0 0.0265625 0.8125 0.0265625 0.0140625