0 0.5546875 0.3 0.0234375 0.021875
0 0.56015625 0.28359375 0.02734375 0.0140625
0 0.8953125 0.4109375 0.0296875 0.025
0 0.88046875 0.5015625 0.02109375 0.025
0 0.9046875 0.47421875 0.03125 0.0203125
0 0.8328125 0.459375 0.02890625 0.01015625
0 0.99375 0.33984375 0.01015625 0.0140625
0 0.6078125 0.86015625 0.0140625 0.01015625
0 0.7828125 0.82421875 0.0234375 0.015625
0 0.8375 0.73984375 0.025 0.0140625
0 0.6875 0.0578125 0.12734375 0.08828125
0 0.32734375 0.78359375 0.08984375 0.08125
0 0.13125 0.3328125 0.0703125 0.08828125
1 0.5421875 0.6140625 0.3484375 0.1296875
0 0.2171875 0.1171875 0.09375 0.0578125
0 0.30234375 0.8703125 0.12265625 0.1046875
0 0.0671875 0.04609375 0.03125 0.040625
0 0.1125 0.4515625 0.08515625 0.07890625
1 0.06796875 0.43046875 0.1359375 0.3046875
0 0.07578125 0.51640625 0.0125 0.01328125
0 0.3234375 0.9125 0.02109375 0.01328125
0 0.01875 0.8609375 0.0375 0.10234375
0 0.8140625 0.5 0.03125 0.0359375
1 0.8015625 0.50703125 0.17109375 0.0890625
1 0.6890625 0.4953125 0.31875 0.1078125
0 0.9140625 0.596875 0.02890625 0.01953125
0 0.9296875 0.6265625 0.0296875 0.0203125
0 0.99453125 0.6453125 0.0109375 0.02265625
0 0.871875 0.8359375 0.025 0.01328125
0 0.99375 0.484375 0.0125 0.02421875
0 0.8171875 0.17578125 0.02109375 0.01484375
0 0.0078125 0.2046875 0.01484375 0.01796875