0 0.2546875 0.65390625 0.04375 0.03125
0 0.4125 0.70546875 0.0375 0.03203125
0 0.3140625 0.65 0.0375 0.03359375
0 0.7765625 0.79296875 0.04609375 0.034375
0 0.77109375 0.76171875 0.0203125 0.0140625
0 0.7640625 0.728125 0.01875 0.01953125
0 0.73671875 0.60234375 0.02109375 0.015625
0 0.68984375 0.575 0.0203125 0.0171875
0 0.4109375 0.39296875 0.0328125 0.01875
0 0.6578125 0.61484375 0.0515625 0.0375
0 0.4015625 0.3703125 0.03984375 0.02890625
0 0.4671875 0.375 0.03984375 0.02890625
0 0.78359375 0.628125 0.0171875 0.015625
0 0.971875 0.7640625 0.02109375 0.01875
0 0.94453125 0.640625 0.01875 0.01484375
0 0.9609375 0.56953125 0.05390625 0.0453125
0 0.3578125 0.6109375 0.07265625 0.0546875
0 0.7921875 0.47109375 0.0796875 0.06015625
0 0.69921875 0.48359375 0.08515625 0.06171875
0 0.61171875 0.81875 0.0453125 0.0375
0 0.709375 0.43359375 0.0734375 0.05546875
0 0.8484375 0.75 0.05234375 0.03828125
0 0.4703125 0.740625 0.04375 0.03359375
0 0.05859375 0.5734375 0.06484375 0.0484375
0 0.4640625 0.40546875 0.04765625 0.0421875
0 0.6890625 0.77109375 0.03984375 0.034375
0 0.5296875 0.59609375 0.0609375 0.0328125
0 0.640625 0.74375 0.04140625 0.034375
0 0.0796875 0.2421875 0.0578125 0.0359375
0 0.27734375 0.19609375 0.05625 0.0296875
0 0.8640625 0.78046875 0.0515625 0.04375
0 0.4953125 0.61015625 0.06484375 0.0375
0 0.73203125 0.38984375 0.0703125 0.05546875
0 0.9328125 0.596875 0.04609375 0.03125
0 0.615625 0.615625 0.05390625 0.04375
0 0.259375 0.61796875 0.04609375 0.03125
0 0.16953125 0.77578125 0.04765625 0.0453125
0 0.17890625 0.6765625 0.04765625 0.0265625
0 0.0890625 0.69921875 0.0515625 0.0390625
0 0.7421875 0.50078125 0.0421875 0.0390625
0 0.19375 0.76171875 0.03984375 0.03125
0 0.21640625 0.740625 0.0421875 0.0328125
0 0.6140625 0.375 0.0171875 0.0125
0 0.35546875 0.82265625 0.03515625 0.0328125
0 0.30703125 0.89765625 0.025 0.01328125
0 0.1390625 0.8515625 0.04140625 0.02265625
0 0.19296875 0.3984375 0.04375 0.0296875
0 0.41875 0.3 0.0578125 0.05234375
1 0.32890625 0.36484375 0.39140625 0.3