0 0.246875 0.64765625 0.0421875 0.0296875
0 0.403125 0.703125 0.0359375 0.03125
0 0.30703125 0.6453125 0.0359375 0.0328125
0 0.7625 0.80078125 0.0453125 0.03359375
0 0.75859375 0.76875 0.01875 0.0140625
0 0.753125 0.73515625 0.0171875 0.01875
0 0.73203125 0.60859375 0.02109375 0.015625
0 0.6859375 0.58046875 0.0203125 0.0171875
0 0.41640625 0.390625 0.0328125 0.01796875
0 0.65234375 0.61875 0.05 0.03671875
0 0.4078125 0.36796875 0.0390625 0.028125
0 0.47265625 0.37421875 0.0390625 0.028125
0 0.77734375 0.6359375 0.0171875 0.01484375
0 0.959375 0.77578125 0.0203125 0.01875
0 0.9375 0.6515625 0.01875 0.0140625
0 0.9578125 0.58203125 0.05234375 0.04375
0 0.35234375 0.60625 0.07109375 0.053125
0 0.79296875 0.47890625 0.07734375 0.0578125
0 0.7 0.4890625 0.0828125 0.06015625
0 0.596875 0.82109375 0.04375 0.0375
0 0.7125 0.43984375 0.07265625 0.053125
0 0.83671875 0.75859375 0.0515625 0.0375
0 0.459375 0.73984375 0.0421875 0.0328125
0 0.05546875 0.56171875 0.0625 0.04765625
0 0.46875 0.4046875 0.04609375 0.04140625
0 0.6765625 0.77578125 0.0390625 0.03359375
0 0.52421875 0.596875 0.06015625 0.03125
0 0.6296875 0.74765625 0.03984375 0.03359375
0 0.0921875 0.23125 0.05625 0.034375
0 0.2921875 0.190625 0.0546875 0.02890625
0 0.8515625 0.78984375 0.05 0.04296875
0 0.48984375 0.61015625 0.0640625 0.0359375
0 0.73671875 0.39609375 0.0671875 0.053125
0 0.928125 0.6078125 0.0453125 0.0296875
0 0.61015625 0.61796875 0.05234375 0.04296875
0 0.25390625 0.61171875 0.0453125 0.0296875
0 0.15703125 0.76640625 0.0453125 0.04375
0 0.17109375 0.66796875 0.04765625 0.025
0 0.08046875 0.68828125 0.05 0.03828125
0 0.7421875 0.50703125 0.03984375 0.03828125
0 0.18203125 0.753125 0.0390625 0.0296875
0 0.2046875 0.73359375 0.0421875 0.03203125
0 0.6203125 0.378125 0.01640625 0.0109375
0 0.340625 0.81796875 0.03359375 0.0328125
0 0.28828125 0.89140625 0.025 0.0125
0 0.1234375 0.8421875 0.03984375 0.02265625
0 0.1984375 0.390625 0.0421875 0.02890625
0 0.428125 0.2984375 0.05625 0.0515625
1 0.33515625 0.3609375 0.3796875 0.2921875