0 0.3359375 0.29375 0.03515625 0.02890625
0 0.2421875 0.403125 0.0375 0.02421875
0 0.33125 0.3390625 0.03984375 0.0234375
0 0.0703125 0.65859375 0.03984375 0.0296875
0 0.1125 0.66015625 0.01640625 0.01328125
0 0.1578125 0.66015625 0.0234375 0.0109375
0 0.328125 0.659375 0.01875 0.0140625
0 0.37109375 0.62890625 0.0203125 0.01328125
0 0.6546875 0.45078125 0.0203125 0.02265625
0 0.32421875 0.59921875 0.04375 0.03359375
0 0.6859375 0.446875 0.03359375 0.0265625
0 0.66953125 0.49453125 0.03359375 0.0265625
0 0.2859375 0.68984375 0.01875 0.0109375
0 0.07890625 0.80859375 0.02265625 0.01328125
0 0.2453125 0.80703125 0.0171875 0.0125
0 0.3359375 0.83046875 0.05390625 0.034375
0 0.2078125 0.89140625 0.0203125 0.0109375
0 0.04375 0.8921875 0.02265625 0.01328125
0 0.3765625 0.37734375 0.0640625 0.04765625
0 0.4484375 0.940625 0.06875 0.05078125
0 0.4921875 0.72109375 0.0703125 0.05234375
0 0.490625 0.65078125 0.07109375 0.05625
0 0.73671875 0.096875 0.0515625 0.05234375
0 0.0625 0.5328125 0.0453125 0.02890625
0 0.5546875 0.665625 0.0640625 0.0484375
0 0.11640625 0.71953125 0.0453125 0.034375
0 0.1875 0.440625 0.03984375 0.028125
0 0.47265625 0.16171875 0.0578125 0.0421875
0 0.6296875 0.48828125 0.05 0.0296875
0 0.11328125 0.59765625 0.04140625 0.025
0 0.36875 0.50625 0.03515625 0.0421875
0 0.15703125 0.56640625 0.04140625 0.0265625
0 0.9046875 0.22890625 0.03984375 0.03828125
0 0.93515625 0.3828125 0.0328125 0.03828125
0 0.0734375 0.72578125 0.05234375 0.0328125
0 0.35546875 0.4796875 0.04140625 0.04375
0 0.60859375 0.6890625 0.06484375 0.0453125
0 0.3046875 0.80546875 0.03515625 0.03125
0 0.3296875 0.5671875 0.05234375 0.034375
0 0.3828125 0.303125 0.03515625 0.03125
0 0.1890625 0.2125 0.0546875 0.02890625
0 0.31796875 0.23515625 0.02890625 0.0328125
0 0.3015625 0.16484375 0.04609375 0.03359375
0 0.4609375 0.6796875 0.04765625 0.0265625
0 0.203125 0.2328125 0.0359375 0.0265625
0 0.2265625 0.25234375 0.0390625 0.028125
0 0.646875 0.60390625 0.0140625 0.0109375
0 0.0984375 0.3421875 0.03984375 0.021875
0 0.00703125 0.29453125 0.0140625 0.01796875
0 0.0921875 0.178125 0.025 0.028125
0 0.68125 0.28828125 0.03359375 0.02890625
0 0.77578125 0.47109375 0.0640625 0.03671875
1 0.7046875 0.39375 0.3515625 0.2546875