0 0.878125 0.846875 0.0390625 0.0203125
0 0.4265625 0.284375 0.03125 0.01875
0 0.30546875 0.178125 0.02734375 0.01796875
0 0.29296875 0.27578125 0.03125 0.02421875
0 0.515625 0.21015625 0.02890625 0.0234375
0 0.45703125 0.52734375 0.0265625 0.0265625
0 0.93203125 0.53125 0.1125 0.06875
0 0.08359375 0.57109375 0.125 0.10234375
0 0.5453125 0.4875 0.0984375 0.06484375
0 0.6046875 0.1671875 0.10859375 0.075
1 0.83125 0.715625 0.33125 0.175
0 0.98359375 0.7359375 0.02265625 0.053125
0 0.1078125 0.459375 0.0953125 0.08828125
0 0.8296875 0.34140625 0.06875 0.05546875
0 0.30390625 0.38125 0.11015625 0.0796875
0 0.08359375 0.75546875 0.1078125 0.06484375
0 0.31953125 0.31640625 0.0953125 0.06640625
0 0.375 0.51171875 0.06484375 0.0515625
0 0.6484375 0.3625 0.0625 0.05078125
0 0.88203125 0.3015625 0.04765625 0.03671875
0 0.6328125 0.26484375 0.04140625 0.04140625
0 0.978125 0.2484375 0.04375 0.04296875
0 0.6953125 0.284375 0.05625 0.0390625
0 0.99375 0.18359375 0.0125 0.05
0 0.58046875 0.26796875 0.0453125 0.03359375
0 0.46953125 0.24765625 0.0421875 0.0296875
0 0.215625 0.3859375 0.0390625 0.03359375
0 0.590625 0.81328125 0.0453125 0.025
0 0.52890625 0.85859375 0.14609375 0.0359375
0 0.39140625 0.45859375 0.0671875 0.046875
0 0.49375 0.70703125 0.025 0.015625
0 0.3234375 0.865625 0.0265625 0.01328125
0 0.3265625 0.85078125 0.0296875 0.015625
0 0.29921875 0.85234375 0.02734375 0.01875
1 0.37734375 0.86015625 0.21640625 0.02890625
0 0.0578125 0.7875 0.0171875 0.00546875
0 0.0046875 0.46875 0.009375 0.028125
0 0.06875 0.42109375 0.03515625 0.0296875
0 0.028125 0.29296875 0.01484375 0.0140625
0 0.07109375 0.28984375 0.0125 0.0125
0 0.1046875 0.15546875 0.0375 0.0296875
1 0.26015625 0.18359375 0.28515625 0.12734375
1 0.4234375 0.1328125 0.09375 0.01796875
0 0.3171875 0.44453125 0.0265625 0.04140625
0 0.359375 0.43046875 0.0703125 0.05078125
0 0.5984375 0.13203125 0.09375 0.0109375
0 0.8984375 0.83046875 0.0390625 0.028125
0 0.8015625 0.8359375 0.03515625 0.01796875
1 0.71484375 0.83984375 0.4140625 0.08125
0 0.2171875 0.60703125 0.03359375 0.01875