0 0.95546875 0.21015625 0.0265625 0.02890625
0 0.8875 0.08515625 0.02265625 0.04140625
0 0.2140625 0.559375 0.025 0.0234375
0 0.07421875 0.6515625 0.0234375 0.0203125
0 0.2046875 0.65859375 0.0328125 0.0234375
0 0.11328125 0.49375 0.03125 0.021875
0 0.5375 0.53203125 0.03515625 0.01953125
0 0.534375 0.17578125 0.0890625 0.08359375
0 0.6015625 0.8109375 0.13359375 0.0921875
0 0.4828125 0.465625 0.08515625 0.0734375
0 0.0546875 0.42734375 0.0984375 0.08046875
1 0.7828125 0.19765625 0.22734375 0.346875
0 0.80703125 0.1125 0.07109375 0.05625
0 0.453125 0.79453125 0.11640625 0.06953125
0 0.2828125 0.25546875 0.07265625 0.05078125
0 0.3453125 0.64921875 0.10390625 0.08125
0 0.4640625 0.09453125 0.06875 0.0546875
0 0.8484375 0.80703125 0.08515625 0.0796875
0 0.2578125 0.6390625 0.0875 0.0703125
0 0.5171875 0.59375 0.0671875 0.04765625
0 0.3140625 0.39140625 0.06640625 0.04609375
0 0.22890625 0.2171875 0.04765625 0.034375
0 0.184375 0.4046875 0.05390625 0.0296875
0 0.15703125 0.1421875 0.05625 0.03828125
0 0.209375 0.35703125 0.0515625 0.04140625
0 0.06953125 0.115625 0.06640625 0.046875
0 0.1890625 0.44375 0.04375 0.0328125
0 0.1640625 0.52734375 0.0390625 0.03125
0 0.353125 0.71484375 0.04375 0.028125
0 0.91640625 0.4265625 0.0328125 0.03359375
0 0.71640625 0.9546875 0.06484375 0.04609375
0 0.97734375 0.47265625 0.0453125 0.10859375
0 0.446875 0.5828125 0.0609375 0.05
0 0.7765625 0.50078125 0.02109375 0.01875
0 0.990625 0.62578125 0.0171875 0.01953125
0 0.9703125 0.62421875 0.02109375 0.02265625
0 0.9734375 0.64453125 0.025 0.0203125
1 0.98203125 0.5859375 0.0359375 0.1625
0 0.890625 0.82578125 0.0078125 0.01328125
0 0.56015625 0.92578125 0.03515625 0.01953125
0 0.46875 0.8796875 0.0375 0.02265625
0 0.4015625 0.825 0.03984375 0.025
0 0.2421875 0.89140625 0.0171875 0.009375
0 0.23203125 0.8578125 0.01875 0.0109375
0 0.22734375 0.825 0.01640625 0.009375
0 0.04765625 0.80234375 0.0390625 0.02734375
1 0.0828125 0.6859375 0.16484375 0.21171875
1 0.0109375 0.56328125 0.021875 0.0703125
0 0.4296875 0.63828125 0.0546875 0.01875
0 0.409375 0.60703125 0.06640625 0.0515625
0 0.00703125 0.4328125 0.0140625 0.0703125
0 0.93359375 0.19609375 0.0359375 0.028125
0 0.9421875 0.26875 0.0234375 0.0265625
1 0.94921875 0.3328125 0.1015625 0.309375
0 0.64765625 0.71015625 0.025 0.025