0 0.0875 0.8234375 0.0296875 0.03125
0 0.17265625 0.94296875 0.02890625 0.04296875
0 0.7765625 0.41875 0.02890625 0.025
0 0.90234375 0.31640625 0.0265625 0.02265625
0 0.77109375 0.31875 0.03515625 0.0265625
0 0.8859375 0.47578125 0.03359375 0.0234375
0 0.4578125 0.47109375 0.0375 0.02265625
0 0.5109375 0.825 0.1 0.08984375
0 0.35546875 0.19921875 0.14609375 0.10234375
0 0.521875 0.5328125 0.0953125 0.0796875
0 0.9484375 0.53671875 0.10234375 0.08828125
1 0.2609375 0.82109375 0.275 0.3578125
0 0.2484375 0.909375 0.07890625 0.06171875
0 0.50546875 0.203125 0.125 0.078125
0 0.75078125 0.72578125 0.07890625 0.05625
0 0.6328125 0.33984375 0.11484375 0.0890625
0 0.5921875 0.9 0.0765625 0.059375
0 0.11015625 0.221875 0.09609375 0.0859375
0 0.721875 0.34296875 0.09609375 0.0765625
0 0.46953125 0.4078125 0.0734375 0.05234375
0 0.7 0.59375 0.07265625 0.05078125
0 0.809375 0.76015625 0.05234375 0.03828125
0 0.8265625 0.56953125 0.0578125 0.03359375
0 0.89140625 0.82890625 0.0609375 0.0421875
0 0.80859375 0.61953125 0.05625 0.0453125
0 0.97265625 0.8484375 0.0546875 0.0515625
0 0.8171875 0.53125 0.04765625 0.0359375
0 0.8296875 0.446875 0.0421875 0.03359375
0 0.61640625 0.27421875 0.04765625 0.03125
0 0.09609375 0.60625 0.0375 0.03671875
0 0.221875 0.06484375 0.07109375 0.05078125
0 0.0296875 0.56484375 0.05859375 0.11171875
0 0.54140625 0.4140625 0.0671875 0.0546875
0 0.225 0.5203125 0.0234375 0.0203125
0 0.0140625 0.41328125 0.0234375 0.02421875
0 0.0109375 0.39296875 0.021875 0.0234375
1 0.01796875 0.45234375 0.0359375 0.1640625
0 0.06640625 0.20625 0.00859375 0.0140625
0 0.38125 0.08125 0.0375 0.02265625
0 0.478125 0.1203125 0.03984375 0.025
0 0.55234375 0.16953125 0.04375 0.028125
0 0.7015625 0.090625 0.01875 0.01015625
0 0.7171875 0.1234375 0.0203125 0.01328125
0 0.72578125 0.15546875 0.0171875 0.01015625
0 0.9078125 0.16328125 0.0421875 0.0296875
1 0.8890625 0.2828125 0.19375 0.22421875
1 0.9765625 0.39765625 0.0328125 0.07109375
0 0.5515625 0.35703125 0.0578125 0.02265625
0 0.575 0.38671875 0.07265625 0.05625
0 0.99375 0.52734375 0.0125 0.07109375
0 0.1109375 0.83671875 0.03984375 0.03125
0 0.0921875 0.76484375 0.02734375 0.028125
1 0.0765625 0.7015625 0.14375 0.315625
0 0.3234375 0.30234375 0.02890625 0.02734375