0 0.23046875 0.18671875 0.02109375 0.02265625
0 0.2984375 0.06796875 0.01875 0.01953125
0 0.61953125 0.50625 0.0359375 0.02265625
0 0.5765625 0.57421875 0.02890625 0.0234375
0 0.0640625 0.72109375 0.0234375 0.01953125
0 0.5609375 0.8921875 0.03515625 0.0234375
0 0.596875 0.80625 0.0296875 0.015625
0 0.6359375 0.71015625 0.02109375 0.015625
0 0.46875 0.9 0.01875 0.0171875
0 0.734375 0.7359375 0.01640625 0.01484375
0 0.17109375 0.528125 0.15859375 0.12265625
0 0.6296875 0.4375 0.1328125 0.06171875
0 0.05703125 0.5671875 0.1140625 0.1171875
0 0.61875 0.35546875 0.11640625 0.046875
0 0.5578125 0.13984375 0.075 0.06875
0 0.55859375 0.2515625 0.06640625 0.078125
0 0.7296875 0.26484375 0.0578125 0.04375
0 0.53671875 0.61953125 0.1265625 0.05234375
0 0.46640625 0.4375 0.05 0.03359375
0 0.878125 0.04921875 0.10234375 0.0609375
0 0.5265625 0.5078125 0.0578125 0.028125
0 0.2875 0.5921875 0.0484375 0.03359375
0 0.5953125 0.05703125 0.05234375 0.0390625
0 0.83515625 0.375 0.05859375 0.0390625
1 0.9171875 0.321875 0.13515625 0.084375
0 0.0484375 0.6515625 0.0484375 0.040625
0 0.028125 0.67421875 0.02109375 0.0265625
0 0.25234375 0.60625 0.02265625 0.01484375
0 0.62734375 0.60703125 0.03125 0.0265625
0 0.7828125 0.575 0.08125 0.06171875
0 0.590625 0.6765625 0.0390625 0.021875
0 0.9265625 0.72734375 0.0390625 0.01953125
0 0.690625 0.86171875 0.025 0.0171875
0 0.97421875 0.59921875 0.0515625 0.053125
0 0.9484375 0.57421875 0.02734375 0.0125
0 0.88515625 0.41875 0.07109375 0.0453125
0 0.9359375 0.371875 0.0390625 0.02421875
0 0.9140625 0.16484375 0.1015625 0.05
0 0.78359375 0.1125 0.03359375 0.03359375
0 0.7421875 0.1421875 0.0625 0.04609375
0 0.39765625 0.0125 0.01640625 0.0171875
0 0.21796875 0.19765625 0.0125 0.0171875
0 0.046875 0.17265625 0.01875 0.01328125
0 0.28828125 0.2671875 0.02109375 0.01328125
0 0.3078125 0.26796875 0.01875 0.0125
0 0.309375 0.278125 0.0109375 0.01328125
0 0.30078125 0.27890625 0.0109375 0.01328125
0 0.28671875 0.278125 0.01875 0.01328125
0 0.2796875 0.28828125 0.0140625 0.0125
0 0.290625 0.2875 0.0125 0.01328125
0 0.3015625 0.28984375 0.01484375 0.0109375
0 0.31484375 0.290625 0.01484375 0.01328125
0 0.30625 0.29921875 0.0140625 0.01328125
0 0.3046875 0.31015625 0.01484375 0.01328125
0 0.29453125 0.29921875 0.0109375 0.01328125
0 0.2828125 0.2984375 0.0140625 0.0140625
1 0.9609375 0.278125 0.03515625 0.034375