0 0.0171875 0.26015625 0.01484375 0.0109375
0 0.26796875 0.1703125 0.01875 0.021875
0 0.34921875 0.05703125 0.01640625 0.01953125
0 0.61796875 0.51484375 0.03359375 0.0203125
0 0.56796875 0.57890625 0.0265625 0.021875
0 0.040625 0.69140625 0.02109375 0.01875
0 0.51484375 0.89453125 0.0328125 0.021875
0 0.5609375 0.8109375 0.02890625 0.0140625
0 0.6109375 0.71796875 0.0203125 0.01484375
0 0.42265625 0.89609375 0.0171875 0.015625
0 0.70625 0.75 0.01484375 0.0140625
0 0.16953125 0.50625 0.14609375 0.11328125
0 0.63671875 0.446875 0.1265625 0.053125
0 0.05078125 0.53828125 0.1015625 0.1109375
0 0.63515625 0.36328125 0.1125 0.0390625
0 0.6 0.14453125 0.0671875 0.06484375
0 0.5875 0.25625 0.0578125 0.07421875
0 0.75625 0.28125 0.05234375 0.0421875
0 0.5234375 0.62109375 0.12109375 0.0453125
0 0.4734375 0.43515625 0.04609375 0.03125
0 0.9296875 0.07578125 0.09609375 0.05546875
0 0.525 0.51015625 0.0546875 0.02421875
0 0.27734375 0.578125 0.0453125 0.03125
0 0.646875 0.06484375 0.0484375 0.03671875
0 0.8484375 0.39765625 0.0546875 0.0359375
1 0.93671875 0.35 0.1265625 0.0765625
0 0.0328125 0.62109375 0.0453125 0.0375
0 0.009375 0.64296875 0.01875 0.025
0 0.24140625 0.58984375 0.02109375 0.0140625
0 0.6140625 0.61484375 0.02890625 0.02421875
0 0.77265625 0.59296875 0.075 0.05703125
0 0.5703125 0.68125 0.0359375 0.01953125
0 0.8984375 0.7546875 0.0359375 0.01796875
0 0.6484375 0.87265625 0.0234375 0.01484375
0 0.96953125 0.63046875 0.0609375 0.05
0 0.93828125 0.60390625 0.0265625 0.01015625
0 0.89296875 0.44375 0.06640625 0.04140625
0 0.9484375 0.40078125 0.0359375 0.02265625
0 0.9515625 0.19296875 0.09609375 0.04296875
0 0.82734375 0.1328125 0.0296875 0.03203125
0 0.7828125 0.16015625 0.0578125 0.0421875
0 0.4546875 0.0078125 0.01484375 0.015625
0 0.2546875 0.18046875 0.0109375 0.015625
0 0.08671875 0.14453125 0.01640625 0.0125
0 0.31640625 0.2546875 0.0203125 0.0125
0 0.3359375 0.25625 0.0171875 0.0109375
0 0.3359375 0.26640625 0.01015625 0.0125
0 0.3265625 0.26640625 0.01015625 0.0125
0 0.3140625 0.26484375 0.0171875 0.0125
0 0.30546875 0.275 0.0125 0.0109375
0 0.31640625 0.27421875 0.0109375 0.0125
0 0.3265625 0.27734375 0.0140625 0.01015625
0 0.33984375 0.27890625 0.0140625 0.0125
0 0.3296875 0.2875 0.0125 0.0125
0 0.32734375 0.29765625 0.0140625 0.0125
0 0.31875 0.2859375 0.01015625 0.0125
0 0.3078125 0.28515625 0.0125 0.01328125
1 0.984375 0.309375 0.03125 0.0328125