0 0.22578125 0.21796875 0.03125 0.01796875
0 0.028125 0.18984375 0.0359375 0.01796875
0 0.09609375 0.3109375 0.01484375 0.01015625
0 0.47265625 0.1703125 0.0421875 0.01484375
0 0.5921875 0.25 0.0421875 0.0203125
0 0.61953125 0.159375 0.0265625 0.0171875
0 0.6171875 0.253125 0.01015625 0.01328125
0 0.8328125 0.3015625 0.03359375 0.02265625
0 0.75625 0.278125 0.02734375 0.0171875
0 0.67578125 0.20703125 0.02734375 0.0171875
0 0.9921875 0.240625 0.0125 0.01796875
0 0.25390625 0.5421875 0.0296875 0.021875
0 0.2421875 0.46875 0.01484375 0.00859375
0 0.2109375 0.62421875 0.01484375 0.009375
0 0.12890625 0.49140625 0.01484375 0.0078125
0 0.1921875 0.39765625 0.0328125 0.015625
0 0.046875 0.56171875 0.01640625 0.0125
0 0.2046875 0.51328125 0.0125 0.0078125
0 0.209375 0.37421875 0.03359375 0.01875
0 0.003125 0.4046875 0.00625 0.034375
0 0.33203125 0.53203125 0.0234375 0.00625
0 0.00390625 0.5921875 0.0078125 0.01015625
0 0.59140625 0.35625 0.02265625 0.034375
0 0.61015625 0.34140625 0.0171875 0.0265625
0 0.3484375 0.64453125 0.01484375 0.009375
0 0.46015625 0.62265625 0.0125 0.009375
0 0.55 0.53125 0.0125 0.01328125
0 0.56640625 0.5578125 0.01015625 0.00859375
0 0.65 0.53828125 0.01484375 0.01328125
0 0.5515625 0.44765625 0.0125 0.009375
0 0.8765625 0.4078125 0.0328125 0.0234375
0 0.7703125 0.36484375 0.0265625 0.02734375
0 0.8765625 0.534375 0.0359375 0.02421875
0 0.6890625 0.61796875 0.02890625 0.02421875
0 0.8546875 0.59765625 0.0296875 0.0203125
0 0.9171875 0.640625 0.01640625 0.00859375
0 0.83984375 0.4734375 0.0328125 0.0234375
0 0.72578125 0.34296875 0.0390625 0.0140625
0 0.6765625 0.5125 0.0140625 0.01796875
0 0.69140625 0.3578125 0.0203125 0.0109375
0 0.690625 0.3671875 0.02109375 0.009375
0 0.2625 0.7125 0.01484375 0.01015625
0 0.37578125 0.690625 0.0109375 0.01015625
0 0.403125 0.73515625 0.0109375 0.01015625
0 0.4671875 0.6984375 0.0140625 0.0078125
0 0.81484375 0.75703125 0.0125 0.01015625
0 0.8671875 0.68671875 0.01640625 0.009375
0 0.89765625 0.71015625 0.0171875 0.009375
1 0.45078125 0.36796875 0.16640625 0.1203125
0 0.1546875 0.1625 0.10625 0.059375
0 0.0640625 0.41484375 0.0484375 0.05078125
1 0.3046875 0.4140625 0.15625 0.13125
1 0.2859375 0.30234375 0.15390625 0.11875
0 0.8984375 0.49453125 0.0375 0.0265625
0 0.3703125 0.15546875 0.0609375 0.04296875
0 0.15625 0.528125 0.0375 0.04375
0 0.5265625 0.15703125 0.0390625 0.03125
0 0.8234375 0.5765625 0.0421875 0.021875
0 0.7140625 0.33203125 0.0296875 0.00859375
0 0.47265625 0.428125 0.0359375 0.00625
0 0.6015625 0.26484375 0.02265625 0.01015625
0 0.71953125 0.346875 0.02109375 0.00859375
0 0.10859375 0.3203125 0.01484375 0.009375
0 0.125 0.28046875 0.01484375 0.00546875
0 0.125 0.28828125 0.02265625 0.01015625
0 0.2046875 0.35546875 0.0125 0.0140625
0 0.36484375 0.4125 0.0046875 0.01015625
0 0.1265625 0.346875 0.0328125 0.028125
0 0.17578125 0.5109375 0.00859375 0.01328125
0 0.3453125 0.5265625 0.0265625 0.00546875
0 0.659375 0.5203125 0.01875 0.0296875
0 0.37421875 0.4125 0.00625 0.0109375