0 0.18203125 0.2453125 0.03359375 0.0203125
0 0.06875 0.34921875 0.01640625 0.0109375
0 0.41953125 0.17578125 0.0453125 0.01875
0 0.5515625 0.24375 0.0453125 0.02421875
0 0.56328125 0.15078125 0.02890625 0.01875
0 0.5765625 0.24453125 0.0125 0.0140625
0 0.7984375 0.27265625 0.0375 0.025
0 0.71796875 0.25703125 0.0296875 0.01953125
0 0.6265625 0.19296875 0.0296875 0.01953125
0 0.946875 0.19765625 0.01484375 0.01875
0 0.2625 0.5640625 0.03359375 0.02421875
0 0.2390625 0.49296875 0.01640625 0.009375
0 0.23359375 0.64921875 0.01640625 0.01015625
0 0.1296875 0.525 0.01640625 0.00859375
0 0.178125 0.4265625 0.03515625 0.01875
0 0.06015625 0.60234375 0.0171875 0.01328125
0 0.209375 0.540625 0.0140625 0.00859375
0 0.19140625 0.4015625 0.0359375 0.021875
0 0.33828125 0.546875 0.025 0.00859375
0 0.02265625 0.63671875 0.00859375 0.0109375
0 0.5671875 0.34921875 0.02734375 0.03671875
0 0.5828125 0.33203125 0.02109375 0.02734375
0 0.3734375 0.6578125 0.01640625 0.01015625
0 0.4796875 0.625 0.0140625 0.01015625
0 0.5546875 0.5265625 0.01484375 0.0140625
0 0.575 0.5515625 0.0109375 0.009375
0 0.6546875 0.52421875 0.0171875 0.0140625
0 0.5421875 0.44375 0.0140625 0.01015625
0 0.85859375 0.37421875 0.0359375 0.0265625
0 0.746875 0.34140625 0.0296875 0.02890625
0 0.8796875 0.49921875 0.03984375 0.02734375
0 0.70703125 0.59921875 0.0328125 0.02734375
0 0.86796875 0.56484375 0.03359375 0.0234375
0 0.93671875 0.6015625 0.0171875 0.01015625
0 0.8328125 0.44296875 0.0359375 0.0265625
0 0.6984375 0.3234375 0.04140625 0.01796875
0 0.67734375 0.49609375 0.01640625 0.01875
0 0.6671875 0.34140625 0.02109375 0.01328125
0 0.6671875 0.35078125 0.02265625 0.0109375
0 0.2984375 0.7328125 0.01640625 0.0109375
0 0.4078125 0.7 0.0125 0.0109375
0 0.4421875 0.7421875 0.0125 0.0109375
0 0.49921875 0.7 0.01484375 0.00859375
0 0.8546875 0.72578125 0.0140625 0.0109375
0 0.89453125 0.6515625 0.0171875 0.0109375
0 0.92890625 0.671875 0.01875 0.0109375
1 0.4296875 0.3734375 0.18515625 0.134375
0 0.1015625 0.196875 0.11484375 0.06875
0 0.05390625 0.45546875 0.05625 0.0546875
1 0.2921875 0.43203125 0.1765625 0.14453125
1 0.25546875 0.3234375 0.17265625 0.13203125
0 0.8953125 0.45859375 0.04140625 0.02890625
0 0.315625 0.1703125 0.0671875 0.0484375
0 0.16328125 0.559375 0.0453125 0.046875
0 0.4703125 0.15703125 0.04375 0.034375
0 0.83359375 0.546875 0.04609375 0.025
0 0.6859375 0.31328125 0.03125 0.0109375
0 0.4609375 0.43125 0.0375 0.009375
0 0.56328125 0.2578125 0.0234375 0.0125
0 0.69296875 0.328125 0.02265625 0.01015625
0 0.0828125 0.35703125 0.01640625 0.01015625
0 0.0921875 0.31640625 0.01640625 0.00625
0 0.09375 0.32421875 0.0234375 0.0125
0 0.1828125 0.38359375 0.01484375 0.01484375
0 0.3515625 0.42578125 0.00625 0.01015625
0 0.1046875 0.38203125 0.0359375 0.03125
0 0.1796875 0.540625 0.0109375 0.0140625
0 0.3515625 0.540625 0.02734375 0.00859375
0 0.6609375 0.50546875 0.0234375 0.03203125
0 0.3609375 0.42421875 0.0078125 0.0125