0 0.8578125 0.76796875 0.02734375 0.0234375
0 0.4796875 0.690625 0.025 0.021875
0 0.35546875 0.875 0.02734375 0.02421875
0 0.0390625 0.41640625 0.0234375 0.015625
0 0.0921875 0.20390625 0.01875 0.0171875
0 0.0546875 0.21640625 0.01640625 0.0109375
0 0.515625 0.4859375 0.08125 0.059375
0 0.8171875 0.6625 0.07734375 0.0640625
0 0.39140625 0.1046875 0.09609375 0.0609375
0 0.0296875 0.553125 0.0578125 0.071875
0 0.3953125 0.8765625 0.08359375 0.1078125
0 0.7546875 0.63515625 0.0546875 0.0421875
0 0.41328125 0.33984375 0.09375 0.08828125
0 0.26171875 0.646875 0.08984375 0.04296875
0 0.0859375 0.31328125 0.0453125 0.0546875
0 0.2 0.68828125 0.04375 0.0296875
0 0.2546875 0.7828125 0.04375 0.03125
0 0.01640625 0.44453125 0.0328125 0.04375
0 0.5640625 0.365625 0.10625 0.07421875
0 0.28359375 0.61875 0.1640625 0.0546875
0 0.2890625 0.5296875 0.1328125 0.0703125
0 0.2703125 0.3796875 0.01875 0.01953125
0 0.5109375 0.38671875 0.1 0.0703125
0 0.28125 0.51015625 0.0359375 0.02265625
0 0.26640625 0.5546875 0.1578125 0.1015625
0 0.03125 0.71015625 0.0296875 0.04375
0 0.0296875 0.7421875 0.0203125 0.021875
0 0.36796875 0.86328125 0.0125 0.02890625
0 0.4796875 0.72109375 0.02734375 0.0203125
0 0.4890625 0.7328125 0.01875 0.0140625
0 0.871875 0.77109375 0.0203125 0.01875
0 0.87109375 0.78359375 0.0265625 0.01015625
0 0.99296875 0.746875 0.0140625 0.0125
0 0.8375 0.67421875 0.0265625 0.01796875
0 0.7484375 0.6421875 0.01484375 0.0125
0 0.75546875 0.48515625 0.0171875 0.01328125
0 0.7734375 0.5015625 0.0203125 0.0140625
0 0.7734375 0.48984375 0.0171875 0.015625
0 0.95390625 0.4765625 0.0921875 0.08125
0 0.128125 0.12109375 0.02109375 0.01328125
0 0.11171875 0.06640625 0.0296875 0.0265625
0 0.01484375 0.21484375 0.01875 0.015625
0 0.03828125 0.29921875 0.02265625 0.0203125
0 0.021875 0.35078125 0.02734375 0.0390625
0 0.02421875 0.3171875 0.0203125 0.015625
0 0.528125 0.4890625 0.02109375 0.0125