0 0.8765625 0.2453125 0.0296875 0.01875
0 0.75234375 0.525 0.02734375 0.01796875
0 0.9875 0.62734375 0.025 0.01875
0 0.36484375 0.84140625 0.0203125 0.0171875
0 0.084375 0.78984375 0.02109375 0.01328125
0 0.0984375 0.81796875 0.0140625 0.0109375
0 0.4828125 0.4875 0.075 0.0578125
0 0.73359375 0.2703125 0.08125 0.05546875
0 0.54609375 0.85546875 0.09375 0.0390625
0 0.9625 0.59765625 0.075 0.05625
0 0.69375 0.31640625 0.05390625 0.0390625
0 0.2828125 0.55703125 0.1125 0.06640625
0 0.6828125 0.6859375 0.05234375 0.065625
0 0.2296875 0.80078125 0.07109375 0.03125
0 0.73515625 0.73515625 0.0390625 0.03203125
0 0.86328125 0.6984375 0.03984375 0.03203125
0 0.971875 0.13359375 0.03984375 0.03125
0 0.40078125 0.8625 0.0578125 0.02890625
0 0.32421875 0.4453125 0.09375 0.07578125
0 0.64609375 0.66796875 0.0640625 0.12109375
0 0.528125 0.66015625 0.0875 0.096875
0 0.32734375 0.665625 0.025 0.01328125
0 0.35 0.4859375 0.0890625 0.07109375
0 0.5015625 0.66484375 0.02734375 0.0265625
0 0.5609375 0.67734375 0.12734375 0.11328125
0 0.75546875 0.86171875 0.0578125 0.0203125
0 0.7984375 0.86484375 0.02734375 0.01328125
0 0.97734375 0.61796875 0.0390625 0.00859375
0 0.79375 0.5265625 0.0265625 0.01953125
0 0.809375 0.5203125 0.0171875 0.01328125
0 0.88046875 0.2359375 0.0234375 0.0140625
0 0.896875 0.2375 0.0125 0.01875
0 0.8546875 0.13984375 0.01484375 0.01796875
0 0.74921875 0.25625 0.02265625 0.01875
0 0.7015625 0.32109375 0.01484375 0.01015625
0 0.49453125 0.3078125 0.01640625 0.0125
0 0.51640625 0.29453125 0.0171875 0.0140625
0 0.5015625 0.2953125 0.0203125 0.0125
0 0.49375 0.1578125 0.10234375 0.065625
0 0.0953125 0.8484375 0.0203125 0.01328125
0 0.20859375 0.83515625 0.0265625 0.015625
0 0.2765625 0.85 0.0515625 0.01875
0 0.23203125 0.846875 0.0203125 0.0140625
0 0.4859375 0.478125 0.01484375 0.01484375