0 0.5734375 0.46328125 0.1140625 0.0765625
0 0.4390625 0.60234375 0.1015625 0.0859375
0 0.5875 0.40078125 0.15 0.09921875
0 0.4453125 0.7296875 0.125 0.08984375
0 0.25859375 0.4375 0.09140625 0.0875
0 0.62734375 0.0875 0.09765625 0.06171875
0 0.33828125 0.42890625 0.0875 0.10390625
0 0.5734375 0.7921875 0.17890625 0.15078125
0 0.2703125 0.32734375 0.07734375 0.1046875
1 0.9203125 0.6359375 0.14609375 0.11640625
0 0.396875 0.55625 0.0484375 0.0390625
1 0.9828125 0.4265625 0.03359375 0.071875
1 0.96953125 0.365625 0.0609375 0.184375
0 0.62265625 0.26484375 0.03984375 0.02734375
0 0.615625 0.2515625 0.025 0.01875
0 0.6171875 0.1 0.0203125 0.01328125
0 0.4796875 0.6140625 0.025 0.02890625
1 0.0640625 0.07734375 0.0578125 0.07421875