0 0.4296875 0.540625 0.1078125 0.07109375
0 0.5515625 0.3953125 0.09375 0.08125
0 0.421875 0.60390625 0.14140625 0.0921875
0 0.53359375 0.26796875 0.1171875 0.084375
0 0.74609375 0.55 0.08359375 0.08359375
0 0.4109375 0.91796875 0.0921875 0.05703125
0 0.66796875 0.5625 0.07890625 0.1
0 0.4 0.2125 0.16640625 0.1421875
0 0.7453125 0.66015625 0.06875 0.1015625
1 0.06796875 0.38671875 0.1359375 0.109375
0 0.59765625 0.43828125 0.0453125 0.0375
1 0.01953125 0.59765625 0.0390625 0.0703125
1 0.0328125 0.65859375 0.06484375 0.18203125
0 0.39921875 0.740625 0.0375 0.025
0 0.4078125 0.75390625 0.0234375 0.01796875
0 0.4203125 0.9046875 0.01875 0.0125
0 0.51015625 0.38515625 0.02265625 0.028125
1 0.97421875 0.8984375 0.0515625 0.07109375