0 0.44296875 0.44921875 0.0984375 0.08359375
0 0.6421875 0.53515625 0.1125 0.0734375
0 0.359375 0.4453125 0.12734375 0.10859375
0 0.8109375 0.5171875 0.11640625 0.090625
0 0.4421875 0.6859375 0.1140625 0.065625
0 0.421875 0.628125 0.1359375 0.0625
0 0.8796875 0.41484375 0.19609375 0.1296875
0 0.2953125 0.68984375 0.1375 0.05546875
1 0.6359375 0.17265625 0.1515625 0.10625
0 0.58515625 0.57109375 0.0515625 0.034375
1 0.35234375 0.14375 0.0953125 0.03203125
1 0.27265625 0.15546875 0.2453125 0.05546875
0 0.17578125 0.4328125 0.03515625 0.02890625
0 0.1578125 0.43984375 0.025 0.01875
0 0.653125 0.503125 0.0390625 0.01796875