1 0.4984375 0.096875 0.2265625 0.1625
1 0.6390625 0.05234375 0.1796875 0.10390625
0 0.5828125 0.51484375 0.0828125 0.06015625
0 0.4328125 0.4515625 0.0546875 0.046875
0 0.4796875 0.4421875 0.05625 0.05
0 0.559375 0.7140625 0.04765625 0.03359375
0 0.58828125 0.6203125 0.0421875 0.028125
1 0.3453125 0.6375 0.21015625 0.1515625
0 0.95859375 0.26796875 0.0359375 0.1015625
1 0.44375 0.46015625 0.1765625 0.11640625
0 0.0328125 0.66328125 0.03125 0.05
0 0.034375 0.50703125 0.06875 0.06015625
0 0.47109375 0.7953125 0.1375 0.08828125
0 0.9703125 0.36328125 0.03515625 0.065625
0 0.01875 0.28984375 0.0375 0.0421875
0 0.20703125 0.77890625 0.04140625 0.0234375
0 0.38828125 0.66875 0.03125 0.028125
0 0.41328125 0.55078125 0.01875 0.0109375
0 0.48359375 0.59296875 0.0296875 0.0265625
0 0.1421875 0.646875 0.0390625 0.02265625
0 0.00546875 0.40625 0.0109375 0.03828125
0 0.0265625 0.56328125 0.04140625 0.0234375
0 0.7109375 0.2078125 0.02109375 0.015625
0 0.55078125 0.2625 0.02109375 0.01796875
0 0.5390625 0.26953125 0.01640625 0.021875
0 0.10078125 0.26328125 0.0296875 0.0296875
0 0.0171875 0.2375 0.0296875 0.03125
0 0.13515625 0.18046875 0.025 0.0171875
0 0.128125 0.246875 0.0265625 0.0171875
0 0.0515625 0.16875 0.0234375 0.015625
0 0.1390625 0.28046875 0.02265625 0.0171875
0 0.0828125 0.18828125 0.0171875 0.0140625
0 0.05859375 0.3640625 0.0390625 0.0171875
0 0.128125 0.13515625 0.01640625 0.01328125
0 0.04296875 0.12421875 0.01484375 0.01328125
0 0.00390625 0.17578125 0.0078125 0.0140625
0 0.07734375 0.234375 0.0265625 0.0171875
0 0.00859375 0.34765625 0.0171875 0.01875
0 0.415625 0.26953125 0.01015625 0.0109375
0 0.65703125 0.25390625 0.04140625 0.02890625
0 0.70546875 0.2625 0.0484375 0.0359375
0 0.00625 0.2875 0.0125 0.01328125
0 0.015625 0.275 0.03125 0.0234375
0 0.09296875 0.29765625 0.07734375 0.0578125
0 0.10234375 0.31015625 0.01484375 0.00859375
0 0.13046875 0.3234375 0.03359375 0.01796875
0 0.07109375 0.328125 0.08359375 0.0328125
0 0.0109375 0.33125 0.021875 0.021875
0 0.0890625 0.3484375 0.0828125 0.0203125
0 0.034375 0.3484375 0.03359375 0.01953125
0 0.03671875 0.36015625 0.01640625 0.00625
0 0.01328125 0.36328125 0.0265625 0.0296875
0 0.12265625 0.38203125 0.01875 0.01015625
0 0.0875 0.384375 0.0640625 0.06015625
0 0.04140625 0.3828125 0.0703125 0.025
0 0.009375 0.4265625 0.01640625 0.009375
0 0.02421875 0.43203125 0.03359375 0.0140625
0 0.0390625 0.40546875 0.0609375 0.0359375
0 0.10234375 0.4078125 0.07109375 0.0421875
0 0.00625 0.46015625 0.0125 0.01484375
0 0.0296875 0.44921875 0.0265625 0.01796875
0 0.071875 0.44296875 0.02109375 0.00859375
0 0.0640625 0.47109375 0.02265625 0.0125
0 0.08671875 0.484375 0.0640625 0.04140625
0 0.0078125 0.54375 0.0109375 0.00859375
0 0.0296875 0.58828125 0.0453125 0.03359375
0 0.26015625 0.59453125 0.01875 0.0109375
0 0.24609375 0.58984375 0.0328125 0.0171875
0 0.4015625 0.54609375 0.025 0.01328125
1 0.1640625 0.64296875 0.30859375 0.203125
1 0.0515625 0.440625 0.103125 0.05625
0 0.47421875 0.4125 0.025 0.0109375
0 0.4625 0.41015625 0.0203125 0.009375
1 0.57578125 0.5390625 0.27109375 0.175