0 0.6578125 0.16953125 0.0953125 0.0875
0 0.5109375 0.49140625 0.05625 0.0578125
0 0.84453125 0.23359375 0.1390625 0.0734375
1 0.0921875 0.73046875 0.18359375 0.1359375
0 0.49296875 0.30703125 0.04375 0.025
0 0.9609375 0.41875 0.07734375 0.12109375
1 0.040625 0.571875 0.08125 0.11796875
0 0.63125 0.60234375 0.04765625 0.04375
1 0.78828125 0.7828125 0.08125 0.0671875
0 0.6078125 0.5359375 0.04140625 0.03203125
1 0.1875 0.51796875 0.20625 0.075
0 0.71171875 0.32578125 0.0640625 0.1109375
0 0.6140625 0.56484375 0.0453125 0.02734375
0 0.44375 0.73984375 0.0421875 0.025
0 0.50546875 0.39921875 0.0265625 0.0640625
1 0.76171875 0.6390625 0.15390625 0.140625
1 0.07109375 0.47421875 0.0640625 0.12265625
1 0.18203125 0.4 0.1484375 0.06015625
1 0.1828125 0.1671875 0.1453125 0.05234375
0 0.4765625 0.40546875 0.0265625 0.021875
0 0.5734375 0.46953125 0.02265625 0.01875
0 0.3921875 0.62890625 0.0265625 0.01875
0 0.58203125 0.73125 0.01640625 0.01796875
0 0.44765625 0.553125 0.01484375 0.0125
0 0.4171875 0.48828125 0.01484375 0.0109375
0 0.3359375 0.76171875 0.01484375 0.0125
0 0.46484375 0.6140625 0.02734375 0.01953125
0 0.2078125 0.7703125 0.0171875 0.01328125
0 0.36640625 0.6078125 0.025 0.0125
0 0.471875 0.7203125 0.03359375 0.0234375
0 0.50546875 0.6203125 0.0265625 0.015625
0 0.30703125 0.76328125 0.01640625 0.0125
0 0.63125 0.69921875 0.03984375 0.0359375
0 0.60078125 0.66328125 0.0140625 0.00859375
0 0.04921875 0.18359375 0.03515625 0.02890625
0 0.68671875 0.4203125 0.0125 0.02265625
0 0.68203125 0.2953125 0.05234375 0.0625
0 0.7515625 0.6265625 0.03515625 0.0453125
0 0.2703125 0.6296875 0.04375 0.028125
0 0.534375 0.55234375 0.0390625 0.0515625
0 0.55234375 0.6109375 0.04140625 0.0296875
0 0.646875 0.65859375 0.01640625 0.01015625
1 0.09609375 0.7328125 0.08359375 0.0609375
1 0.04921875 0.653125 0.0984375 0.07578125
1 0.0671875 0.6609375 0.134375 0.078125
1 0.04453125 0.553125 0.0328125 0.02265625
1 0.07734375 0.45 0.0375 0.0296875
1 0.084375 0.33359375 0.0484375 0.109375
0 0.16796875 0.15546875 0.05625 0.015625