1 0.3359375 0.65234375 0.27265625 0.2
1 0.275 0.25078125 0.41015625 0.35390625
0 0.29921875 0.25546875 0.1015625 0.065625
0 0.415625 0.2234375 0.06015625 0.04765625
0 0.55 0.759375 0.0671875 0.05703125
0 0.60390625 0.83125 0.04609375 0.04140625
1 0.66328125 0.1203125 0.5328125 0.240625
0 0.31875 0.671875 0.05859375 0.04296875
0 0.46640625 0.8828125 0.0515625 0.03203125
0 0.675 0.1296875 0.03984375 0.03125
0 0.0546875 0.7125 0.03359375 0.0515625
0 0.48515625 0.60078125 0.05859375 0.0515625
0 0.234375 0.36875 0.04375 0.0328125
0 0.0203125 0.51015625 0.03984375 0.04140625
0 0.01875 0.53515625 0.0375 0.03359375
0 0.5171875 0.71640625 0.03125 0.02265625
0 0.30546875 0.91015625 0.0265625 0.01953125
0 0.40703125 0.90546875 0.0546875 0.02734375
0 0.63125 0.50859375 0.02265625 0.0171875
0 0.396875 0.659375 0.03125 0.0234375
0 0.3515625 0.4484375 0.01640625 0.01328125
0 0.0515625 0.42421875 0.0390625 0.028125
0 0.04140625 0.54296875 0.0265625 0.02421875
0 0.14375 0.43984375 0.01875 0.01484375
0 0.0234375 0.5796875 0.0296875 0.03359375
0 0.6375 0.0640625 0.0515625 0.02421875
0 0.70703125 0.234375 0.0203125 0.01328125
0 0.653125 0.06875 0.0234375 0.0171875
0 0.534375 0.0828125 0.02265625 0.01796875
0 0.4796875 0.06640625 0.03515625 0.021875
0 0.221875 0.28984375 0.025 0.01875
0 0.040625 0.321875 0.0265625 0.01953125
0 0.47734375 0.44140625 0.01640625 0.0125
0 0.48828125 0.6328125 0.0703125 0.06328125
0 0.4859375 0.64609375 0.0625 0.046875
0 0.4703125 0.64921875 0.025 0.01484375
0 0.5078125 0.68515625 0.075 0.05390625
0 0.5109375 0.70078125 0.06640625 0.04609375
0 0.2734375 0.6359375 0.0140625 0.01328125
0 0.32578125 0.85390625 0.0171875 0.01484375
0 0.03671875 0.67890625 0.01015625 0.02421875
0 0.02109375 0.55703125 0.03515625 0.02890625
0 0.0046875 0.50546875 0.00859375 0.0171875
0 0.1375 0.465625 0.03125 0.02734375
1 0.109375 0.284375 0.21875 0.2
1 0.08125 0.29609375 0.1625 0.18125
1 0.0953125 0.20390625 0.18984375 0.1578125
0 0.66953125 0.09140625 0.0484375 0.0265625
0 0.6484375 0.278125 0.0234375 0.01328125