1 0.71640625 0.38984375 0.2625 0.1921875
1 0.61796875 0.7875 0.39140625 0.34296875
0 0.596875 0.778125 0.0984375 0.06171875
0 0.4734375 0.7828125 0.0578125 0.046875
0 0.553125 0.240625 0.0640625 0.05546875
0 0.5296875 0.16015625 0.0453125 0.0390625
1 0.221875 0.85390625 0.44375 0.2828125
0 0.73984375 0.37578125 0.05625 0.04140625
0 0.68125 0.14140625 0.05 0.0296875
0 0.18828125 0.815625 0.0375 0.0296875
0 0.99609375 0.39375 0.0078125 0.0515625
0 0.55390625 0.40625 0.05625 0.05
0 0.703125 0.68359375 0.04140625 0.03125
0 0.9671875 0.596875 0.04765625 0.040625
0 0.975 0.57265625 0.0390625 0.0328125
0 0.5671875 0.2890625 0.0296875 0.021875
0 0.8453125 0.15 0.025 0.01875
0 0.746875 0.13203125 0.05390625 0.025
0 0.37734375 0.46328125 0.02265625 0.015625
0 0.6609375 0.3703125 0.0296875 0.02265625
0 0.621875 0.58203125 0.01484375 0.0125
0 0.89921875 0.67109375 0.0375 0.02734375
0 0.95546875 0.56015625 0.025 0.0234375
0 0.8171875 0.6359375 0.01875 0.0140625
0 0.9859375 0.528125 0.02734375 0.0328125
0 0.1984375 0.88671875 0.05 0.02265625
0 0.1984375 0.70859375 0.01875 0.01328125
0 0.1859375 0.87890625 0.0234375 0.015625
0 0.3046875 0.89140625 0.02109375 0.01796875
0 0.35078125 0.91796875 0.03359375 0.0203125
0 0.684375 0.76171875 0.0234375 0.01796875
0 0.934375 0.784375 0.025 0.01796875
0 0.8703125 0.77109375 0.025 0.01875
0 0.4984375 0.5609375 0.01484375 0.0109375
0 0.56328125 0.37578125 0.06640625 0.0609375
0 0.5703125 0.3640625 0.06015625 0.0453125
0 0.58671875 0.3640625 0.0234375 0.0140625
0 0.5640625 0.321875 0.07265625 0.0515625
0 0.5671875 0.30546875 0.0640625 0.04375
0 0.7703125 0.41953125 0.0140625 0.01328125
0 0.80390625 0.20078125 0.0171875 0.0140625
0 0.98046875 0.55 0.03359375 0.028125
0 0.9796875 0.60390625 0.01640625 0.015625
0 0.8328125 0.61328125 0.0296875 0.0265625
1 0.796875 0.79453125 0.2265625 0.19375
1 0.8546875 0.79453125 0.2234375 0.175
1 0.92421875 0.80234375 0.0671875 0.05625
1 0.81171875 0.88125 0.26640625 0.14921875
0 0.17890625 0.85390625 0.04765625 0.02421875
0 0.27265625 0.6796875 0.02265625 0.0125