0 0.08203125 0.2421875 0.03359375 0.021875
0 0.0140625 0.1890625 0.02734375 0.0203125
0 0.2203125 0.2078125 0.0203125 0.021875
0 0.13515625 0.38671875 0.03515625 0.01953125
0 0.18671875 0.43203125 0.02890625 0.02265625
0 0.1859375 0.48671875 0.03515625 0.01875
0 0.24609375 0.65859375 0.01484375 0.0125
0 0.2171875 0.34453125 0.02109375 0.02421875
0 0.1390625 0.83046875 0.0171875 0.0109375
0 0.1609375 0.7140625 0.0171875 0.0140625
0 0.45859375 0.840625 0.0203125 0.01484375
0 0.5171875 0.71171875 0.01640625 0.0140625
1 0.58203125 0.6859375 0.22109375 0.1953125
1 0.8203125 0.30390625 0.1359375 0.0890625
0 0.0375 0.76171875 0.075 0.0578125
1 0.33671875 0.44453125 0.12890625 0.24296875
0 0.78203125 0.10859375 0.0484375 0.03125
0 0.01953125 0.26171875 0.0390625 0.040625
0 0.5328125 0.4609375 0.05625 0.0515625
0 0.4140625 0.5390625 0.05390625 0.0375
0 0.1578125 0.575 0.0390625 0.03125
0 0.09375 0.56015625 0.05 0.034375
0 0.0546875 0.4390625 0.04140625 0.028125
0 0.12265625 0.60078125 0.0375 0.0375
0 0.4796875 0.2171875 0.03125 0.01953125
1 0.5515625 0.2546875 0.2453125 0.14140625
0 0.82734375 0.28359375 0.0140625 0.0140625
0 0.6171875 0.03984375 0.01484375 0.00625
0 0.61796875 0.04765625 0.025 0.0109375
1 0.240625 0.13203125 0.11015625 0.08515625
0 0.3703125 0.42890625 0.02265625 0.009375
0 0.2796875 0.4828125 0.0171875 0.0140625
0 0.52109375 0.771875 0.01015625 0.0125
0 0.5 0.91953125 0.04765625 0.034375
0 0.17578125 0.75234375 0.0171875 0.01328125
1 0.98359375 0.74765625 0.0328125 0.0421875
1 0.98203125 0.83203125 0.0359375 0.16796875
1 0.0171875 0.7234375 0.034375 0.06875