0 0.88046875 0.38515625 0.13359375 0.0734375
0 0.21171875 0.4515625 0.05625 0.02890625
0 0.2984375 0.59296875 0.0671875 0.03359375
0 0.1125 0.50234375 0.0625 0.03125
0 0.97421875 0.23203125 0.04375 0.028125
0 0.4015625 0.6140625 0.0375 0.0671875
0 0.35390625 0.5890625 0.0375 0.0671875
0 0.85546875 0.24375 0.0140625 0.0078125
0 0.8875 0.2390625 0.0203125 0.01328125
0 0.26796875 0.41953125 0.01640625 0.0109375
0 0.7390625 0.596875 0.0140625 0.01171875
0 0.62421875 0.63828125 0.02109375 0.01484375
0 0.3671875 0.59453125 0.00625 0.0078125
0 0.36796875 0.41953125 0.00625 0.0046875
0 0.3625 0.41484375 0.0078125 0.00390625
0 0.08125 0.3375 0.01640625 0.0109375
0 0.05078125 0.23984375 0.0203125 0.00546875
0 0.0515625 0.2359375 0.0203125 0.0046875
0 0.90390625 0.3421875 0.0140625 0.0109375
1 0.89609375 0.45625 0.1296875 0.1140625
1 0.9296875 0.5875 0.13984375 0.159375