0 0.7234375 0.7078125 0.1359375 0.07890625
0 0.5703125 0.33515625 0.05390625 0.0328125
0 0.325 0.39140625 0.0640625 0.0390625
0 0.4765625 0.28203125 0.05859375 0.03671875
0 0.98671875 0.75234375 0.0265625 0.02578125
0 0.2921875 0.45078125 0.1203125 0.025
0 0.33359375 0.42265625 0.12109375 0.025
0 0.9734375 0.68671875 0.01484375 0.00859375
0 0.9828125 0.70390625 0.025 0.01171875
0 0.6296875 0.365625 0.02109375 0.01015625
0 0.33984375 0.63984375 0.02265625 0.00859375
0 0.2609375 0.57734375 0.02734375 0.0125
0 0.32578125 0.43046875 0.0140625 0.00390625
0 0.6359375 0.421875 0.00859375 0.00390625
0 0.64375 0.41875 0.00625 0.00390625
0 0.76640625 0.25625 0.02109375 0.01015625
0 0.9375 0.23359375 0.0109375 0.0109375
0 0.9453125 0.234375 0.01015625 0.0109375
0 0.8015625 0.71875 0.0203125 0.00859375
1 0.5984375 0.7203125 0.20859375 0.07890625
1 0.3671875 0.74609375 0.29140625 0.0875