0 0.89375 0.4 0.1421875 0.078125
0 0.21875 0.440625 0.06015625 0.03125
0 0.2875 0.584375 0.07109375 0.03671875
0 0.11328125 0.48671875 0.06640625 0.0328125
0 0.99140625 0.25078125 0.0171875 0.0296875
0 0.3875 0.61015625 0.04609375 0.06796875
0 0.34296875 0.58359375 0.04609375 0.06875
0 0.8859375 0.2578125 0.01484375 0.00859375
0 0.91875 0.25546875 0.02109375 0.0140625
0 0.27890625 0.4109375 0.0171875 0.01171875
0 0.7265625 0.60625 0.01484375 0.0125
0 0.60703125 0.64296875 0.02265625 0.015625
0 0.35625 0.5890625 0.0078125 0.0078125
0 0.378125 0.41484375 0.00625 0.0046875
0 0.3734375 0.409375 0.0078125 0.00390625
0 0.10234375 0.32109375 0.0171875 0.01171875
0 0.08359375 0.2234375 0.02109375 0.00625
0 0.08515625 0.21875 0.0203125 0.00546875
0 0.92265625 0.35859375 0.01484375 0.0109375
1 0.90078125 0.471875 0.14375 0.11875
1 0.91796875 0.60390625 0.16015625 0.16484375