0 0.74453125 0.9109375 0.03359375 0.02890625
0 0.5734375 0.85078125 0.04140625 0.02421875
0 0.55703125 0.76796875 0.04140625 0.02421875
0 0.58125 0.7015625 0.0234375 0.0171875
0 0.6875 0.5765625 0.0234375 0.015625
0 0.88203125 0.534375 0.03515625 0.028125
0 0.84296875 0.61875 0.01640625 0.01796875
0 0.9109375 0.45625 0.0125 0.01328125
0 0.5546875 0.34140625 0.03359375 0.0203125
0 0.9015625 0.27890625 0.0234375 0.01796875
0 0.61015625 0.253125 0.03359375 0.021875
0 0.6171875 0.59765625 0.1390625 0.09921875
0 0.1703125 0.29296875 0.1 0.09375
0 0.1953125 0.71484375 0.11640625 0.09765625
0 0.2484375 0.77890625 0.09140625 0.08046875
0 0.478125 0.42890625 0.0390625 0.04765625
0 0.9015625 0.55546875 0.02890625 0.009375
0 0.70234375 0.628125 0.02109375 0.0109375
0 0.9109375 0.4375 0.0125 0.0125
0 0.91875 0.43828125 0.01015625 0.0140625
0 0.91875 0.45546875 0.0078125 0.0125
0 0.78828125 0.4265625 0.0234375 0.01875
0 0.65859375 0.42421875 0.0140625 0.0125
0 0.434375 0.29921875 0.01484375 0.01015625
0 0.66015625 0.26171875 0.0140625 0.015625
0 0.67109375 0.259375 0.0140625 0.01796875
0 0.84453125 0.15859375 0.0171875 0.01328125
0 0.440625 0.13203125 0.02890625 0.0171875
0 0.246875 0.15234375 0.02109375 0.015625
0 0.2484375 0.446875 0.0203125 0.01015625
0 0.26171875 0.45078125 0.0109375 0.0140625
0 0.27421875 0.46015625 0.01640625 0.0140625
0 0.2703125 0.47578125 0.0140625 0.01484375
0 0.2859375 0.47265625 0.01640625 0.0109375
0 0.03828125 0.596875 0.02265625 0.0125
0 0.3984375 0.634375 0.0109375 0.0125
0 0.53046875 0.803125 0.0234375 0.01875
0 0.115625 0.9515625 0.01640625 0.0140625
0 0.1671875 0.99140625 0.01484375 0.0171875
0 0.2375 0.85390625 0.0140625 0.0125
0 0.24921875 0.85625 0.01484375 0.0125
0 0.2453125 0.86484375 0.01640625 0.01015625
0 0.30859375 0.74453125 0.01875 0.0109375
0 0.32265625 0.73984375 0.0171875 0.01484375
1 0.8859375 0.509375 0.12734375 0.18828125
1 0.7828125 0.58828125 0.2515625 0.1
1 0.6171875 0.69296875 0.21484375 0.12265625
0 0.875 0.9375 0.0171875 0.0109375