0 0.78203125 0.896875 0.0359375 0.0296875
0 0.60546875 0.84609375 0.0421875 0.0265625
0 0.58203125 0.7640625 0.0421875 0.0265625
0 0.6 0.696875 0.025 0.01796875
0 0.69453125 0.5671875 0.025 0.0171875
0 0.88359375 0.5140625 0.0375 0.02890625
0 0.853125 0.6 0.0171875 0.01796875
0 0.90546875 0.434375 0.0140625 0.01328125
0 0.5390625 0.3390625 0.0359375 0.021875
0 0.8796875 0.25859375 0.025 0.01875
0 0.58671875 0.2484375 0.0359375 0.02265625
0 0.62578125 0.5921875 0.14609375 0.10625
0 0.1515625 0.3109375 0.10859375 0.09765625
0 0.21640625 0.73046875 0.1234375 0.10234375
0 0.27421875 0.79140625 0.0984375 0.084375
0 0.471875 0.43046875 0.04375 0.0484375
0 0.90625 0.534375 0.02890625 0.01015625
0 0.7140625 0.6171875 0.02109375 0.0125
0 0.90390625 0.41640625 0.0140625 0.0125
0 0.9125 0.41640625 0.0109375 0.01484375
0 0.9140625 0.43359375 0.00859375 0.01328125
0 0.78046875 0.41171875 0.025 0.01953125
0 0.6515625 0.41640625 0.01484375 0.0125
0 0.415625 0.30390625 0.01484375 0.01015625
0 0.6375 0.253125 0.01484375 0.015625
0 0.6484375 0.25078125 0.01484375 0.01796875
0 0.8109375 0.14140625 0.01875 0.0140625
0 0.40625 0.13515625 0.0296875 0.01875
0 0.215625 0.16640625 0.02265625 0.0171875
0 0.24453125 0.459375 0.0203125 0.0109375
0 0.2578125 0.46328125 0.0125 0.0140625
0 0.27109375 0.471875 0.0171875 0.01484375
0 0.26796875 0.4875 0.01484375 0.01484375
0 0.28359375 0.48359375 0.01640625 0.0125
0 0.0484375 0.62109375 0.0234375 0.01328125
0 0.4109375 0.6390625 0.0125 0.0125
0 0.55859375 0.80078125 0.025 0.01953125
0 0.1578125 0.9703125 0.0171875 0.01484375
0 0.2703125 0.8671875 0.01484375 0.0125
0 0.2828125 0.86796875 0.01640625 0.0125
0 0.28046875 0.87734375 0.01640625 0.0109375
0 0.33203125 0.753125 0.01875 0.0125
0 0.3453125 0.74921875 0.01875 0.015625
1 0.8859375 0.4890625 0.14375 0.1921875
1 0.790625 0.5734375 0.2578125 0.1125
1 0.634375 0.68671875 0.2234375 0.1328125
0 0.9140625 0.9171875 0.0171875 0.0125