0 0.36796875 0.41171875 0.07109375 0.06484375
0 0.2390625 0.11875 0.03359375 0.03828125
0 0.178125 0.16328125 0.0515625 0.04609375
0 0.1546875 0.45234375 0.0515625 0.0390625
0 0.02265625 0.3609375 0.0453125 0.0328125
0 0.175 0.696875 0.05234375 0.02734375
0 0.07578125 0.628125 0.05390625 0.0265625
0 0.390625 0.24609375 0.05390625 0.05
0 0.36015625 0.74375 0.04765625 0.03671875
0 0.31328125 0.77265625 0.06875 0.02734375
0 0.609375 0.56875 0.03359375 0.07421875
0 0.0703125 0.37734375 0.0515625 0.03125
0 0.20859375 0.56171875 0.025 0.0578125
0 0.6171875 0.228125 0.02265625 0.0515625
0 0.1359375 0.28203125 0.0296875 0.0359375
0 0.78671875 0.0984375 0.01875 0.05078125
0 0.46328125 0.24921875 0.02890625 0.08046875
0 0.7203125 0.2078125 0.0296875 0.07890625
0 0.6484375 0.51328125 0.0421875 0.0671875
0 0.44609375 0.27890625 0.02265625 0.0453125
0 0.15625 0.26953125 0.0375 0.02421875
0 0.06875 0.259375 0.03515625 0.0234375
0 0.32265625 0.11171875 0.0171875 0.0125
0 0.209375 0.24765625 0.0140625 0.009375
0 0.840625 0.10703125 0.02109375 0.01484375
0 0.703125 0.228125 0.01640625 0.0109375
0 0.0078125 0.6046875 0.015625 0.021875
0 0.33828125 0.578125 0.0515625 0.015625
0 0.5828125 0.5359375 0.02109375 0.04296875
0 0.621875 0.4796875 0.01640625 0.01484375
0 0.35546875 0.37265625 0.01875 0.01484375
0 0.64609375 0.471875 0.0328125 0.0234375
0 0.76015625 0.45625 0.0328125 0.02421875
0 0.846875 0.44765625 0.0140625 0.0109375
0 0.19921875 0.7921875 0.0234375 0.01953125
0 0.353125 0.6828125 0.0140625 0.00859375
0 0.3828125 0.76640625 0.01484375 0.00859375
0 0.55625 0.75625 0.01484375 0.01328125
0 0.3109375 0.4796875 0.0921875 0.05
1 0.3171875 0.43125 0.1671875 0.115625
0 0.4796875 0.2671875 0.0078125 0.01328125
0 0.628125 0.2375 0.0078125 0.01484375
0 0.625 0.46640625 0.0125 0.01328125
0 0.63046875 0.47734375 0.00859375 0.01484375
0 0.66875 0.48828125 0.0125 0.015625
0 0.6640625 0.478125 0.00859375 0.009375
0 0.65859375 0.45703125 0.01875 0.0109375
0 0.66796875 0.46640625 0.01484375 0.0109375
0 0.20234375 0.59765625 0.0125 0.0125