0 0.76171875 0.2 0.01640625 0.0140625
0 0.8203125 0.45234375 0.03515625 0.0265625
0 0.5515625 0.2984375 0.03125 0.02421875
0 0.35703125 0.3375 0.0203125 0.01328125
0 0.39140625 0.2875 0.02109375 0.02265625
0 0.4578125 0.6578125 0.025 0.01796875
0 0.09609375 0.3109375 0.10859375 0.07109375
0 0.91796875 0.74140625 0.12265625 0.08984375
1 0.71171875 0.56796875 0.17265625 0.221875
0 0.609375 0.175 0.0828125 0.0765625
0 0.465625 0.49765625 0.03984375 0.0328125
0 0.50703125 0.40859375 0.0375 0.02734375
0 0.4203125 0.6203125 0.04375 0.03828125
1 0.68203125 0.375 0.15 0.209375
0 0.79296875 0.15390625 0.03984375 0.02734375
0 0.9203125 0.146875 0.03125 0.0359375
1 0.5703125 0.725 0.2359375 0.159375
1 0.4921875 0.71171875 0.2578125 0.1890625
0 0.35234375 0.59453125 0.0234375 0.01484375
0 0.21953125 0.790625 0.0328125 0.0359375
0 0.0828125 0.85859375 0.0953125 0.03203125
0 0.1 0.79140625 0.01015625 0.0125
0 0.13046875 0.790625 0.0140625 0.0140625
0 0.215625 0.66484375 0.01484375 0.0140625
0 0.17734375 0.4140625 0.0203125 0.01953125
0 0.2078125 0.28359375 0.01640625 0.01796875
0 0.375 0.1421875 0.02109375 0.03359375
0 0.45625 0.271875 0.02109375 0.0265625
0 0.4578125 0.24453125 0.025 0.028125
0 0.64921875 0.13203125 0.02734375 0.0140625
0 0.88046875 0.24765625 0.00859375 0.0140625
0 0.8921875 0.24453125 0.0203125 0.0265625
0 0.921875 0.18515625 0.02109375 0.0265625