0 0.09921875 0.30390625 0.01875 0.0125
0 0.4359375 0.259375 0.03515625 0.0265625
0 0.23125 0.46171875 0.0328125 0.0234375
0 0.28359375 0.60703125 0.0171875 0.01484375
0 0.21640625 0.58125 0.0296875 0.015625
0 0.7109375 0.53125 0.0234375 0.01875
0 0.24765625 0.80234375 0.0953125 0.08125
0 0.821875 0.18671875 0.1203125 0.0921875
1 0.590625 0.34140625 0.29609375 0.1296875
0 0.06640625 0.41796875 0.10234375 0.06171875
0 0.496875 0.52578125 0.04375 0.0296875
0 0.378125 0.49453125 0.0359375 0.028125
0 0.6609375 0.56015625 0.0515625 0.0328125
1 0.3328125 0.36328125 0.27890625 0.1125
0 0.03828125 0.28046875 0.0359375 0.0296875
0 0.0296875 0.18515625 0.04765625 0.0234375
1 0.8 0.446875 0.2125 0.17734375
1 0.78203125 0.50546875 0.25234375 0.19296875
0 0.6265625 0.6109375 0.0203125 0.01796875
0 0.8875 0.71015625 0.04765625 0.02421875
0 0.97890625 0.8125 0.0421875 0.07109375
0 0.8890625 0.8 0.01640625 0.0078125
0 0.8875 0.7765625 0.01875 0.01015625
0 0.7203125 0.71328125 0.01875 0.0109375
0 0.3859375 0.7421875 0.0265625 0.01484375
0 0.21171875 0.71875 0.0234375 0.0125
0 0.02265625 0.59375 0.0453125 0.015625
0 0.19609375 0.5328125 0.03515625 0.015625
0 0.159375 0.53203125 0.0375 0.01875
0 0.009375 0.38828125 0.01875 0.0203125
0 0.1640625 0.21484375 0.01875 0.00625
0 0.15859375 0.20546875 0.03515625 0.01484375
0 0.0796875 0.18359375 0.03515625 0.015625
0 0.7625 0.1125 0.0234375 0.00859375