0 0.11875 0.2828125 0.0203125 0.01328125
0 0.45859375 0.25703125 0.0375 0.028125
0 0.2359375 0.44765625 0.03515625 0.025
0 0.27421875 0.5953125 0.01875 0.015625
0 0.209375 0.56640625 0.03125 0.01796875
0 0.7078125 0.5421875 0.025 0.01953125
0 0.2203125 0.78828125 0.10234375 0.0859375
0 0.85 0.2046875 0.12890625 0.09765625
1 0.6046875 0.34609375 0.3078125 0.14453125
0 0.075 0.3953125 0.1078125 0.0671875
0 0.49453125 0.52578125 0.04609375 0.03203125
0 0.37890625 0.48828125 0.0390625 0.0296875
0 0.6546875 0.56875 0.05390625 0.0359375
1 0.34609375 0.35546875 0.2890625 0.1265625
0 0.06015625 0.25703125 0.0390625 0.03203125
0 0.06015625 0.1609375 0.05 0.0265625
1 0.8046875 0.46328125 0.22890625 0.1875
1 0.78046875 0.5203125 0.2703125 0.20625
0 0.615625 0.6171875 0.02109375 0.01875
0 0.8671875 0.73046875 0.05 0.02734375
0 0.9484375 0.83671875 0.0484375 0.0734375
0 0.86015625 0.81953125 0.0171875 0.00859375
0 0.8609375 0.796875 0.0203125 0.0109375
0 0.69921875 0.72421875 0.0203125 0.0125
0 0.36328125 0.73515625 0.02734375 0.015625
0 0.1921875 0.703125 0.025 0.01328125
0 0.01875 0.56875 0.0375 0.01796875
0 0.19375 0.5171875 0.0359375 0.01796875
0 0.1578125 0.5140625 0.0390625 0.0203125
0 0.02109375 0.3625 0.0203125 0.021875
0 0.19140625 0.19765625 0.01875 0.0078125
0 0.18671875 0.18828125 0.0359375 0.0171875
0 0.1109375 0.1625 0.0359375 0.01796875
0 0.7984375 0.12734375 0.025 0.009375