0 0.6359375 0.51953125 0.0359375 0.028125
0 0.83515625 0.778125 0.03515625 0.02890625
0 0.915625 0.27265625 0.0421875 0.028125
1 0.93984375 0.67578125 0.0828125 0.1375
0 0.40703125 0.52890625 0.0953125 0.06640625
1 0.40546875 0.1296875 0.26484375 0.078125
0 0.3359375 0.34375 0.0546875 0.05234375
0 0.2984375 0.53828125 0.05234375 0.046875
1 0.36015625 0.26171875 0.3015625 0.22890625
0 0.70703125 0.24296875 0.07890625 0.0453125
0 0.04453125 0.31796875 0.025 0.03125
0 0.1390625 0.33125 0.0375 0.025
0 0.1078125 0.403125 0.0765625 0.07109375
0 0.12734375 0.415625 0.04765625 0.0375
0 0.56796875 0.2296875 0.0890625 0.06484375
0 0.525 0.3640625 0.0484375 0.04296875
0 0.3765625 0.4109375 0.0453125 0.0390625
0 0.40546875 0.41484375 0.05859375 0.059375
0 0.3453125 0.54375 0.0640625 0.04296875
0 0.4015625 0.2609375 0.08125 0.06640625