0 0.33671875 0.29453125 0.03125 0.021875
0 0.478125 0.234375 0.0171875 0.0140625
0 0.36484375 0.5015625 0.0296875 0.025
0 0.33203125 0.54296875 0.03125 0.0265625
0 0.559375 0.871875 0.02109375 0.0171875
0 0.61484375 0.4609375 0.15234375 0.0859375
0 0.6546875 0.40234375 0.13515625 0.06484375
0 0.75625 0.365625 0.0828125 0.0609375
0 0.08828125 0.090625 0.05625 0.03203125
0 0.4390625 0.7078125 0.08125 0.0734375
0 0.4734375 0.7671875 0.0734375 0.04609375
1 0.9359375 0.065625 0.1265625 0.13125
0 0.4734375 0.40078125 0.05 0.04765625
0 0.8953125 0.4359375 0.0625 0.12265625
0 0.3671875 0.128125 0.0421875 0.03125
0 0.2609375 0.42109375 0.05234375 0.03359375
0 0.2796875 0.46171875 0.0484375 0.03125
0 0.26015625 0.3828125 0.05 0.040625
0 0.3515625 0.6046875 0.0625 0.05703125
0 0.6078125 0.5390625 0.05390625 0.03359375
0 0.61328125 0.00390625 0.0390625 0.0078125
0 0.33984375 0.70703125 0.01640625 0.01015625
0 0.1078125 0.803125 0.0296875 0.0328125
0 0.99296875 0.54140625 0.0140625 0.0234375