0 0.3421875 0.29296875 0.03125 0.021875
0 0.48359375 0.23359375 0.0171875 0.01328125
0 0.36484375 0.5 0.0296875 0.025
0 0.33046875 0.540625 0.03125 0.0265625
0 0.55078125 0.87265625 0.02109375 0.0171875
0 0.615625 0.4625 0.1546875 0.08828125
0 0.6578125 0.4046875 0.1359375 0.06640625
0 0.759375 0.36953125 0.08359375 0.06171875
0 0.09765625 0.0859375 0.0578125 0.0328125
0 0.434375 0.70703125 0.0828125 0.07421875
0 0.4671875 0.76640625 0.075 0.046875
1 0.940625 0.07109375 0.11875 0.1328125
0 0.4765625 0.4 0.0515625 0.0484375
0 0.89609375 0.44140625 0.06484375 0.1234375
0 0.3765625 0.12578125 0.04375 0.03203125
0 0.26328125 0.4171875 0.05390625 0.034375
0 0.2796875 0.45859375 0.05 0.03203125
0 0.2625 0.3796875 0.0515625 0.04140625
0 0.3484375 0.603125 0.0640625 0.0578125
0 0.6078125 0.540625 0.0546875 0.034375
0 0.62578125 0.00546875 0.03984375 0.009375
0 0.33515625 0.7046875 0.01484375 0.01015625
0 0.10078125 0.79765625 0.03125 0.0328125
0 0.9921875 0.5484375 0.0140625 0.02421875