0 0.75859375 0.36015625 0.03125 0.025
0 0.8515625 0.4609375 0.01875 0.0140625
0 0.4859375 0.39921875 0.0359375 0.02421875
0 0.42890625 0.378125 0.0375 0.025
0 0.0140625 0.57578125 0.01640625 0.0171875
0 0.56171875 0.5828125 0.12734375 0.121875
0 0.64296875 0.60703125 0.09765625 0.10703125
0 0.70078125 0.6796875 0.0890625 0.06640625
0 0.21875 0.47265625 0.10390625 0.0671875
0 0.1421875 0.503125 0.0671875 0.059375
0 0.6296875 0.471875 0.0671875 0.04140625
0 0.61953125 0.78984375 0.16875 0.05703125
0 0.9734375 0.36875 0.02890625 0.03359375
0 0.584375 0.31484375 0.05 0.0421875
0 0.53203125 0.33203125 0.0453125 0.0390625
0 0.63515625 0.3109375 0.0578125 0.04140625
0 0.34765625 0.39765625 0.08125 0.0515625
0 0.4578125 0.584375 0.05 0.04296875
0 0.2109375 0.3984375 0.01484375 0.0125
0 0.06328125 0.23359375 0.04609375 0.025
0 0.4875 0.871875 0.03359375 0.0125