0 0.35859375 0.2453125 0.0375 0.03203125
0 0.5359375 0.26484375 0.01484375 0.0140625
0 0.39296875 0.29453125 0.0203125 0.0203125
0 0.3015625 0.35234375 0.03125 0.040625
0 0.09140625 0.41484375 0.0203125 0.0140625
0 0.3203125 0.54296875 0.02109375 0.0171875
0 0.50703125 0.4875 0.0171875 0.0140625
0 0.63203125 0.43515625 0.0171875 0.021875
0 0.44453125 0.39296875 0.025 0.02265625
0 0.4703125 0.54375 0.0140625 0.01015625
0 0.3875 0.603125 0.03984375 0.01484375
0 0.88359375 0.6796875 0.04609375 0.028125
0 0.0109375 0.6375 0.02109375 0.040625
0 0.8828125 0.83984375 0.03984375 0.025
0 0.6296875 0.8140625 0.03359375 0.025
0 0.80390625 0.73984375 0.0390625 0.02421875
0 0.6953125 0.846875 0.0203125 0.0171875
0 0.8421875 0.62265625 0.12265625 0.071875
0 0.2421875 0.60390625 0.1203125 0.05546875
0 0.06015625 0.515625 0.0671875 0.06640625
0 0.8609375 0.38984375 0.0875 0.05
0 0.54453125 0.715625 0.1578125 0.0734375
0 0.26640625 0.3296875 0.1015625 0.0921875
0 0.9484375 0.07109375 0.0546875 0.04296875
0 0.63203125 0.1921875 0.0578125 0.040625
0 0.34296875 0.3171875 0.0421875 0.03203125
0 0.79453125 0.3015625 0.04375 0.03359375
0 0.76953125 0.38828125 0.0390625 0.03125
0 0.60546875 0.68984375 0.06875 0.025
0 0.87734375 0.26328125 0.1359375 0.1171875
0 0.27734375 0.828125 0.06875 0.0359375
0 0.6859375 0.753125 0.15 0.06875
0 0.55625 0.7671875 0.1578125 0.071875
0 0.78359375 0.5625 0.06484375 0.02265625
0 0.365625 0.6984375 0.20234375 0.09296875
0 0.7234375 0.51953125 0.0609375 0.03125
0 0.40625 0.61640625 0.0953125 0.0265625
0 0.38046875 0.29375 0.0109375 0.0140625
0 0.54296875 0.30703125 0.0078125 0.00859375
0 0.53515625 0.3125 0.01015625 0.009375
0 0.571875 0.17734375 0.04609375 0.028125
0 0.4390625 0.18671875 0.0375 0.03203125
0 0.2796875 0.16875 0.0390625 0.0328125
0 0.1875 0.12734375 0.03984375 0.040625
0 0.27421875 0.34921875 0.02734375 0.040625
0 0.315625 0.31328125 0.0125 0.01015625
0 0.22890625 0.34921875 0.01875 0.01328125
0 0.2046875 0.55859375 0.0578125 0.0484375
0 0.38984375 0.59609375 0.0265625 0.01015625
0 0.35 0.640625 0.15 0.06484375
0 0.1796875 0.74921875 0.06484375 0.059375
0 0.146875 0.77890625 0.0921875 0.03203125
0 0.96796875 0.58515625 0.03125 0.0125
0 0.97578125 0.57734375 0.01875 0.009375
0 0.68046875 0.48125 0.04375 0.0328125
0 0.8828125 0.49609375 0.0453125 0.028125
0 0.45625 0.40546875 0.0125 0.025
0 0.4484375 0.40859375 0.0109375 0.01953125
0 0.5609375 0.49921875 0.01875 0.01015625
0 0.6421875 0.45703125 0.02265625 0.01484375
0 0.6359375 0.45234375 0.0234375 0.0203125
0 0.621875 0.43828125 0.0125 0.0140625
0 0.48046875 0.56015625 0.0140625 0.00625
0 0.48203125 0.553125 0.01484375 0.009375