0 0.73828125 0.7875 0.16875 0.11875
0 0.9859375 0.3921875 0.02734375 0.06484375
0 0.9703125 0.17265625 0.05859375 0.0734375
0 0.96640625 0.26484375 0.0671875 0.0640625
0 0.2078125 0.3484375 0.125 0.06875
0 0.7015625 0.28515625 0.0796875 0.08125
1 0.3484375 0.76875 0.19375 0.11640625
1 0.48203125 0.78671875 0.16484375 0.1453125
0 0.771875 0.52265625 0.07890625 0.04375
0 0.92421875 0.5640625 0.1515625 0.15546875
0 0.87734375 0.30703125 0.0828125 0.05078125
0 0.60078125 0.2140625 0.0640625 0.05078125
0 0.1859375 0.43984375 0.0765625 0.0375
1 0.5890625 0.5125 0.18359375 0.14609375
0 0.6 0.53046875 0.08359375 0.053125
0 0.9578125 0.7359375 0.0640625 0.0265625
1 0.48515625 0.7859375 0.1640625 0.14375
1 0.503125 0.28359375 0.1859375 0.18203125
0 0.36328125 0.4328125 0.0625 0.034375
1 0.09375 0.45859375 0.1546875 0.03203125
1 0.765625 0.1703125 0.125 0.0796875
0 0.92421875 0.15234375 0.0390625 0.03359375
1 0.140625 0.35859375 0.2296875 0.14375
0 0.00625 0.66796875 0.0125 0.025
0 0.17265625 0.81640625 0.0203125 0.01953125
0 0.19140625 0.4953125 0.03984375 0.01484375
0 0.3296875 0.49921875 0.02890625 0.01875
0 0.0796875 0.8140625 0.02890625 0.028125
0 0.26875 0.484375 0.02265625 0.01328125
0 0.37265625 0.4703125 0.0328125 0.01796875
0 0.15 0.69140625 0.0265625 0.025
0 0.09921875 0.759375 0.0234375 0.01875
0 0.14453125 0.12109375 0.025 0.0109375
0 0.50390625 0.30078125 0.0265625 0.028125
0 0.1359375 0.70234375 0.03359375 0.021875
0 0.03359375 0.49140625 0.0140625 0.01015625
0 0.1109375 0.75 0.025 0.02421875
0 0.1375 0.5109375 0.0234375 0.01796875
0 0.11328125 0.4984375 0.01875 0.0140625
0 0.24296875 0.50625 0.02734375 0.01484375
0 0.08125 0.43359375 0.01484375 0.01015625
0 0.2140625 0.8515625 0.0421875 0.0328125
0 0.51875 0.5046875 0.0171875 0.0171875
0 0.63671875 0.70078125 0.0234375 0.01796875