0 0.478125 0.29375 0.1390625 0.090625
0 0.29765625 0.559375 0.0875 0.09921875
0 0.5515625 0.61796875 0.0796875 0.1015625
0 0.49921875 0.228125 0.10390625 0.08828125
0 0.309375 0.40390625 0.13125 0.046875
0 0.6875 0.575 0.13984375 0.05
0 0.3015625 0.72734375 0.09375 0.0546875
0 0.2625 0.84140625 0.0875 0.053125
0 0.20859375 0.871875 0.0828125 0.06015625
0 0.74609375 0.45703125 0.05234375 0.0390625
0 0.759375 0.55234375 0.06640625 0.03203125
0 0.7828125 0.7671875 0.0484375 0.03671875
0 0.6328125 0.80390625 0.04765625 0.0359375
0 0.65078125 0.0671875 0.04609375 0.03828125
0 0.6578125 0.2890625 0.17890625 0.1359375
0 0.6953125 0.62421875 0.06484375 0.0265625
0 0.54765625 0.10234375 0.07265625 0.06484375
0 0.8625 0.39765625 0.04765625 0.0640625
0 0.5890625 0.15546875 0.0546875 0.04609375
0 0.97890625 0.41796875 0.0421875 0.07109375
0 0.84296875 0.4328125 0.04140625 0.03125
0 0.553125 0.06015625 0.0765625 0.04375
0 0.91171875 0.578125 0.04609375 0.0234375
0 0.98359375 0.4828125 0.0328125 0.11640625
0 0.95546875 0.56328125 0.0859375 0.05078125
0 0.95703125 0.02421875 0.02890625 0.02890625
0 0.91875 0.16171875 0.0296875 0.025
0 0.8953125 0.14296875 0.02265625 0.01953125
0 0.5515625 0.65390625 0.025 0.0125
0 0.55234375 0.60390625 0.0234375 0.01015625
0 0.92890625 0.60390625 0.0328125 0.015625
0 0.97734375 0.56171875 0.0453125 0.0265625
0 0.8046875 0.3671875 0.0203125 0.015625
0 0.6984375 0.26953125 0.1234375 0.1
0 0.7703125 0.003125 0.02109375 0.00625
0 0.8953125 0.0671875 0.04765625 0.021875
0 0.98515625 0.02578125 0.01875 0.0140625
0 0.98203125 0.01484375 0.0203125 0.0109375
0 0.9046875 0.1734375 0.01640625 0.0140625
0 0.6265625 0.89609375 0.0328125 0.02734375