0 0.50234375 0.70703125 0.14609375 0.0984375
0 0.7078125 0.4515625 0.09609375 0.10390625
0 0.46015625 0.3796875 0.0890625 0.1046875
0 0.475 0.771875 0.1109375 0.09375
0 0.68125 0.60625 0.13515625 0.053125
0 0.3203125 0.41484375 0.14375 0.05703125
0 0.71875 0.28359375 0.0984375 0.059375
0 0.76875 0.171875 0.0921875 0.0578125
0 0.825 0.14453125 0.0875 0.0640625
0 0.25078125 0.5296875 0.05625 0.0421875
0 0.24609375 0.434375 0.06875 0.0359375
0 0.2421875 0.21875 0.05234375 0.0390625
0 0.39609375 0.18984375 0.0515625 0.03828125
0 0.309375 0.92421875 0.05 0.040625
0 0.32265625 0.70234375 0.19140625 0.1453125
0 0.3171875 0.365625 0.0671875 0.0296875
0 0.415625 0.89375 0.07890625 0.06875
0 0.12890625 0.58359375 0.05390625 0.065625
0 0.3796875 0.8390625 0.05859375 0.0484375
0 0.01953125 0.55703125 0.0390625 0.0734375
0 0.1515625 0.54921875 0.04375 0.0328125
0 0.40625 0.9359375 0.0796875 0.04765625
0 0.09609375 0.40078125 0.0484375 0.0265625
0 0.01875 0.4921875 0.0375 0.11796875
0 0.0515625 0.4125 0.09140625 0.05546875
0 0.0078125 0.95078125 0.01484375 0.03125
0 0.05078125 0.815625 0.0328125 0.02734375
0 0.07265625 0.83515625 0.0234375 0.0203125
0 0.46328125 0.34375 0.0265625 0.01328125
0 0.4578125 0.39375 0.025 0.0109375
0 0.08203125 0.37421875 0.03359375 0.01796875
0 0.0296875 0.41328125 0.04765625 0.028125
0 0.1828125 0.61640625 0.02109375 0.0171875
0 0.28125 0.71953125 0.1328125 0.10703125
0 0.184375 0.98125 0.02109375 0.0078125
0 0.065625 0.9109375 0.05 0.02421875
0 0.06640625 0.8046875 0.0171875 0.01484375
0 0.4109375 0.09765625 0.03515625 0.02890625