0 0.9 0.7703125 0.0703125 0.046875
0 0.75546875 0.69609375 0.0765625 0.04375
1 0.4859375 0.53984375 0.3578125 0.13828125
0 0.8296875 0.7171875 0.0875 0.025
0 0.0453125 0.5546875 0.08984375 0.0375
0 0.8140625 0.8171875 0.0375 0.02890625
0 0.06953125 0.35234375 0.04375 0.03671875
0 0.85546875 0.4109375 0.0578125 0.03359375
0 0.8515625 0.23828125 0.05859375 0.0328125
0 0.04140625 0.28515625 0.0421875 0.02421875
0 0.47890625 0.44296875 0.1953125 0.08828125
0 0.67421875 0.74140625 0.09140625 0.025
0 0.10546875 0.3671875 0.0375 0.03125
0 0.90703125 0.5296875 0.04375 0.02890625
0 0.61015625 0.2421875 0.05 0.021875
0 0.4 0.63671875 0.19765625 0.03671875
1 0.16875 0.48203125 0.3375 0.13125
0 0.52890625 0.625 0.075 0.021875
0 0.87109375 0.54375 0.0484375 0.03671875
0 0.0140625 0.81171875 0.02734375 0.04296875
0 0.7140625 0.5265625 0.10859375 0.0359375
0 0.85390625 0.575 0.0875 0.02734375
0 0.78984375 0.46015625 0.0375 0.10546875
0 0.2359375 0.11328125 0.03515625 0.015625
0 0.24453125 0.16953125 0.0203125 0.01484375
0 0.30390625 0.290625 0.0328125 0.0125
0 0.08125 0.27578125 0.0328125 0.01015625
0 0.1234375 0.13515625 0.02109375 0.0140625
0 0.41328125 0.1109375 0.03984375 0.0140625
0 0.3609375 0.15234375 0.02265625 0.01328125
0 0.75625 0.31640625 0.0328125 0.01875
0 0.7796875 0.5734375 0.02109375 0.009375
0 0.78984375 0.5828125 0.03515625 0.015625
0 0.7203125 0.55390625 0.0234375 0.01015625
0 0.55 0.36875 0.0203125 0.0109375
0 0.5328125 0.3359375 0.07890625 0.02265625
0 0.21484375 0.33515625 0.05 0.0109375
0 0.29609375 0.14140625 0.0265625 0.009375
0 0.68984375 0.53671875 0.0234375 0.00859375
0 0.65 0.54375 0.01875 0.0109375
0 0.63828125 0.54765625 0.0203125 0.00859375
0 0.6296875 0.5546875 0.0390625 0.0109375
1 0.809375 0.59375 0.33984375 0.12578125
0 0.8484375 0.775 0.02734375 0.00859375
0 0.1765625 0.54296875 0.025 0.009375
0 0.31796875 0.57421875 0.02265625 0.009375
0 0.3734375 0.5015625 0.03515625 0.01015625
0 0.36640625 0.4921875 0.02265625 0.00859375
1 0.190625 0.3515625 0.1546875 0.0796875
1 0.0703125 0.26953125 0.140625 0.0734375