0 0.59609375 0.6421875 0.08125 0.10390625
0 0.1421875 0.33828125 0.12265625 0.09140625
0 0.3765625 0.3921875 0.1734375 0.07265625
0 0.5515625 0.36796875 0.14140625 0.096875
0 0.48203125 0.48203125 0.18359375 0.09140625
0 0.2953125 0.59765625 0.0546875 0.03828125
0 0.6546875 0.275 0.10390625 0.0515625
0 0.65234375 0.703125 0.05234375 0.0359375
0 0.7109375 0.42734375 0.0671875 0.07421875
0 0.4109375 0.575 0.04140625 0.03203125
0 0.64375 0.2171875 0.0921875 0.040625
0 0.5921875 0.1796875 0.05859375 0.040625
0 0.12421875 0.53125 0.0890625 0.0234375
0 0.0328125 0.17734375 0.065625 0.0453125
0 0.1921875 0.45078125 0.07734375 0.028125
0 0.7609375 0.1390625 0.0296875 0.03125
0 0.60859375 0.1265625 0.0296875 0.0296875
0 0.18828125 0.4078125 0.0484375 0.03203125
0 0.8359375 0.46640625 0.0515625 0.0296875
0 0.85 0.51015625 0.1046875 0.065625
0 0.8328125 0.52890625 0.05234375 0.0375
0 0.96171875 0.20234375 0.04609375 0.0515625
0 0.0375 0.29296875 0.0390625 0.03203125
0 0.9828125 0.64453125 0.0328125 0.0328125
0 0.3515625 0.4484375 0.1 0.06640625
0 0.98046875 0.5359375 0.0390625 0.04375
0 0.8984375 0.42421875 0.0421875 0.06328125
0 0.63203125 0.4109375 0.11875 0.084375
0 0.29296875 0.534375 0.04140625 0.0296875
0 0.2421875 0.26796875 0.0359375 0.03359375
0 0.87109375 0.42265625 0.025 0.04375
0 0.8578125 0.24296875 0.04609375 0.034375
0 0.15078125 0.1828125 0.0359375 0.034375
0 0.92578125 0.38671875 0.04375 0.05625
0 0.43359375 0.51015625 0.13984375 0.09375
0 0.25078125 0.50546875 0.0640625 0.0171875
0 0.9265625 0.35234375 0.0921875 0.08046875
0 0.7828125 0.3875 0.0390625 0.03828125
0 0.5453125 0.3078125 0.0421875 0.07421875
0 0.3953125 0.31015625 0.0671875 0.0234375
0 0.36015625 0.4640625 0.0328125 0.0296875
0 0.83671875 0.32734375 0.02734375 0.040625
0 0.634375 0.15234375 0.0140625 0.0140625
0 0.5234375 0.30625 0.0171875 0.01484375
0 0.56328125 0.13671875 0.02109375 0.01484375
0 0.56328125 0.1484375 0.0109375 0.01015625
0 0.946875 0.61328125 0.03125 0.0234375
0 0.91484375 0.6125 0.0328125 0.02265625
0 0.9109375 0.6359375 0.0328125 0.0203125
0 0.93515625 0.65390625 0.0328125 0.02421875
0 0.79375 0.40390625 0.02265625 0.015625
0 0.24609375 0.71328125 0.03515625 0.025
0 0.9234375 0.69296875 0.0328125 0.02265625
0 0.9953125 0.68828125 0.0078125 0.0265625
0 0.2703125 0.24140625 0.03359375 0.01015625
0 0.30390625 0.24609375 0.03515625 0.0125
0 0.2890625 0.25234375 0.06640625 0.01796875
0 0.40546875 0.30078125 0.0296875 0.0078125
0 0.53046875 0.1609375 0.03984375 0.0140625
0 0.490625 0.18125 0.0765625 0.0609375
0 0.4609375 0.20234375 0.0171875 0.0109375
0 0.8765625 0.14921875 0.0296875 0.02734375
0 0.99609375 0.18671875 0.0078125 0.0078125
0 0.99375 0.19609375 0.0125 0.00625
0 0.9265625 0.25703125 0.0296875 0.0265625
0 0.71484375 0.36484375 0.10859375 0.11015625
0 0.6953125 0.33046875 0.01484375 0.01328125
0 0.74296875 0.38203125 0.0140625 0.01328125
0 0.7640625 0.425 0.01640625 0.0125
0 0.715625 0.44609375 0.00859375 0.01015625
0 0.6046875 0.44765625 0.01484375 0.00859375
0 0.60703125 0.4796875 0.0109375 0.01015625
0 0.54765625 0.43671875 0.0171875 0.01328125
0 0.5046875 0.4546875 0.0328125 0.015625
0 0.2515625 0.51796875 0.06484375 0.00859375
0 0.1171875 0.51953125 0.01875 0.003125
0 0.39453125 0.6796875 0.0140625 0.0078125
0 0.6875 0.55625 0.03359375 0.03203125
0 0.73515625 0.546875 0.0390625 0.02265625
0 0.70390625 0.5453125 0.0046875 0.00546875
0 0.70859375 0.54765625 0.0171875 0.06875
1 0.98984375 0.41953125 0.0203125 0.03359375
0 0.0046875 0.5296875 0.00859375 0.015625
0 0.446875 0.53125 0.0125 0.009375
0 0.5234375 0.50625 0.0125 0.009375
0 0.6265625 0.64765625 0.0078125 0.00625
0 0.64140625 0.2890625 0.01484375 0.0109375