0 0.42734375 0.35 0.09765625 0.1109375
0 0.82890625 0.69296875 0.1359375 0.1015625
0 0.6046875 0.61796875 0.18359375 0.0875
0 0.4265625 0.6265625 0.15625 0.10859375
0 0.51484375 0.51953125 0.19765625 0.10703125
0 0.71953125 0.421875 0.0609375 0.04296875
0 0.31015625 0.709375 0.1109375 0.0609375
0 0.38203125 0.284375 0.0578125 0.040625
0 0.2796875 0.553125 0.07890625 0.0796875
0 0.60078125 0.434375 0.04609375 0.0359375
0 0.3109375 0.7671875 0.0984375 0.0484375
0 0.35703125 0.809375 0.06484375 0.0453125
0 0.878125 0.50390625 0.0921875 0.03125
0 0.9109375 0.86328125 0.07265625 0.05078125
0 0.79765625 0.57734375 0.08125 0.034375
0 0.1828125 0.83359375 0.03515625 0.03359375
0 0.33125 0.8609375 0.03515625 0.0328125
0 0.79453125 0.6203125 0.05390625 0.0359375
0 0.1609375 0.50234375 0.05625 0.034375
0 0.1546875 0.45859375 0.11484375 0.075
0 0.17421875 0.44140625 0.05859375 0.0421875
0 0.01015625 0.75234375 0.0203125 0.05546875
0 0.92578125 0.74765625 0.04375 0.0359375
0 0.04453125 0.3125 0.0375 0.0359375
0 0.6390625 0.56484375 0.11015625 0.075
0 0.02890625 0.4203125 0.0453125 0.046875
0 0.0921875 0.5390625 0.05234375 0.06640625
0 0.3546875 0.57578125 0.13125 0.09453125
0 0.7109375 0.48515625 0.04609375 0.03359375
0 0.71796875 0.7546875 0.04140625 0.03671875
0 0.11875 0.5421875 0.0328125 0.04609375
0 0.10234375 0.72265625 0.0515625 0.03828125
0 0.7953125 0.846875 0.04140625 0.0375
0 0.059375 0.5734375 0.05234375 0.06015625
0 0.5671875 0.49609375 0.15390625 0.10625
0 0.7484375 0.51796875 0.06640625 0.02265625
0 0.053125 0.6078125 0.1046875 0.08828125
0 0.20078125 0.5859375 0.0453125 0.04140625
0 0.4234375 0.68671875 0.05390625 0.078125
0 0.5734375 0.6984375 0.07109375 0.02890625
0 0.6328125 0.5484375 0.0375 0.0328125
0 0.1375 0.640625 0.03359375 0.0421875
0 0.31015625 0.83203125 0.01640625 0.01484375
0 0.4453125 0.68984375 0.0203125 0.0171875
0 0.37890625 0.8546875 0.0234375 0.0171875
0 0.38046875 0.84296875 0.0125 0.0109375
0 0.075 0.34609375 0.03515625 0.0265625
0 0.10625 0.35078125 0.0359375 0.025
0 0.1140625 0.32734375 0.03515625 0.0234375
0 0.09296875 0.3078125 0.0359375 0.02734375
0 0.19296875 0.56796875 0.025 0.01796875
0 0.7859375 0.31171875 0.0390625 0.028125
0 0.1109375 0.26953125 0.0359375 0.025
0 0.0390625 0.26796875 0.0109375 0.02734375
0 0.6859375 0.778125 0.03515625 0.01328125
0 0.65390625 0.76953125 0.0359375 0.01484375
0 0.66875 0.765625 0.06875 0.0234375
0 0.5609375 0.70625 0.03125 0.01015625
0 0.4140625 0.834375 0.0421875 0.01796875
0 0.4578125 0.8171875 0.08515625 0.06796875
0 0.48984375 0.79921875 0.01875 0.01328125
0 0.06875 0.81328125 0.03359375 0.0296875
0 0.0375 0.70234375 0.03359375 0.02890625
0 0.2640625 0.61484375 0.1265625 0.11953125
0 0.278125 0.65 0.0171875 0.0140625
0 0.2390625 0.5953125 0.01640625 0.0140625
0 0.2265625 0.55 0.0171875 0.01328125
0 0.27734375 0.53359375 0.01015625 0.0109375
0 0.3875 0.54296875 0.01640625 0.009375
0 0.390625 0.51015625 0.0125 0.0109375
0 0.4421875 0.55859375 0.0203125 0.01484375
0 0.4875 0.54453125 0.03515625 0.01875
0 0.74921875 0.50546875 0.06640625 0.0140625
0 0.8828125 0.515625 0.01875 0.0046875
0 0.63359375 0.33125 0.01484375 0.00859375
0 0.3234375 0.4265625 0.0390625 0.034375
0 0.27421875 0.43203125 0.0421875 0.0265625
0 0.3046875 0.43671875 0.00625 0.00546875
0 0.30078125 0.43359375 0.02890625 0.06953125
1 0.00625 0.53515625 0.0125 0.0359375
0 0.9953125 0.515625 0.00859375 0.0171875
0 0.5578125 0.4734375 0.0140625 0.01015625
0 0.47734375 0.49140625 0.0140625 0.01015625
0 0.3984375 0.3421875 0.00859375 0.0078125
0 0.32578125 0.696875 0.01640625 0.0125