0 0.3234375 0.5890625 0.14765625 0.0734375
0 0.6703125 0.21328125 0.13515625 0.10234375
0 0.62734375 0.39453125 0.11640625 0.13828125
0 0.68046875 0.52265625 0.1453125 0.1171875
0 0.52109375 0.484375 0.1421875 0.1484375
0 0.34609375 0.359375 0.0578125 0.04609375
0 0.8171875 0.5875 0.08125 0.08359375
0 0.25 0.63828125 0.05390625 0.04296875
0 0.621875 0.6484375 0.10625 0.059375
0 0.390625 0.4421875 0.04765625 0.034375
0 0.89140625 0.57265625 0.06484375 0.07421875
0 0.934375 0.5296875 0.06015625 0.0484375
0 0.41328125 0.22421875 0.04140625 0.06953125
0 0.86953125 0.1125 0.0671875 0.0546875
0 0.52734375 0.26484375 0.04609375 0.0609375
0 0.9921875 0.65 0.01484375 0.0265625
0 0.99140625 0.53515625 0.0171875 0.0234375
0 0.584375 0.25625 0.04765625 0.040625
0 0.58515625 0.74609375 0.04609375 0.0421875
0 0.5296875 0.76171875 0.1 0.08671875
0 0.50234375 0.7515625 0.05625 0.04375
0 0.94921875 0.8078125 0.0734375 0.040625
0 0.7171875 0.1296875 0.04765625 0.0328125
0 0.3671875 0.87734375 0.04765625 0.028125
0 0.55 0.3828125 0.1 0.0828125
0 0.5109375 0.86328125 0.0625 0.03359375
0 0.64921875 0.78828125 0.0890625 0.0390625
0 0.6328125 0.5875 0.1265625 0.0984375
0 0.4296875 0.35 0.0453125 0.034375
0 0.77578125 0.2796875 0.0484375 0.03125
0 0.646875 0.76796875 0.0609375 0.02421875
0 0.88359375 0.7359375 0.0515625 0.03828125
0 0.8765625 0.20078125 0.05 0.03125
0 0.7015625 0.80390625 0.0796875 0.0390625
0 0.47890625 0.4515625 0.14140625 0.115625
0 0.4625 0.31484375 0.0296875 0.05
0 0.74765625 0.8 0.1171875 0.07890625
0 0.6828125 0.696875 0.0546875 0.03359375
0 0.76015625 0.51015625 0.10390625 0.040625
0 0.7390625 0.3984375 0.0390625 0.05390625
0 0.53046875 0.39140625 0.04375 0.028125
0 0.76953125 0.7296875 0.05625 0.025
0 0.97578125 0.5578125 0.0203125 0.0125
0 0.759375 0.49375 0.02265625 0.01484375
0 0.9875 0.503125 0.02265625 0.01796875
0 0.971875 0.50390625 0.01484375 0.009375
0 0.4046875 0.846875 0.03515625 0.0265625
0 0.40234375 0.82265625 0.03359375 0.02734375
0 0.3703125 0.82265625 0.03125 0.0265625
0 0.35 0.84296875 0.0359375 0.02734375
0 0.6625 0.7078125 0.0234375 0.01875
0 0.1875 0.33671875 0.0375 0.02890625
0 0.296875 0.8390625 0.03359375 0.02734375
0 0.31171875 0.8921875 0.0359375 0.00859375
0 0.8140625 0.296875 0.0171875 0.0265625
0 0.8109375 0.32265625 0.0203125 0.02734375
0 0.8015625 0.3125 0.03125 0.0515625
0 0.7515625 0.40546875 0.0140625 0.0234375
0 0.95234375 0.48203125 0.0234375 0.03203125
0 0.9203125 0.45390625 0.08984375 0.0640625
0 0.8890625 0.434375 0.0171875 0.0140625
0 0.99453125 0.7375 0.0109375 0.025
0 0.97421875 0.83203125 0.0109375 0.00625
0 0.96171875 0.83125 0.01015625 0.01015625
0 0.8734375 0.78828125 0.0390625 0.025
0 0.7046875 0.64375 0.15859375 0.09453125
0 0.74765625 0.625 0.01875 0.01328125
0 0.6859375 0.66640625 0.01875 0.0125
0 0.63046875 0.6875 0.0171875 0.01328125
0 0.59765625 0.65390625 0.01484375 0.0078125
0 0.5828125 0.571875 0.0125 0.0125
0 0.53984375 0.57734375 0.01484375 0.009375
0 0.5890625 0.52734375 0.0203125 0.01484375
0 0.5609375 0.4984375 0.025 0.0265625
0 0.44609375 0.3171875 0.01875 0.05
0 0.428125 0.2171875 0.00625 0.0140625
0 0.24921875 0.44296875 0.0109375 0.0109375
0 0.4484375 0.64609375 0.04609375 0.02890625
0 0.4671875 0.68046875 0.03515625 0.03203125
0 0.46484375 0.65703125 0.0078125 0.0046875
0 0.46171875 0.66171875 0.0921875 0.021875
1 0.66640625 0.85546875 0.04765625 0.01875
0 0.40078125 0.134375 0.02265625 0.00859375
0 0.4515625 0.4640625 0.0140625 0.01015625
0 0.49453125 0.51796875 0.0140625 0.01015625
0 0.3203125 0.6125 0.01015625 0.00625
0 0.79609375 0.5796875 0.01640625 0.0125