0 0.65234375 0.16328125 0.02265625 0.01484375
0 0.56171875 0.22890625 0.04609375 0.0140625
0 0.078125 0.628125 0.0359375 0.02265625
0 0.0203125 0.57109375 0.040625 0.0234375
0 0.0171875 0.4625 0.034375 0.021875
0 0.025 0.59140625 0.02734375 0.0203125
0 0.046875 0.61484375 0.03359375 0.0203125
0 0.4609375 0.4734375 0.025 0.021875
0 0.5171875 0.5296875 0.0296875 0.01953125
0 0.7515625 0.38046875 0.03515625 0.01328125
0 0.6671875 0.515625 0.0171875 0.01796875
0 0.99453125 0.4296875 0.0109375 0.0328125
0 0.16328125 0.675 0.03359375 0.0171875
0 0.1640625 0.74453125 0.03515625 0.0140625
1 0.1859375 0.38046875 0.2734375 0.11640625
0 0.9296875 0.76953125 0.125 0.0625
1 0.39609375 0.46796875 0.2734375 0.19296875
1 0.7671875 0.63984375 0.3375 0.128125
0 0.08046875 0.51484375 0.03359375 0.04296875
0 0.83515625 0.2046875 0.0296875 0.01328125
0 0.71171875 0.15859375 0.0203125 0.0125
0 0.7703125 0.15546875 0.02734375 0.0125
0 0.8671875 0.1484375 0.02734375 0.0109375
0 0.93046875 0.14296875 0.01875 0.009375
0 0.98984375 0.1390625 0.0203125 0.009375
0 0.7609375 0.5484375 0.0296875 0.0296875
0 0.7265625 0.778125 0.0875 0.05625
0 0.04296875 0.48984375 0.05234375 0.03828125
0 0.0765625 0.55 0.0390625 0.0203125
0 0.04765625 0.5609375 0.03984375 0.01953125
0 0.0203125 0.61015625 0.0234375 0.02265625
0 0.125 0.66328125 0.0484375 0.0203125
0 0.1765625 0.73125 0.02109375 0.01015625
0 0.165625 0.7171875 0.02890625 0.01328125
0 0.1796875 0.70546875 0.0265625 0.0109375
0 0.17578125 0.690625 0.0140625 0.0171875
1 0.590625 0.596875 0.2890625 0.121875
0 0.5328125 0.2265625 0.03125 0.0046875
0 0.5453125 0.22109375 0.0171875 0.00546875
0 0.36796875 0.2390625 0.0265625 0.00390625