0 0.428125 0.8515625 0.0265625 0.01796875
0 0.5015625 0.77421875 0.0484375 0.01953125
0 0.8859375 0.31875 0.04140625 0.02734375
0 0.95546875 0.3671875 0.04609375 0.02734375
0 0.98203125 0.4734375 0.0359375 0.0265625
0 0.946875 0.3484375 0.03125 0.0234375
0 0.91953125 0.328125 0.0375 0.02421875
0 0.54453125 0.5203125 0.0296875 0.02421875
0 0.47578125 0.47265625 0.03359375 0.0234375
0 0.2796875 0.65078125 0.0375 0.01796875
0 0.33125 0.50625 0.02109375 0.01953125
0 0.0296875 0.63359375 0.01875 0.03359375
0 0.79140625 0.28359375 0.0375 0.0203125
0 0.77421875 0.215625 0.0375 0.01875
1 0.8375 0.5765625 0.29609375 0.15
0 0.04140625 0.28984375 0.0828125 0.078125
1 0.609375 0.51796875 0.3140625 0.22578125
1 0.2046875 0.39765625 0.3625 0.1703125
0 0.909375 0.43125 0.04375 0.046875
0 0.2390625 0.834375 0.0328125 0.0171875
0 0.3703125 0.86328125 0.02265625 0.01484375
0 0.3140625 0.87421875 0.0296875 0.015625
0 0.2203125 0.89375 0.0296875 0.01484375
0 0.15859375 0.9078125 0.02109375 0.0109375
0 0.1015625 0.91953125 0.02109375 0.0125
0 0.23125 0.48671875 0.0359375 0.03359375
0 0.2125 0.25546875 0.0984375 0.06640625
0 0.95234375 0.45078125 0.06015625 0.0453125
0 0.90546875 0.3953125 0.0421875 0.025
0 0.93125 0.38125 0.04375 0.02421875
0 0.946875 0.32890625 0.02890625 0.025
0 0.83125 0.28984375 0.05234375 0.0265625
0 0.7640625 0.23046875 0.0234375 0.01328125
0 0.77890625 0.2421875 0.03125 0.0171875
0 0.7671875 0.25546875 0.02890625 0.0140625
0 0.775 0.26953125 0.0171875 0.01875
1 0.38828125 0.41640625 0.3125 0.1578125
0 0.53125 0.7734375 0.03125 0.00859375
0 0.5203125 0.78125 0.01875 0.0078125
0 0.690625 0.73984375 0.0265625 0.0078125