0 0.07265625 0.3453125 0.02265625 0.01875
0 0.1484375 0.42109375 0.0234375 0.03671875
0 0.61796875 0.8296875 0.03359375 0.0296875
0 0.5359375 0.865625 0.03515625 0.03359375
0 0.3921875 0.8546875 0.0328125 0.02890625
0 0.56328125 0.86484375 0.03125 0.0234375
0 0.596875 0.85078125 0.03125 0.02734375
0 0.4609375 0.52578125 0.03125 0.021875
0 0.5421875 0.490625 0.0296875 0.02421875
0 0.37265625 0.2984375 0.02109375 0.02734375
0 0.54140625 0.37734375 0.0265625 0.01484375
0 0.4671875 0.1234375 0.0453125 0.0125
0 0.690625 0.771875 0.0265625 0.02734375
0 0.7828125 0.78046875 0.02265625 0.028125
1 0.30390625 0.71953125 0.1875 0.2171875
0 0.91015625 0.2125 0.0984375 0.1
1 0.44453125 0.5734375 0.2890625 0.2265625
1 0.7171875 0.31796875 0.2109375 0.2671875
0 0.46796875 0.8140625 0.0609375 0.0296875
0 0.15 0.21484375 0.02109375 0.02421875
0 0.07421875 0.30078125 0.01875 0.015625
0 0.0765625 0.25703125 0.0203125 0.021875
0 0.0796875 0.184375 0.01875 0.021875
0 0.0796875 0.1359375 0.01484375 0.01484375
0 0.08125 0.09140625 0.01484375 0.015625
0 0.5953125 0.31171875 0.04375 0.0265625
0 0.89609375 0.365625 0.08515625 0.071875
0 0.43046875 0.8390625 0.0578125 0.04375
0 0.51484375 0.82109375 0.0328125 0.03125
0 0.52578125 0.84375 0.03125 0.03203125
0 0.5875 0.8703125 0.0328125 0.0203125
0 0.6703125 0.79921875 0.03359375 0.03828125
0 0.7671875 0.76875 0.01640625 0.0171875
0 0.746875 0.77578125 0.02109375 0.0234375
0 0.7328125 0.76328125 0.0171875 0.0203125
0 0.71328125 0.76484375 0.0234375 0.0125
1 0.6390625 0.44453125 0.19609375 0.2296875
0 0.1421875 0.4421875 0.01015625 0.0234375
0 0.1359375 0.43203125 0.01015625 0.0140625
0 0.13828125 0.56640625 0.00859375 0.01953125