0 0.05859375 0.82578125 0.02265625 0.02734375
0 0.05703125 0.73359375 0.0265625 0.025
0 0.20859375 0.4296875 0.0484375 0.0203125
0 0.2234375 0.3609375 0.0171875 0.0125
0 0.0984375 0.38046875 0.0265625 0.015625
0 0.62265625 0.72421875 0.0171875 0.0125
0 0.478125 0.6984375 0.0171875 0.0125
0 0.6453125 0.74609375 0.0140625 0.009375
0 0.2953125 0.43828125 0.0375 0.02265625
0 0.65546875 0.37421875 0.0171875 0.0125
0 0.284375 0.359375 0.0296875 0.0265625
0 0.95234375 0.8328125 0.02890625 0.009375
0 0.7578125 0.221875 0.0171875 0.0125
0 0.73984375 0.32265625 0.01640625 0.0125
0 0.86171875 0.3234375 0.01640625 0.0109375
0 0.84375 0.12578125 0.01640625 0.0125
0 0.2765625 0.20390625 0.0984375 0.08125
0 0.38359375 0.1828125 0.1203125 0.0859375
0 0.74296875 0.57109375 0.11875 0.071875
1 0.34453125 0.82734375 0.20390625 0.1453125
0 0.5265625 0.35390625 0.09765625 0.1078125
0 0.6421875 0.64453125 0.10859375 0.06640625
0 0.8015625 0.68125 0.10859375 0.06640625
0 0.91953125 0.634375 0.1171875 0.06953125
0 0.5921875 0.37421875 0.08984375 0.0890625
0 0.01328125 0.24296875 0.0265625 0.0484375
0 0.9359375 0.53203125 0.04609375 0.03359375
0 0.5859375 0.78828125 0.05859375 0.028125
0 0.0171875 0.18359375 0.034375 0.0359375
0 0.490625 0.18359375 0.0578125 0.0390625
1 0.5078125 0.8515625 0.1890625 0.06640625
0 0.27109375 0.55234375 0.14609375 0.1171875
0 0.05546875 0.29296875 0.0140625 0.01015625
0 0.03046875 0.6515625 0.02265625 0.02265625
0 0.6703125 0.7140625 0.01875 0.0125
0 0.40625 0.24765625 0.02109375 0.015625
0 0.4078125 0.2578125 0.0125 0.009375
0 0.534375 0.29765625 0.01484375 0.0125
0 0.5265625 0.29296875 0.0171875 0.0203125
0 0.55703125 0.4640625 0.0234375 0.01328125
0 0.5734375 0.4578125 0.0265625 0.015625
0 0.6515625 0.20078125 0.0171875 0.0125
0 0.8328125 0.221875 0.0203125 0.0125
0 0.8734375 0.2203125 0.0171875 0.0125