0 0.121875 0.12890625 0.03359375 0.021875
0 0.2453125 0.1421875 0.03125 0.0171875
0 0.62890625 0.2921875 0.02265625 0.034375
0 0.71796875 0.31171875 0.0140625 0.0125
0 0.70703125 0.21640625 0.01875 0.01796875
0 0.18828125 0.5640625 0.0140625 0.0125
0 0.2390625 0.459375 0.0140625 0.0125
0 0.15703125 0.578125 0.0109375 0.009375
0 0.60703125 0.35546875 0.0265625 0.0265625
0 0.6484375 0.63125 0.0140625 0.0125
0 0.7125 0.35625 0.0328125 0.01953125
0 0.0046875 0.79609375 0.00859375 0.0203125
0 0.8359375 0.72578125 0.01484375 0.0125
0 0.70546875 0.7 0.01484375 0.0109375
0 0.6890625 0.790625 0.0140625 0.0109375
0 0.953125 0.8015625 0.01484375 0.0109375
0 0.91953125 0.36953125 0.0984375 0.065625
0 0.934375 0.45234375 0.10234375 0.08125
0 0.3765625 0.67265625 0.08359375 0.08125
1 0.0859375 0.34375 0.171875 0.1375
0 0.690625 0.5375 0.13515625 0.0609375
0 0.29140625 0.58828125 0.07734375 0.075
0 0.2234375 0.70234375 0.07734375 0.075
0 0.2703125 0.7953125 0.0796875 0.08125
0 0.6546875 0.58359375 0.11015625 0.0578125
0 0.9015625 0.1546875 0.0578125 0.0453125
0 0.4046875 0.8203125 0.03984375 0.03125
0 0.1078125 0.52890625 0.03125 0.04140625
0 0.97734375 0.175 0.0421875 0.0328125
0 0.9203125 0.53203125 0.04609375 0.0390625
1 0.03359375 0.46328125 0.0671875 0.1359375
0 0.4578125 0.3234375 0.14140625 0.09765625
0 0.828125 0.19453125 0.0125 0.009375
0 0.60703125 0.1 0.00859375 0.00625
0 0.48671875 0.11484375 0.01640625 0.00625
0 0.35625 0.12890625 0.02734375 0.0203125
0 0.1953125 0.60078125 0.0140625 0.01328125
0 0.8453125 0.4609375 0.01875 0.0140625
0 0.83125 0.4609375 0.0109375 0.00859375
0 0.7640625 0.55 0.01484375 0.01015625
0 0.77109375 0.5453125 0.0265625 0.0109375
0 0.540625 0.546875 0.01484375 0.0171875
0 0.546875 0.56015625 0.01875 0.01796875
0 0.87734375 0.64921875 0.0140625 0.0125
0 0.828125 0.78125 0.0140625 0.0140625
0 0.825 0.81171875 0.01484375 0.0125