0 0.1765625 0.09375 0.01640625 0.0203125
0 0.16328125 0.103125 0.0109375 0.0078125
0 0.12578125 0.265625 0.0140625 0.0109375
0 0.45078125 0.240625 0.01875 0.0125
0 0.4453125 0.2296875 0.0171875 0.0125
0 0.7921875 0.21328125 0.01484375 0.0109375
0 0.12421875 0.453125 0.02109375 0.015625
0 0.3203125 0.42265625 0.0171875 0.01796875
0 0.5515625 0.38359375 0.0171875 0.0125
0 0.4921875 0.565625 0.02265625 0.01328125
0 0.35 0.5765625 0.0203125 0.0140625
0 0.4328125 0.48203125 0.01640625 0.01328125
0 0.44609375 0.4890625 0.0171875 0.01328125
0 0.621875 0.66484375 0.02109375 0.015625
0 0.66015625 0.80546875 0.02265625 0.0171875
0 0.51640625 0.73125 0.025 0.0140625
0 0.353125 0.89453125 0.0234375 0.01484375
0 0.5703125 0.79609375 0.0203125 0.01328125
0 0.3375 0.8625 0.025 0.0109375
0 0.9453125 0.82734375 0.02890625 0.021875
0 0.7953125 0.928125 0.0234375 0.015625
0 0.66875 0.728125 0.0171875 0.0171875
0 0.95625 0.725 0.025 0.0140625
0 0.82421875 0.93671875 0.0140625 0.009375
0 0.1921875 0.48359375 0.09140625 0.06796875
0 0.66328125 0.896875 0.14375 0.128125
0 0.734375 0.60625 0.0734375 0.05390625
0 0.69453125 0.66484375 0.07109375 0.05546875
0 0.7328125 0.8046875 0.0796875 0.06875
0 0.72734375 0.72421875 0.0796875 0.06328125
0 0.5890625 0.4203125 0.0375 0.02890625
0 0.021875 0.55859375 0.04375 0.0859375
0 0.3828125 0.58359375 0.04140625 0.02578125
0 0.36796875 0.18984375 0.0390625 0.03203125
0 0.64453125 0.48125 0.0390625 0.03125
0 0.6265625 0.46015625 0.03984375 0.03046875
0 0.03984375 0.6234375 0.0796875 0.04140625
0 0.6015625 0.44375 0.0375 0.02890625
0 0.9953125 0.30546875 0.00859375 0.00859375
0 0.91484375 0.67578125 0.02265625 0.01328125
0 0.99375 0.67421875 0.0125 0.06328125
0 0.12109375 0.39765625 0.01015625 0.02578125
0 0.11015625 0.39921875 0.01484375 0.02265625
0 0.0203125 0.88828125 0.02734375 0.0125