0 0.7421875 0.18125 0.0171875 0.0125
0 0.83125 0.41796875 0.01875 0.015625
0 0.84375 0.4125 0.01875 0.01484375
0 0.92578125 0.6671875 0.0171875 0.01328125
0 0.49609375 0.21328125 0.025 0.01875
0 0.56953125 0.353125 0.0265625 0.015625
0 0.6609375 0.51796875 0.01875 0.01484375
0 0.4125 0.50546875 0.02109375 0.01875
0 0.37421875 0.40234375 0.02265625 0.0171875
0 0.5125 0.44765625 0.0203125 0.0140625
0 0.5046875 0.4578125 0.0203125 0.01484375
0 0.30546875 0.61875 0.025 0.01875
0 0.128125 0.671875 0.0265625 0.01953125
0 0.2 0.55234375 0.02265625 0.0203125
0 0.125 0.603125 0.02109375 0.0171875
0 0.003125 0.4421875 0.00625 0.0203125
0 0.1484375 0.8875 0.03359375 0.02578125
0 0.23046875 0.66484375 0.025 0.015625
0 0.28515625 0.87734375 0.02265625 0.0203125
0 0.46796875 0.26875 0.1046875 0.07890625
0 0.0640625 0.68203125 0.08125 0.1140625
0 0.4015625 0.6921875 0.0828125 0.0640625
0 0.31796875 0.67265625 0.08515625 0.06171875
0 0.14140625 0.725 0.10390625 0.071875
0 0.24609375 0.7078125 0.09609375 0.0703125
0 0.6203125 0.5515625 0.0453125 0.0328125
0 0.340625 0.15546875 0.1203125 0.046875
0 0.3703125 0.428125 0.03984375 0.03515625
0 0.8828125 0.3484375 0.0484375 0.03359375
0 0.55 0.60390625 0.04765625 0.03359375
0 0.57421875 0.58671875 0.04609375 0.03515625
0 0.2578125 0.18046875 0.0671875 0.06640625
0 0.59140625 0.565625 0.0453125 0.0328125
0 0.83984375 0.83359375 0.0125 0.0078125
0 0.3421875 0.83828125 0.02109375 0.01875
0 0.3578125 0.89609375 0.08515625 0.01953125
0 0.56796875 0.2015625 0.03515625 0.0125
0 0.5640625 0.19296875 0.0328125 0.01484375