0 0.15078125 0.75625 0.01640625 0.0109375
0 0.1515625 0.51015625 0.0171875 0.01484375
0 0.1375 0.51328125 0.0171875 0.0140625
0 0.1515625 0.2515625 0.01640625 0.0125
0 0.3984375 0.77578125 0.0234375 0.01796875
0 0.3796875 0.6265625 0.025 0.01484375
0 0.3515625 0.45 0.0171875 0.0140625
0 0.5859375 0.5125 0.0203125 0.01796875
0 0.58515625 0.6203125 0.02109375 0.015625
0 0.46875 0.54765625 0.01875 0.01328125
0 0.4796875 0.5390625 0.01875 0.0140625
0 0.7296875 0.42578125 0.0234375 0.01796875
0 0.9203125 0.41171875 0.025 0.01875
0 0.8078125 0.5125 0.02109375 0.01953125
0 0.8984375 0.478125 0.0203125 0.015625
0 0.9625 0.659375 0.0171875 0.01953125
0 0.9796875 0.20078125 0.03125 0.0234375
0 0.81953125 0.39765625 0.0234375 0.01484375
0 0.8453125 0.18203125 0.02109375 0.01953125
0 0.44609375 0.72890625 0.0984375 0.075
0 0.9734375 0.4140625 0.05234375 0.11171875
0 0.66484375 0.3359375 0.07890625 0.0609375
0 0.73828125 0.371875 0.08125 0.059375
0 0.9265625 0.3578125 0.0984375 0.06640625
0 0.81953125 0.353125 0.09140625 0.06640625
0 0.40390625 0.425 0.0421875 0.03125
0 0.5265625 0.8640625 0.1171875 0.04140625
0 0.5984375 0.59609375 0.0375 0.03359375
0 0.0765625 0.56640625 0.04609375 0.03203125
0 0.48984375 0.38984375 0.0453125 0.03203125
0 0.4609375 0.4015625 0.04375 0.0328125
0 0.615625 0.85703125 0.0625 0.0640625
0 0.4359375 0.41796875 0.0421875 0.03125
0 0.2953125 0.10859375 0.0125 0.0078125
0 0.77578125 0.2078125 0.0203125 0.01796875
0 0.7828125 0.1484375 0.08515625 0.015625
0 0.325 0.77265625 0.03515625 0.01015625
0 0.32578125 0.78125 0.03125 0.01328125