0 0.18828125 0.34765625 0.0203125 0.0203125
0 0.37578125 0.1796875 0.03359375 0.021875
0 0.4359375 0.3015625 0.025 0.02734375
0 0.5421875 0.23515625 0.0328125 0.0203125
0 0.2953125 0.20703125 0.0328125 0.015625
0 0.31953125 0.33515625 0.01875 0.01875
0 0.6578125 0.27265625 0.03125 0.01953125
0 0.7671875 0.24609375 0.0234375 0.0171875
0 0.8359375 0.2515625 0.02109375 0.0109375
0 0.2703125 0.63203125 0.02265625 0.0140625
0 0.20703125 0.65078125 0.02890625 0.0171875
0 0.22109375 0.5625 0.02734375 0.028125
0 0.2359375 0.4921875 0.0234375 0.0203125
0 0.59609375 0.34140625 0.0328125 0.0203125
0 0.3828125 0.66640625 0.025 0.0140625
0 0.3890625 0.5265625 0.025 0.0140625
0 0.584375 0.6515625 0.0234375 0.01484375
0 0.5109375 0.50546875 0.0203125 0.0109375
0 0.3625 0.55546875 0.02265625 0.0140625
0 0.52265625 0.46171875 0.02265625 0.02421875
0 0.81015625 0.58359375 0.0390625 0.02890625
0 0.8859375 0.3375 0.0140625 0.0203125
0 0.8359375 0.59765625 0.03984375 0.02890625
0 0.7734375 0.41953125 0.01640625 0.01953125
0 0.8265625 0.509375 0.0140625 0.0109375
0 0.3515625 0.715625 0.0265625 0.015625
0 0.20703125 0.9515625 0.02734375 0.0171875
0 0.3703125 0.78046875 0.02109375 0.0140625
0 0.0765625 0.909375 0.0125 0.0234375
0 0.35703125 0.79140625 0.02109375 0.015625
0 0.49765625 0.78828125 0.0234375 0.01328125
0 0.6015625 0.75859375 0.0296875 0.01796875
0 0.70078125 0.84453125 0.0203125 0.0171875
0 0.43828125 0.90390625 0.02734375 0.01484375
0 0.5765625 0.78984375 0.02890625 0.01953125
0 0.65546875 0.8640625 0.02734375 0.01875
0 0.5171875 0.6984375 0.025 0.01484375
0 0.4890625 0.6734375 0.0203125 0.0125
0 0.94375 0.6546875 0.03984375 0.02734375
0 0.7734375 0.7328125 0.0171875 0.0140625
0 0.81015625 0.67421875 0.01484375 0.01328125
0 0.84765625 0.703125 0.01484375 0.0125
0 0.78203125 0.65703125 0.0171875 0.01328125
0 0.875 0.7734375 0.01640625 0.0125
0 0.89375 0.528125 0.0890625 0.06953125
0 0.6984375 0.62890625 0.0796875 0.04765625
0 0.69375 0.45859375 0.09140625 0.12734375
0 0.665625 0.60234375 0.0796875 0.0515625
0 0.47734375 0.21015625 0.0546875 0.02265625
0 0.59921875 0.56640625 0.13125 0.05625
0 0.5484375 0.61484375 0.07890625 0.0359375
0 0.56015625 0.59921875 0.0828125 0.02734375
0 0.48671875 0.3953125 0.02265625 0.01328125
0 0.4640625 0.3859375 0.02265625 0.01328125
0 0.34296875 0.35625 0.01875 0.0109375
0 0.44453125 0.29765625 0.0234375 0.025
0 0.23046875 0.359375 0.01640625 0.01953125
0 0.21953125 0.3609375 0.02265625 0.01953125
0 0.19921875 0.34453125 0.0171875 0.01796875
0 0.1140625 0.27890625 0.0203125 0.0109375
0 0.26796875 0.2125 0.01484375 0.0109375
0 0.47265625 0.20234375 0.0453125 0.01875
0 0.83515625 0.246875 0.02109375 0.0109375
0 0.89453125 0.3359375 0.0125 0.01875
0 0.41484375 0.56015625 0.02109375 0.0109375
0 0.43984375 0.56171875 0.0390625 0.05
0 0.440625 0.578125 0.0421875 0.05078125
0 0.52890625 0.459375 0.0234375 0.0234375
0 0.253125 0.4984375 0.0328125 0.03671875
0 0.2109375 0.565625 0.02265625 0.025
0 0.13203125 0.584375 0.12265625 0.0546875
0 0.11953125 0.575 0.12265625 0.0546875
0 0.2203125 0.53671875 0.11015625 0.04609375
0 0.1578125 0.54765625 0.22890625 0.084375
0 0.08984375 0.43359375 0.0171875 0.015625
0 0.29609375 0.646875 0.01875 0.0109375