0 0.0671875 0.44609375 0.134375 0.0890625
0 0.62109375 0.415625 0.12265625 0.08984375
0 0.6453125 0.48515625 0.11875 0.0828125
0 0.271875 0.484375 0.1265625 0.0875
0 0.29296875 0.6484375 0.0890625 0.12421875
0 0.621875 0.7859375 0.0890625 0.0828125
1 0.52578125 0.6359375 0.2328125 0.15703125
0 0.3546875 0.4609375 0.08984375 0.13515625
0 0.5421875 0.73828125 0.06875 0.0546875
0 0.4171875 0.33984375 0.0734375 0.05234375
0 0.89765625 0.6609375 0.11484375 0.03671875
0 0.9328125 0.371875 0.0984375 0.04140625
0 0.83828125 0.78125 0.16875 0.05234375
0 0.85859375 0.83828125 0.1046875 0.04609375
1 0.540625 0.7265625 0.2875 0.190625
0 0.70078125 0.14921875 0.06640625 0.07109375
0 0.29765625 0.840625 0.0453125 0.0265625
0 0.3109375 0.12890625 0.04375 0.04140625
0 0.5015625 0.34375 0.0390625 0.03125
0 0.9203125 0.6046875 0.1296875 0.0359375
0 0.2421875 0.1375 0.0359375 0.0421875
0 0.434375 0.1875 0.05390625 0.025
0 0.8109375 0.4640625 0.1 0.03203125
0 0.9421875 0.23671875 0.04140625 0.0265625
0 0.95625 0.21171875 0.0453125 0.025
0 0.6328125 0.2203125 0.03984375 0.0375
1 0.86953125 0.5265625 0.1609375 0.0875
1 0.97578125 0.5625 0.0484375 0.06796875
0 0.02890625 0.27421875 0.02265625 0.02265625
0 0.33828125 0.175 0.02890625 0.01875
0 0.8140625 0.125 0.02109375 0.009375
0 0.7578125 0.14140625 0.03515625 0.0125
0 0.9828125 0.31953125 0.02265625 0.0125
0 0.99140625 0.28671875 0.0171875 0.03125
0 0.3515625 0.34375 0.02734375 0.021875
0 0.2859375 0.71640625 0.03125 0.02265625
0 0.878125 0.45703125 0.03125 0.01015625
0 0.8171875 0.45625 0.01640625 0.0046875
0 0.9921875 0.3359375 0.01484375 0.0171875
0 0.98828125 0.23359375 0.01640625 0.0140625
0 0.99140625 0.22265625 0.01484375 0.00859375
0 0.99140625 0.2125 0.0171875 0.0140625
0 0.98046875 0.2 0.01640625 0.0109375
1 0.0640625 0.4875 0.12734375 0.040625
1 0.4796875 0.60625 0.10859375 0.08203125
0 0.8734375 0.56171875 0.0546875 0.0171875
1 0.89296875 0.525 0.0953125 0.065625
1 0.8609375 0.453125 0.27734375 0.096875