0 0.4546875 0.10859375 0.03125 0.02109375
0 0.35078125 0.32578125 0.0265625 0.0328125
0 0.4921875 0.30546875 0.0265625 0.02109375
0 0.56875 0.2578125 0.02265625 0.021875
0 0.15234375 0.36875 0.0296875 0.021875
0 0.16171875 0.5671875 0.0359375 0.01640625
0 0.15 0.33984375 0.03984375 0.021875
0 0.1484375 0.46171875 0.0375 0.0171875
0 0.1015625 0.428125 0.03125 0.021875
0 0.1078125 0.54453125 0.03125 0.015625
0 0.00703125 0.32734375 0.0140625 0.028125
0 0.50390625 0.51484375 0.02265625 0.02265625
0 0.46328125 0.471875 0.0265625 0.01640625
0 0.44765625 0.48515625 0.025 0.0125
0 0.4390625 0.46953125 0.02109375 0.015625
0 0.9421875 0.51328125 0.0171875 0.009375
0 0.09765625 0.8 0.0203125 0.01171875
0 0.0515625 0.72421875 0.02109375 0.0109375
0 0.3078125 0.85234375 0.0171875 0.0125
0 0.17734375 0.75 0.0171875 0.01015625
0 0.18203125 0.82578125 0.01875 0.01015625
0 0.21640625 0.67421875 0.02265625 0.009375
0 0.2203125 0.77578125 0.0171875 0.009375
0 0.0640625 0.8734375 0.02265625 0.0125
1 0.71953125 0.3890625 0.17265625 0.10859375
1 0.79375 0.7875 0.1625 0.09453125
0 0.2984375 0.675 0.07109375 0.0515625
0 0.69609375 0.16953125 0.0703125 0.0578125
1 0.82734375 0.27421875 0.175 0.1171875
0 0.9046875 0.16484375 0.05390625 0.02890625
0 0.203125 0.2421875 0.06875 0.02890625
0 0.1296875 0.6484375 0.09765625 0.02578125
1 0.95390625 0.240625 0.0921875 0.07265625
1 0.771875 0.590625 0.1609375 0.103125
0 0.31015625 0.18046875 0.0578125 0.0296875
0 0.33203125 0.53984375 0.04140625 0.021875
1 0.66484375 0.5015625 0.15625 0.10703125
0 0.24375 0.5125 0.0421875 0.02109375
0 0.56484375 0.14375 0.0453125 0.025
0 0.3859375 0.61953125 0.0671875 0.01953125
0 0.0171875 0.6390625 0.03359375 0.0296875
0 0.75546875 0.57421875 0.0765625 0.02734375
0 0.0328125 0.1109375 0.0421875 0.040625
1 0.90078125 0.66171875 0.1984375 0.1703125
0 0.98515625 0.653125 0.00859375 0.009375
0 0.82265625 0.27734375 0.01640625 0.0046875
0 0.8671875 0.2828125 0.01875 0.0046875
0 0.01875 0.12109375 0.03125 0.025
0 0.2828125 0.415625 0.0328125 0.02734375
0 0.253125 0.44375 0.03515625 0.02421875
0 0.02421875 0.8484375 0.0359375 0.02109375
0 0.0078125 0.553125 0.01484375 0.0078125
0 0.34375 0.72734375 0.01875 0.01171875
0 0.984375 0.86484375 0.03125 0.034375
0 0.71875 0.484375 0.0078125 0.00625