0 0.23671875 0.6125 0.05625 0.0203125
0 0.18671875 0.52890625 0.0359375 0.01875
0 0.1 0.4875 0.0375 0.01640625
0 0.3296875 0.728125 0.03984375 0.02109375
0 0.65078125 0.69765625 0.0296875 0.0234375
0 0.2828125 0.7328125 0.04140625 0.0265625
0 0.48125 0.71875 0.03125 0.02421875
0 0.43203125 0.7515625 0.03984375 0.021875
0 0.6203125 0.73359375 0.02890625 0.02109375
0 0.28125 0.821875 0.04765625 0.01171875
0 0.5234375 0.49609375 0.03984375 0.0171875
0 0.45859375 0.52578125 0.02890625 0.01796875
0 0.4828125 0.53359375 0.02265625 0.0171875
0 0.4578125 0.540625 0.02734375 0.01484375
0 0.4671875 0.22890625 0.0171875 0.01171875
0 0.9171875 0.7453125 0.0203125 0.01484375
0 0.94375 0.66640625 0.01875 0.01171875
0 0.815625 0.6515625 0.0171875 0.01484375
0 0.9796875 0.63671875 0.0171875 0.01171875
1 0.29296875 0.3796875 0.19765625 0.11796875
1 0.90625 0.2875 0.12734375 0.1078125
0 0.8078125 0.6015625 0.09140625 0.05
1 0.10078125 0.32734375 0.2015625 0.12109375
0 0.1203125 0.7125 0.0546875 0.0453125
0 0.78515625 0.70703125 0.05390625 0.06328125
1 0.0453125 0.25546875 0.08984375 0.06484375
1 0.6140625 0.3234375 0.1859375 0.11015625
0 0.584375 0.59765625 0.03984375 0.02734375
1 0.4828125 0.39921875 0.19140625 0.10859375
0 0.5515625 0.6546875 0.0390625 0.028125
0 0.7078125 0.5546875 0.0390625 0.04375
0 0.78359375 0.77734375 0.05234375 0.02421875
0 0.5890625 0.33515625 0.05390625 0.05
1 0.71328125 0.2359375 0.3 0.14140625
0 0.68828125 0.1859375 0.01640625 0.00625
0 0.10078125 0.33046875 0.01015625 0.0109375
0 0.1046875 0.303125 0.01015625 0.0125
0 0.38984375 0.6421875 0.0484375 0.02265625
0 0.4390625 0.65703125 0.04375 0.02421875
0 0.64609375 0.79375 0.0140625 0.01015625
0 0.8859375 0.5671875 0.02109375 0.01328125
0 0.4484375 0.36875 0.0109375 0.00546875