0 0.36640625 0.11640625 0.0359375 0.02265625
0 0.3125 0.340625 0.03359375 0.03515625
0 0.4484375 0.30859375 0.03125 0.02265625
0 0.51328125 0.2546875 0.02734375 0.02265625
0 0.1265625 0.4 0.03515625 0.02421875
0 0.18046875 0.59609375 0.03984375 0.01953125
0 0.1171875 0.37109375 0.0453125 0.025
0 0.14375 0.4921875 0.04140625 0.0203125
0 0.0890625 0.4625 0.0359375 0.02421875
0 0.121875 0.578125 0.03515625 0.01796875
0 0.50703125 0.51484375 0.02734375 0.02421875
0 0.45703125 0.475 0.0296875 0.01875
0 0.44453125 0.48984375 0.02734375 0.01484375
0 0.4328125 0.475 0.025 0.0171875
0 0.94140625 0.47578125 0.0203125 0.0109375
0 0.16953125 0.83125 0.02265625 0.01328125
0 0.10703125 0.7609375 0.0234375 0.0125
0 0.3890625 0.865625 0.0203125 0.0140625
0 0.2375 0.775 0.0203125 0.01171875
0 0.25859375 0.84921875 0.02109375 0.01171875
0 0.2578125 0.69609375 0.0234375 0.0109375
0 0.28515625 0.796875 0.0203125 0.0109375
0 0.15234375 0.90703125 0.025 0.0140625
1 0.6921875 0.37109375 0.1953125 0.12265625
1 0.85625 0.76015625 0.1828125 0.1078125
0 0.33984375 0.690625 0.0828125 0.05703125
0 0.61953125 0.15546875 0.0828125 0.06328125
1 0.7734375 0.2484375 0.2 0.13125
0 0.82421875 0.13359375 0.06015625 0.03359375
0 0.14765625 0.2703125 0.075 0.034375
0 0.1671875 0.67890625 0.10234375 0.034375
1 0.890625 0.2046875 0.10859375 0.0796875
1 0.78984375 0.56640625 0.1828125 0.115625
0 0.2390625 0.2 0.0640625 0.034375
0 0.3421875 0.553125 0.04609375 0.02421875
1 0.6640625 0.4875 0.17890625 0.11875
0 0.2484375 0.534375 0.04609375 0.0234375
0 0.48359375 0.1421875 0.05 0.02890625
0 0.4140625 0.628125 0.07109375 0.02421875
0 0.053125 0.67890625 0.03984375 0.03203125
0 0.7703125 0.5515625 0.08125 0.03359375
1 0.9078125 0.6265625 0.18359375 0.1859375
0 0.76875 0.25234375 0.0171875 0.00625
0 0.8140625 0.25390625 0.0203125 0.00625
0 0.26640625 0.43515625 0.0390625 0.0296875
0 0.2421875 0.46484375 0.03984375 0.02734375
0 0.1078125 0.8859375 0.03984375 0.0234375
0 0.02421875 0.59453125 0.01640625 0.009375
0 0.396875 0.73828125 0.02109375 0.01328125
0 0.71328125 0.465625 0.00859375 0.00703125