0 0.809375 0.709375 0.1015625 0.0734375
0 0.6015625 0.684375 0.1765625 0.1109375
0 0.28984375 0.45390625 0.17265625 0.08515625
0 0.62578125 0.3671875 0.1125 0.0515625
0 0.4296875 0.59921875 0.1625 0.1
0 0.4046875 0.78515625 0.10859375 0.07890625
0 0.08359375 0.16328125 0.05 0.03125
0 0.603125 0.846875 0.17734375 0.0671875
0 0.28359375 0.1515625 0.10625 0.0390625
0 0.1296875 0.17578125 0.0515625 0.0296875
0 0.1921875 0.1953125 0.05 0.03671875
0 0.18828125 0.5390625 0.0734375 0.071875
0 0.2421875 0.54609375 0.0953125 0.053125
0 0.3375 0.246875 0.0484375 0.0390625
0 0.52421875 0.2328125 0.08359375 0.028125
0 0.134375 0.4640625 0.04140625 0.06484375
0 0.465625 0.85859375 0.09140625 0.03203125
0 0.75546875 0.3328125 0.025 0.02265625
0 0.77578125 0.30703125 0.02109375 0.0140625
0 0.7546875 0.315625 0.02265625 0.015625
0 0.775 0.27890625 0.02109375 0.01484375
0 0.68984375 0.215625 0.0296875 0.01953125
0 0.43828125 0.31875 0.03125 0.021875
0 0.3921875 0.28125 0.0296875 0.02421875
0 0.3484375 0.19296875 0.0265625 0.01875
0 0.33984375 0.14921875 0.02890625 0.01875
0 0.3109375 0.2578125 0.0296875 0.02265625
0 0.60859375 0.1671875 0.0359375 0.01875
0 0.5078125 0.365625 0.0359375 0.0203125
0 0.6671875 0.17890625 0.0265625 0.0203125
0 0.6484375 0.1421875 0.0359375 0.025
0 0.63828125 0.22578125 0.02734375 0.021875
0 0.57578125 0.23828125 0.0328125 0.02265625
0 0.58046875 0.17265625 0.025 0.0140625
0 0.38125 0.24296875 0.02265625 0.0140625
0 0.41015625 0.34140625 0.02265625 0.0171875
0 0.4671875 0.36796875 0.02109375 0.01796875
0 0.371875 0.29765625 0.0234375 0.0171875
0 0.66875 0.25 0.0140625 0.0078125
0 0.3953125 0.1234375 0.03359375 0.0078125
0 0.6609375 0.25546875 0.01875 0.0109375
0 0.5234375 0.2140625 0.0296875 0.021875
0 0.55546875 0.1296875 0.0375 0.00625
0 0.45625 0.45703125 0.0265625 0.01875
0 0.5 0.41796875 0.03125 0.02265625
0 0.4703125 0.4171875 0.02265625 0.015625
0 0.64609375 0.3984375 0.0375 0.01953125
0 0.42734375 0.45703125 0.01640625 0.01015625
0 0.61953125 0.4171875 0.02265625 0.015625
0 0.3921875 0.4828125 0.0203125 0.01796875
0 0.6625 0.4046875 0.01640625 0.0109375
0 0.27265625 0.85546875 0.02734375 0.021875
0 0.0359375 0.14375 0.0234375 0.0265625
0 0.26328125 0.23046875 0.03125 0.021875
0 0.0328125 0.11484375 0.0140625 0.01796875
0 0.0515625 0.19609375 0.0140625 0.01015625
0 0.02109375 0.22890625 0.0078125 0.009375
0 0.26484375 0.1328125 0.02734375 0.009375
0 0.2671875 0.25 0.0125 0.01015625
0 0.2765625 0.253125 0.01484375 0.00859375
0 0.1296875 0.36328125 0.0171875 0.009375
0 0.19453125 0.3875 0.01875 0.0125
0 0.0390625 0.828125 0.0125 0.009375
0 0.0078125 0.84765625 0.01484375 0.0140625
0 0.05234375 0.8453125 0.0140625 0.0078125
0 0.0375 0.84453125 0.01015625 0.00625
0 0.140625 0.78828125 0.00859375 0.0109375
0 0.1890625 0.6 0.08515625 0.06171875
0 0.2171875 0.496875 0.01640625 0.0109375
0 0.31953125 0.15078125 0.03125 0.0171875
0 0.6109375 0.42890625 0.0125 0.0109375
0 0.31484375 0.61953125 0.01640625 0.01328125
1 0.2578125 0.12109375 0.0296875 0.0125
0 0.3984375 0.69375 0.0140625 0.01015625