0 0.7625 0.25703125 0.0921875 0.071875
0 0.740625 0.41484375 0.1390625 0.1265625
0 0.45 0.66015625 0.1046875 0.12578125
0 0.3171875 0.4125 0.0640625 0.08125
0 0.6359375 0.54765625 0.1265625 0.1171875
0 0.88515625 0.55625 0.1 0.078125
0 0.0734375 0.8296875 0.0390625 0.0359375
0 0.95703125 0.4046875 0.08125 0.13046875
0 0.04765625 0.6796875 0.04765625 0.078125
0 0.0875 0.79453125 0.0375 0.03671875
0 0.1109375 0.74609375 0.04609375 0.0359375
0 0.56875 0.73125 0.0921875 0.0515625
0 0.57421875 0.690625 0.06640625 0.06875
0 0.17109375 0.63515625 0.05 0.034375
0 0.14296875 0.49609375 0.03359375 0.06171875
0 0.47109375 0.77578125 0.08515625 0.02734375
0 0.9796875 0.50703125 0.0375 0.0671875
0 0.2640625 0.3171875 0.02890625 0.01796875
0 0.22890625 0.30390625 0.0171875 0.01484375
0 0.24140625 0.31875 0.0203125 0.015625
0 0.1921875 0.30546875 0.01875 0.01484375
0 0.1109375 0.37265625 0.025 0.021875
0 0.2625 0.55546875 0.02734375 0.02265625
0 0.2140625 0.5921875 0.03125 0.021875
0 0.09921875 0.6296875 0.0234375 0.01875
0 0.040625 0.63828125 0.0234375 0.0203125
0 0.18828125 0.6546875 0.02890625 0.021875
0 0.05078125 0.4359375 0.0234375 0.0265625
0 0.32109375 0.50078125 0.0265625 0.0265625
0 0.06328125 0.39140625 0.0265625 0.01875
0 0.01640625 0.4078125 0.0328125 0.0265625
0 0.12734375 0.4109375 0.02734375 0.01953125
0 0.146875 0.45703125 0.02890625 0.0234375
0 0.06015625 0.45703125 0.0171875 0.01796875
0 0.1640625 0.60234375 0.0171875 0.015625
0 0.29296875 0.57578125 0.02109375 0.015625
0 0.3265625 0.53125 0.02265625 0.01484375
0 0.23671875 0.60625 0.02109375 0.0171875
0 0.1578125 0.38671875 0.00859375 0.01015625
0 0.0046875 0.5984375 0.00859375 0.025
0 0.165625 0.39296875 0.0140625 0.01328125
0 0.1171875 0.496875 0.02734375 0.021875
0 0.003125 0.478125 0.00625 0.028125
0 0.4453125 0.53515625 0.0234375 0.01875
0 0.390625 0.50390625 0.02890625 0.02265625
0 0.39140625 0.5265625 0.0203125 0.015625
0 0.35703125 0.39609375 0.025 0.02734375
0 0.44609375 0.55703125 0.0125 0.0109375
0 0.38359375 0.41484375 0.0203125 0.015625
0 0.4828125 0.58125 0.02265625 0.0140625
0 0.3640625 0.38359375 0.0140625 0.0109375
0 0.98515625 0.6515625 0.02734375 0.01953125
0 0.05078125 0.87109375 0.03359375 0.02734375
0 0.15390625 0.69140625 0.02734375 0.02265625
0 0.01171875 0.8796875 0.0234375 0.02890625
0 0.11875 0.8515625 0.0125 0.009375
0 0.16484375 0.875 0.0125 0.0109375
0 0.0234375 0.6953125 0.0109375 0.0203125
0 0.1796875 0.6875 0.0140625 0.00859375
0 0.1828125 0.68046875 0.01015625 0.0109375
0 0.33671875 0.784375 0.0109375 0.01328125
0 0.36640625 0.73515625 0.01484375 0.01328125
0 0.96171875 0.82734375 0.0109375 0.009375
0 0.98984375 0.85859375 0.0171875 0.0265625
0 0.9828125 0.81640625 0.00859375 0.01015625
0 0.9828125 0.828125 0.00859375 0.0078125
0 0.90234375 0.75390625 0.01484375 0.00546875
0 0.64921875 0.72734375 0.07890625 0.0609375
0 0.5109375 0.7125 0.0140625 0.0109375
0 0.04375 0.65390625 0.02109375 0.02265625
0 0.4 0.42109375 0.01484375 0.00859375
0 0.66875 0.63203125 0.01640625 0.0109375
1 0.0078125 0.7015625 0.01484375 0.021875
0 0.76328125 0.56640625 0.0125 0.009375