0 0.8140625 0.76796875 0.025 0.015625
0 0.61640625 0.6921875 0.0359375 0.02890625
0 0.4953125 0.75390625 0.0328125 0.0296875
0 0.525 0.728125 0.03359375 0.0296875
0 0.7140625 0.653125 0.0328125 0.0203125
0 0.6390625 0.75234375 0.02265625 0.0140625
0 0.75625 0.840625 0.02265625 0.01328125
0 0.3171875 0.7515625 0.03515625 0.028125
1 0.04375 0.5515625 0.0875 0.14921875
0 0.85390625 0.703125 0.0828125 0.0734375
0 0.1734375 0.82734375 0.0390625 0.0328125
1 0.5546875 0.8171875 0.2046875 0.1265625
1 0.5015625 0.55546875 0.13125 0.13515625
0 0.59453125 0.228125 0.12109375 0.08359375
0 0.221875 0.8109375 0.03984375 0.034375
0 0.540625 0.196875 0.125 0.059375
0 0.41171875 0.69296875 0.0390625 0.03828125
0 0.81640625 0.33046875 0.0890625 0.06015625
0 0.2875 0.7546875 0.0484375 0.0484375
0 0.59453125 0.61015625 0.0796875 0.05703125
0 0.9625 0.82109375 0.05234375 0.03203125
0 0.0703125 0.809375 0.05 0.0515625
0 0.4296875 0.7953125 0.0375 0.03359375
0 0.98515625 0.53203125 0.0296875 0.0390625
0 0.7640625 0.29765625 0.0875 0.0328125
0 0.39921875 0.80390625 0.0375 0.034375
0 0.0375 0.27109375 0.075 0.0609375
0 0.09140625 0.290625 0.0375 0.0234375
0 0.37734375 0.81796875 0.0296875 0.0296875
0 0.675 0.85625 0.05625 0.01484375
0 0.91328125 0.7734375 0.03125 0.025
0 0.90859375 0.63203125 0.0359375 0.0265625
0 0.9609375 0.56875 0.04375 0.028125
0 0.82421875 0.44453125 0.01015625 0.0125
0 0.8125 0.453125 0.01640625 0.009375
0 0.78984375 0.45390625 0.01484375 0.00859375
0 0.7703125 0.45625 0.01640625 0.00859375
0 0.7546875 0.44765625 0.0125 0.0109375
0 0.78984375 0.446875 0.0640625 0.0140625
0 0.72890625 0.2765625 0.0875 0.034375
0 0.43671875 0.13828125 0.03984375 0.02265625
0 0.29140625 0.30625 0.0140625 0.0125
0 0.4265625 0.49765625 0.0109375 0.009375
1 0.53515625 0.49765625 0.075 0.05
0 0.7546875 0.80078125 0.0234375 0.01953125