0 0.89296875 0.29921875 0.01875 0.0171875
0 0.76875 0.43671875 0.03515625 0.02421875
0 0.8359375 0.534375 0.0359375 0.021875
0 0.8046875 0.509375 0.0359375 0.02265625
0 0.728125 0.35859375 0.0234375 0.02265625
0 0.85078125 0.4265625 0.01640625 0.015625
0 0.9828125 0.35078125 0.01484375 0.015625
0 0.8109375 0.6671875 0.03359375 0.0234375
1 0.51328125 0.875 0.19140625 0.10859375
0 0.81171875 0.26171875 0.0890625 0.0546875
0 0.89375 0.7828125 0.03984375 0.025
1 0.9265625 0.4984375 0.14609375 0.14140625
1 0.5734375 0.50546875 0.1671875 0.08359375
0 0.1515625 0.39609375 0.0984375 0.0828125
0 0.87734375 0.7453125 0.0421875 0.0265625
0 0.4015625 0.1046875 0.06484375 0.05
0 0.10390625 0.4328125 0.06484375 0.08828125
0 0.74453125 0.5890625 0.04765625 0.025
0 0.3140625 0.24453125 0.0703125 0.0609375
0 0.8109375 0.6890625 0.06015625 0.03125
0 0.6578125 0.44296875 0.0671875 0.0546875
1 0.05234375 0.90859375 0.1046875 0.09765625
0 0.98203125 0.1953125 0.0359375 0.03671875
0 0.85703125 0.8578125 0.0640625 0.03203125
0 0.8828125 0.58828125 0.04140625 0.02421875
0 0.603125 0.13984375 0.04765625 0.021875
0 0.2640625 0.27890625 0.03359375 0.0625
0 0.88984375 0.61171875 0.0421875 0.02421875
0 0.13828125 0.83359375 0.0671875 0.0859375
0 0.1734375 0.77890625 0.02734375 0.0265625
0 0.90546875 0.6296875 0.0375 0.01875
0 0.99296875 0.41328125 0.0140625 0.04140625
0 0.9125 0.22578125 0.03125 0.0203125
0 0.72421875 0.21171875 0.03125 0.02421875
0 0.646875 0.16484375 0.0328125 0.0296875
0 0.46640625 0.2515625 0.01484375 0.00625
0 0.4765625 0.26171875 0.0109375 0.0109375
0 0.4734375 0.278125 0.01015625 0.01015625
0 0.47421875 0.29296875 0.01015625 0.0109375
0 0.46171875 0.30390625 0.0140625 0.00859375
0 0.4640625 0.278125 0.0109375 0.046875
0 0.23203125 0.30234375 0.0359375 0.0625
0 0.01328125 0.503125 0.0265625 0.028125
0 0.2171875 0.63203125 0.01484375 0.009375
0 0.48828125 0.5546875 0.0109375 0.0078125
1 0.5015625 0.4734375 0.05859375 0.0515625
0 0.9296875 0.346875 0.0234375 0.015625