0 0.14921875 0.0671875 0.04375 0.034375
0 0.11953125 0.0921875 0.0390625 0.03828125
0 0.1125 0.13046875 0.0390625 0.0390625
0 0.12265625 0.1671875 0.05234375 0.0296875
0 0.18671875 0.07734375 0.03125 0.03515625
0 0.15234375 0.10234375 0.040625 0.0328125
0 0.1515625 0.13515625 0.04765625 0.0296875
0 0.165625 0.17109375 0.03515625 0.0375
0 0.184375 0.1125 0.034375 0.03203125
0 0.20078125 0.1421875 0.04375 0.028125
0 0.21171875 0.17109375 0.04921875 0.03828125
0 0.22578125 0.071875 0.0375 0.0234375
0 0.2203125 0.10546875 0.0328125 0.0375
0 0.25703125 0.10390625 0.034375 0.0375
0 0.24453125 0.14453125 0.0421875 0.03671875
0 0.45546875 0.05625 0.0578125 0.04375
0 0.4140625 0.07578125 0.0609375 0.04453125
0 0.39609375 0.11875 0.07109375 0.04609375
0 0.40234375 0.16328125 0.0515625 0.0546875
0 0.46875 0.10546875 0.06484375 0.04453125
0 0.45390625 0.16328125 0.0453125 0.06640625
0 0.50390625 0.16328125 0.04765625 0.0671875
0 0.5140625 0.0578125 0.059375 0.04296875
0 0.52578125 0.09921875 0.0578125 0.04375
0 0.55 0.14375 0.0625 0.04296875
0 0.69375 0.06640625 0.09296875 0.06640625
0 0.69921875 0.1265625 0.128125 0.04765625
0 0.778125 0.08515625 0.07109375 0.1109375
0 0.86171875 0.0625 0.10546875 0.06171875
0 0.86171875 0.11875 0.1203125 0.0625
0 0.07421875 0.31953125 0.08828125 0.20078125
0 0.215625 0.26484375 0.17734375 0.115625
0 0.2265625 0.365625 0.209375 0.13359375
0 0.390625 0.32890625 0.1609375 0.19921875
0 0.43984375 0.30625 0.1671875 0.19921875
0 0.6390625 0.3390625 0.22734375 0.271875
0 0.83515625 0.33515625 0.26640625 0.240625
0 0.13984375 0.5765625 0.22109375 0.2796875
0 0.33828125 0.55703125 0.1625 0.21875
0 0.49765625 0.58046875 0.2234375 0.27265625
0 0.7890625 0.5640625 0.3671875 0.1953125
0 0.2546875 0.83359375 0.43203125 0.23125
0 0.72109375 0.81953125 0.5109375 0.29609375