0 0.15703125 0.0609375 0.04296875 0.03359375
0 0.1265625 0.0859375 0.03828125 0.0375
0 0.11875 0.1234375 0.03828125 0.03828125
0 0.12890625 0.16015625 0.0515625 0.02890625
0 0.19375 0.07265625 0.0296875 0.034375
0 0.159375 0.096875 0.03984375 0.03203125
0 0.1578125 0.1296875 0.04609375 0.02890625
0 0.171875 0.16484375 0.034375 0.03671875
0 0.19140625 0.10703125 0.03359375 0.03125
0 0.20703125 0.1375 0.04296875 0.02734375
0 0.2171875 0.165625 0.0484375 0.0375
0 0.23359375 0.0671875 0.0375 0.02265625
0 0.22734375 0.10078125 0.03203125 0.03671875
0 0.2640625 0.09921875 0.03359375 0.03671875
0 0.25078125 0.13984375 0.040625 0.03515625
0 0.46328125 0.05546875 0.05703125 0.04296875
0 0.42109375 0.07421875 0.06015625 0.04375
0 0.40234375 0.1171875 0.0703125 0.0453125
0 0.4078125 0.16171875 0.05078125 0.05390625
0 0.47578125 0.1046875 0.06328125 0.04375
0 0.46015625 0.1625 0.04453125 0.065625
0 0.51015625 0.16328125 0.04609375 0.06640625
0 0.521875 0.0578125 0.0578125 0.0421875
0 0.5328125 0.1 0.05703125 0.04296875
0 0.55625 0.1453125 0.06171875 0.0421875
0 0.7015625 0.0703125 0.0921875 0.06484375
0 0.70625 0.1296875 0.12734375 0.0453125
0 0.78515625 0.08984375 0.06875 0.11015625
0 0.86875 0.06875 0.1046875 0.06015625
0 0.86875 0.12578125 0.11875 0.0609375
0 0.07734375 0.3125 0.084375 0.19921875
0 0.21953125 0.26015625 0.17578125 0.1125
0 0.22890625 0.36171875 0.20703125 0.1296875
0 0.39375 0.3265625 0.15703125 0.19609375
0 0.44296875 0.3046875 0.16328125 0.19609375
0 0.6421875 0.34140625 0.22265625 0.26796875
0 0.8375 0.34140625 0.2625 0.23671875
0 0.13828125 0.5703125 0.21640625 0.2765625
0 0.3375 0.5546875 0.159375 0.21640625
0 0.49609375 0.58046875 0.21875 0.26875
0 0.7875 0.56875 0.36328125 0.1890625
0 0.2484375 0.82890625 0.428125 0.2234375
0 0.715625 0.8234375 0.50625 0.2875