0 0.78671875 0.08515625 0.13203125 0.0984375
0 0.76484375 0.00234375 0.06015625 0.00390625
0 0.26015625 0.26484375 0.13203125 0.065625
0 0.06484375 0.13984375 0.1296875 0.15859375
0 0.1078125 0.01640625 0.0390625 0.00546875
0 0.36796875 0.06640625 0.05546875 0.04140625
1 0.44453125 0.81171875 0.3359375 0.2671875
1 0.73515625 0.5609375 0.3203125 0.22265625
1 0.2359375 0.23984375 0.29921875 0.23203125
0 0.9171875 0.3453125 0.11953125 0.07734375
0 0.64765625 0.33984375 0.0890625 0.0734375
0 0.96875 0.9 0.0625 0.0984375
0 0.41875 0.896875 0.13203125 0.08515625
0 0.0453125 0.60390625 0.08359375 0.09375