0 0.18515625 0.903125 0.12421875 0.09375
0 0.19921875 0.9921875 0.0578125 0.015625
0 0.7234375 0.74453125 0.128125 0.06015625
0 0.92421875 0.878125 0.1515625 0.15390625
0 0.85859375 0.99765625 0.0390625 0.00390625
0 0.6015625 0.93828125 0.0515625 0.03984375
1 0.5765625 0.190625 0.31875 0.2546875
1 0.26953125 0.4296875 0.30625 0.2109375
1 0.7453125 0.7703125 0.284375 0.221875
0 0.07265625 0.63828125 0.1140625 0.0734375
0 0.34140625 0.65390625 0.08359375 0.07109375
0 0.04375 0.08046875 0.0875 0.09609375
0 0.60859375 0.10703125 0.1265625 0.08046875
0 0.9609375 0.4140625 0.078125 0.090625