0 0.6171875 0.29140625 0.08828125 0.053125
0 0.05390625 0.1515625 0.0671875 0.0625
0 0.17734375 0.17265625 0.0453125 0.04296875
0 0.046875 0.42734375 0.084375 0.07890625
0 0.03125 0.59765625 0.05 0.05234375
0 0.27734375 0.51796875 0.06015625 0.05859375
0 0.3453125 0.45078125 0.07890625 0.065625
0 0.3828125 0.575 0.14765625 0.12421875
0 0.5546875 0.56015625 0.17421875 0.16953125
0 0.2921875 0.815625 0.07890625 0.090625
0 0.18984375 0.76875 0.05390625 0.05703125
0 0.08984375 0.809375 0.10703125 0.1171875
0 0.571875 0.95078125 0.0859375 0.09765625
0 0.55625 0.8390625 0.09921875 0.07890625
0 0.9046875 0.7796875 0.08359375 0.08515625
0 0.72578125 0.6 0.1734375 0.15703125
0 0.79921875 0.38515625 0.084375 0.06796875
0 0.7234375 0.19453125 0.13828125 0.13046875
1 0.25703125 0.815625 0.32890625 0.309375
1 0.6515625 0.165625 0.35 0.33046875
0 0.46484375 0.1625 0.12109375 0.12109375
0 0.428125 0.3765625 0.078125 0.08828125