0 0.64921875 0.31171875 0.08359375 0.04140625
0 0.01640625 0.2015625 0.03203125 0.27890625
0 0.1140625 0.0859375 0.059375 0.0546875
0 0.2328125 0.1265625 0.040625 0.0375
0 0.0640625 0.3578125 0.075 0.06796875
0 0.02109375 0.52265625 0.0421875 0.0453125
0 0.27734375 0.48359375 0.05390625 0.05078125
0 0.3546875 0.42734375 0.07109375 0.0546875
0 0.37265625 0.55625 0.1328125 0.10390625
0 0.54453125 0.56796875 0.153125 0.14765625
0 0.2453125 0.7796875 0.0671875 0.08125
0 0.1515625 0.7171875 0.0453125 0.05078125
0 0.04609375 0.74140625 0.0921875 0.1046875
0 0.01796875 0.97265625 0.0359375 0.0546875
0 0.5 0.95625 0.0734375 0.08671875
0 0.50234375 0.84375 0.08984375 0.065625
0 0.85546875 0.8390625 0.07265625 0.075
0 0.70703125 0.634375 0.1546875 0.134375
0 0.81328125 0.43359375 0.0765625 0.05703125
0 0.76875 0.23359375 0.121875 0.11328125
1 0.21015625 0.77421875 0.28984375 0.26796875
1 0.70390625 0.18828125 0.30703125 0.29609375
0 0.51875 0.16171875 0.1046875 0.10703125
0 0.4484375 0.36640625 0.065625 0.07890625