0 0.69453125 0.64140625 0.04453125 0.084375
0 0.78359375 0.01484375 0.28203125 0.0296875
0 0.903125 0.10234375 0.0578125 0.06015625
0 0.86640625 0.221875 0.0390625 0.04140625
0 0.62734375 0.06171875 0.07109375 0.07734375
0 0.459375 0.02578125 0.046875 0.04375
0 0.50859375 0.278125 0.05234375 0.0546875
0 0.56796875 0.353125 0.0578125 0.071875
0 0.4390625 0.375 0.10859375 0.1359375
0 0.4328125 0.546875 0.1546875 0.15703125
0 0.21015625 0.25703125 0.084375 0.06953125
0 0.26875 0.16171875 0.05234375 0.046875
0 0.240625 0.0578125 0.10703125 0.09609375
0 0.0171875 0.0375 0.034375 0.0375
0 0.04296875 0.515625 0.0859375 0.07578125
0 0.15390625 0.5140625 0.06875 0.0921875
0 0.17109375 0.86484375 0.078125 0.075
0 0.37265625 0.71015625 0.140625 0.15703125
0 0.578125 0.80859375 0.06015625 0.07734375
0 0.778125 0.7578125 0.11796875 0.125
1 0.2140625 0.221875 0.27890625 0.29765625
1 0.8203125 0.6921875 0.30859375 0.315625
0 0.84140625 0.50703125 0.11171875 0.1078125
0 0.63203125 0.44375 0.08203125 0.06796875