1 0.41640625 0.33828125 0.15234375 0.15234375
0 0.2671875 0.95546875 0.05625 0.05078125
0 0.434375 0.8234375 0.01015625 0.01171875
0 0.37734375 0.73671875 0.04140625 0.04453125
0 0.18203125 0.63359375 0.04140625 0.034375
0 0.4421875 0.3265625 0.0796875 0.05390625
0 0.50390625 0.05390625 0.05625 0.04765625
0 0.80234375 0.30703125 0.04140625 0.04140625
0 0.853125 0.33046875 0.015625 0.0125
0 0.73828125 0.49140625 0.01171875 0.0125
1 0.8703125 0.04375 0.13671875 0.0875
1 0.4734375 0.80703125 0.13515625 0.115625
1 0.7734375 0.48828125 0.16640625 0.12890625
1 0.8734375 0.35546875 0.24453125 0.22734375