1 0.4421875 0.33125 0.13125 0.140625
0 0.2 0.9296875 0.04921875 0.046875
0 0.38515625 0.81484375 0.009375 0.01015625
0 0.3421875 0.7234375 0.03515625 0.04140625
0 0.1640625 0.6015625 0.0375 0.03125
0 0.46875 0.32265625 0.07265625 0.04765625
0 0.571875 0.05703125 0.04921875 0.04375
0 0.8296875 0.33828125 0.03671875 0.03828125
0 0.8765625 0.36640625 0.0140625 0.01171875
0 0.7375 0.51484375 0.01015625 0.01171875
1 0.940625 0.0609375 0.11875 0.121875
1 0.4265625 0.80234375 0.11953125 0.10546875
1 0.7734375 0.51484375 0.15 0.115625
1 0.8921875 0.39296875 0.21484375 0.20703125