1 0.75625 0.5171875 0.21640625 0.37890625
1 0.77890625 0.96796875 0.1234375 0.03671875
1 0.60546875 0.9015625 0.2171875 0.196875
1 0.76796875 0.8359375 0.1578125 0.25390625
1 0.765625 0.65859375 0.18359375 0.225
1 0.57890625 0.67265625 0.23203125 0.27734375
1 0.52421875 0.51953125 0.29921875 0.28359375
1 0.525 0.328125 0.26953125 0.4
1 0.7015625 0.18203125 0.18203125 0.31171875
0 0.9421875 0.028125 0.02109375 0.03203125
0 0.87578125 0.1 0.04921875 0.053125
0 0.959375 0.2 0.025 0.034375
0 0.8 0.25390625 0.24609375 0.32421875
0 0.97265625 0.35 0.0296875 0.03984375
0 0.7421875 0.521875 0.12890625 0.13046875
0 0.89765625 0.47421875 0.04921875 0.04609375
0 0.971875 0.50859375 0.0328125 0.03515625
0 0.8984375 0.58515625 0.0859375 0.14140625
0 0.978125 0.57578125 0.04296875 0.04921875
0 0.8375 0.71640625 0.0453125 0.08203125
0 0.9171875 0.6859375 0.0484375 0.046875
0 0.98828125 0.75390625 0.0234375 0.04375
0 0.93125 0.89296875 0.0453125 0.05859375
0 0.421875 0.97265625 0.06015625 0.04765625
0 0.3671875 0.83671875 0.06875 0.07734375
0 0.1703125 0.5796875 0.11953125 0.15625
0 0.2015625 0.55234375 0.0953125 0.10078125
0 0.0703125 0.21796875 0.084375 0.08828125