1 0.78671875 0.5625 0.0984375 0.06953125
1 0.46171875 0.5171875 0.09609375 0.06171875
0 0.41328125 0.34140625 0.08359375 0.025
1 0.3046875 0.8015625 0.20390625 0.1625
0 0.2265625 0.59453125 0.06875 0.03671875
0 0.2578125 0.55234375 0.05390625 0.040625
0 0.31484375 0.66328125 0.0625 0.06171875
0 0.5203125 0.75546875 0.0453125 0.028125
0 0.8515625 0.45234375 0.07109375 0.0328125
0 0.70859375 0.76953125 0.05 0.03359375
0 0.7609375 0.81640625 0.04375 0.03125
0 0.1609375 0.6640625 0.0515625 0.04609375
0 0.54296875 0.52265625 0.07890625 0.0375
0 0.62734375 0.5765625 0.03515625 0.05625
1 0.359375 0.6765625 0.09375 0.10234375
1 0.72890625 0.65078125 0.075 0.1015625
0 0.50234375 0.4515625 0.0828125 0.034375
0 0.834375 0.38359375 0.04140625 0.02890625
0 0.5328125 0.6359375 0.03359375 0.0421875
0 0.6046875 0.47734375 0.0375 0.05703125
1 0.50859375 0.46171875 0.2203125 0.08984375
0 0.92265625 0.528125 0.07265625 0.040625
0 0.11875 0.65390625 0.02734375 0.0203125
0 0.30546875 0.4125 0.0265625 0.015625
0 0.14765625 0.50546875 0.02734375 0.021875
0 0.1109375 0.525 0.04140625 0.0296875
0 0.196875 0.3859375 0.0265625 0.0234375
0 0.296875 0.4921875 0.02890625 0.0171875
0 0.303125 0.521875 0.0359375 0.01796875
0 0.3 0.51796875 0.0375 0.01875
0 0.50625 0.353125 0.0296875 0.0203125
0 0.3734375 0.6 0.04609375 0.021875
0 0.6359375 0.43359375 0.0296875 0.02890625
0 0.3890625 0.4546875 0.0203125 0.02890625
0 0.6328125 0.371875 0.0265625 0.015625
0 0.5453125 0.60546875 0.02265625 0.0171875
0 0.54609375 0.61953125 0.01484375 0.0109375
0 0.8359375 0.35546875 0.04140625 0.02734375
0 0.72109375 0.54296875 0.025 0.01953125
0 0.75078125 0.50078125 0.0390625 0.02890625
0 0.9265625 0.3515625 0.0265625 0.01953125
0 0.69453125 0.58359375 0.0265625 0.021875
0 0.7421875 0.43125 0.0265625 0.015625
0 0.73125 0.37265625 0.0125 0.01015625
0 0.1625 0.7421875 0.0171875 0.00859375
0 0.1875 0.703125 0.0171875 0.00625
0 0.21484375 0.73515625 0.01015625 0.009375
0 0.51953125 0.803125 0.04140625 0.0265625
0 0.7046875 0.8421875 0.0390625 0.0140625
0 0.7296875 0.6765625 0.02265625 0.0296875
0 0.79921875 0.69609375 0.09765625 0.059375
0 0.8140625 0.6875 0.0703125 0.07421875
0 0.8390625 0.66796875 0.06875 0.11328125
0 0.8921875 0.66953125 0.0796875 0.11171875
0 0.8984375 0.69140625 0.09140625 0.0671875
0 0.7859375 0.6453125 0.03984375 0.028125
0 0.8859375 0.4953125 0.0453125 0.0265625