1 0.79609375 0.528125 0.1125 0.0796875
1 0.46640625 0.521875 0.1078125 0.071875
0 0.38125 0.35390625 0.0875 0.034375
1 0.3703125 0.82109375 0.23515625 0.18359375
0 0.25 0.62578125 0.075 0.04375
0 0.271875 0.58046875 0.0609375 0.04609375
0 0.3515625 0.68359375 0.075 0.06875
0 0.5734375 0.75 0.05 0.0328125
0 0.8375 0.41171875 0.07734375 0.040625
0 0.7625 0.7421875 0.05625 0.0390625
0 0.8234375 0.78203125 0.05 0.0359375
0 0.1984375 0.70234375 0.06015625 0.0515625
0 0.54765625 0.51796875 0.08515625 0.04609375
0 0.6421875 0.56015625 0.04609375 0.06015625
1 0.3984375 0.690625 0.1140625 0.11171875
1 0.7578125 0.621875 0.0953125 0.10859375
0 0.4921875 0.4515625 0.0890625 0.04375
0 0.80625 0.34609375 0.04609375 0.03359375
0 0.5609375 0.63046875 0.0421875 0.04609375
0 0.5984375 0.465625 0.0484375 0.0609375
1 0.50078125 0.46171875 0.2359375 0.1140625
0 0.9234375 0.478125 0.0796875 0.0484375
0 0.15546875 0.696875 0.03125 0.0234375
0 0.28984375 0.43671875 0.02890625 0.01875
0 0.153125 0.546875 0.03125 0.02421875
0 0.1203125 0.5703125 0.04765625 0.034375
0 0.1765625 0.42265625 0.03125 0.0265625
0 0.29765625 0.515625 0.0328125 0.01953125
0 0.31015625 0.54453125 0.03984375 0.021875
0 0.30625 0.54140625 0.04140625 0.02265625
0 0.47578125 0.35390625 0.03359375 0.0234375
0 0.3953125 0.6140625 0.05 0.02734375
0 0.6203125 0.41875 0.0359375 0.03203125
0 0.38046875 0.46875 0.0265625 0.03125
0 0.6046875 0.3578125 0.02890625 0.01875
0 0.56640625 0.59921875 0.0265625 0.01953125
0 0.5703125 0.6125 0.0171875 0.01328125
0 0.8015625 0.31796875 0.04609375 0.03203125
0 0.72734375 0.51640625 0.02890625 0.02265625
0 0.74765625 0.47109375 0.04375 0.0328125
0 0.890625 0.30390625 0.0296875 0.02265625
0 0.709375 0.559375 0.0296875 0.02421875
0 0.72421875 0.40390625 0.02890625 0.01875
0 0.7015625 0.346875 0.01484375 0.0109375
0 0.2171875 0.778125 0.01875 0.01015625
0 0.23359375 0.7375 0.01875 0.00859375
0 0.2671875 0.76484375 0.0109375 0.01015625
0 0.5828125 0.796875 0.04609375 0.03125
0 0.7734375 0.8140625 0.04140625 0.01875
0 0.7640625 0.64765625 0.02890625 0.03203125
0 0.83671875 0.65859375 0.10859375 0.06953125
0 0.84921875 0.6484375 0.08515625 0.08125
0 0.8703125 0.6265625 0.09140625 0.1203125
0 0.921875 0.62109375 0.10234375 0.1203125
0 0.9328125 0.6421875 0.10390625 0.078125
0 0.81328125 0.61015625 0.0453125 0.0328125
0 0.88046875 0.45 0.05 0.03125