0 0.071875 0.38828125 0.1296875 0.0671875
0 0.5046875 0.35234375 0.17890625 0.0796875
0 0.5984375 0.72265625 0.15234375 0.10625
0 0.30625 0.5390625 0.10234375 0.05859375
0 0.20703125 0.5390625 0.0953125 0.04921875
0 0.82578125 0.6328125 0.07890625 0.0390625
0 0.77890625 0.59296875 0.08984375 0.05
0 0.22109375 0.28828125 0.09375 0.03203125
0 0.74296875 0.40859375 0.0484375 0.03046875
0 0.01015625 0.48046875 0.0203125 0.04296875
0 0.1078125 0.34765625 0.0859375 0.021875
0 0.03828125 0.57734375 0.0546875 0.02890625
0 0.1328125 0.6078125 0.03984375 0.02421875
0 0.08203125 0.58828125 0.04375 0.0234375
0 0.1078125 0.5984375 0.0421875 0.025
0 0.0359375 0.22421875 0.0234375 0.01796875
0 0.61640625 0.640625 0.0390625 0.021875
0 0.21640625 0.65625 0.03515625 0.02421875
0 0.34375 0.7546875 0.0109375 0.01953125
0 0.47578125 0.48671875 0.02890625 0.028125
0 0.52734375 0.50625 0.03359375 0.025
0 0.68671875 0.4328125 0.06484375 0.021875
0 0.7890625 0.41875 0.02109375 0.01328125
0 0.6359375 0.43125 0.0234375 0.01328125
0 0.5046875 0.22890625 0.02734375 0.0140625
0 0.54296875 0.3671875 0.0203125 0.0140625
0 0.6421875 0.22890625 0.0671875 0.01171875
0 0.3203125 0.3765625 0.0140625 0.00625
0 0.48984375 0.71484375 0.03984375 0.02421875
1 0.3828125 0.7484375 0.11640625 0.06328125
1 0.384375 0.7359375 0.13515625 0.0875
1 0.49921875 0.7203125 0.13125 0.1265625