0 0.64453125 0.24609375 0.12265625 0.075
0 0.7609375 0.48515625 0.14375 0.10234375
0 0.11875 0.58203125 0.19140625 0.08828125
0 0.4078125 0.396875 0.1046875 0.05859375
0 0.44453125 0.115625 0.1328125 0.053125
0 0.39609375 0.340625 0.0890625 0.05390625
0 0.1609375 0.1515625 0.16640625 0.04765625
0 0.30546875 0.69765625 0.0703125 0.04453125
0 0.3703125 0.6671875 0.08984375 0.05234375
0 0.83984375 0.31875 0.0578125 0.053125
0 0.69140625 0.62421875 0.05390625 0.028125
0 0.4734375 0.2171875 0.07734375 0.02578125
0 0.72109375 0.81015625 0.05625 0.034375
0 0.721875 0.2625 0.03984375 0.04921875
0 0.30703125 0.2515625 0.05234375 0.03203125
0 0.265625 0.30859375 0.0421875 0.02265625
0 0.2921875 0.27734375 0.04140625 0.025
0 0.1921875 0.2171875 0.0546875 0.02421875
0 0.2796875 0.29296875 0.04375 0.02421875
0 0.6546875 0.1421875 0.05234375 0.01953125
0 0.928125 0.19453125 0.03515625 0.0390625
0 0.9515625 0.1828125 0.02109375 0.0359375
0 0.94609375 0.11640625 0.0125 0.01796875
0 0.265625 0.58203125 0.03984375 0.021875
0 0.18984375 0.3609375 0.04375 0.01953125
0 0.03203125 0.44375 0.03515625 0.00703125
0 0.5203125 0.48515625 0.05 0.0171875
0 0.4921875 0.51640625 0.04609375 0.01875
0 0.64140625 0.59609375 0.0390625 0.0375
0 0.6796875 0.6515625 0.0234375 0.01171875
0 0.6375 0.56796875 0.0234375 0.01328125
0 0.9796875 0.46953125 0.025 0.015625
0 0.7390625 0.5078125 0.025 0.0109375
0 0.99140625 0.5453125 0.0171875 0.0375
0 0.6953125 0.384375 0.0109375 0.00859375
0 0.20859375 0.83671875 0.05 0.028125
0 0.66796875 0.8109375 0.02265625 0.0109375
0 0.1203125 0.52109375 0.0421875 0.02265625
1 0.0515625 0.46484375 0.103125 0.0671875
1 0.0734375 0.46328125 0.146875 0.0765625
1 0.1125 0.5265625 0.225 0.07578125