0 0.0453125 0.4875 0.01328125 0.015625
0 0.02421875 0.2046875 0.0484375 0.03515625
0 0.08828125 0.18515625 0.03203125 0.03671875
0 0.109375 0.1640625 0.02421875 0.03515625
0 0.11796875 0.19296875 0.00859375 0.02421875
0 0.115625 0.26328125 0.00390625 0.01015625
0 0.0359375 0.27421875 0.05 0.06328125
0 0.0171875 0.31875 0.034375 0.03828125
0 0.03828125 0.36328125 0.0765625 0.0640625
0 0.10546875 0.3546875 0.01015625 0.01171875
0 0.125 0.3765625 0.02421875 0.021875
0 0.1015625 0.40546875 0.02265625 0.03125
0 0.1140625 0.4 0.0140625 0.021875
0 0.1171875 0.428125 0.0203125 0.04375
0 0.1234375 0.46015625 0.00390625 0.00546875
0 0.01015625 0.46875 0.0203125 0.0578125
0 0.0625 0.48046875 0.01171875 0.01640625
0 0.0734375 0.60703125 0.02890625 0.03125
0 0.1015625 0.5875 0.0296875 0.05390625
0 0.12421875 0.62421875 0.01640625 0.01640625
0 0.13203125 0.6109375 0.0234375 0.015625
0 0.12265625 0.6375 0.0421875 0.046875
0 0.10859375 0.69609375 0.0203125 0.06640625
0 0.1265625 0.67734375 0.02421875 0.02578125
0 0.09921875 0.74453125 0.03125 0.06640625
0 0.10859375 0.8078125 0.0171875 0.0328125
0 0.07109375 0.85 0.0421875 0.0453125
0 0.29453125 0.7625 0.00703125 0.009375
0 0.2546875 0.71484375 0.01953125 0.021875
0 0.29296875 0.69140625 0.00703125 0.00703125
0 0.26328125 0.625 0.046875 0.0703125
0 0.178125 0.61796875 0.0265625 0.02890625
0 0.23203125 0.5515625 0.0109375 0.01015625
0 0.284375 0.50078125 0.0171875 0.02109375
0 0.30234375 0.42265625 0.04375 0.06015625
0 0.29140625 0.46328125 0.04375 0.05546875
0 0.31875 0.3546875 0.01484375 0.021875
0 0.2453125 0.3125 0.01640625 0.02109375
0 0.29765625 0.28046875 0.0140625 0.02421875
0 0.2640625 0.4296875 0.01484375 0.015625
0 0.2078125 0.4078125 0.0140625 0.021875
0 0.1859375 0.2984375 0.00859375 0.0125
0 0.1765625 0.29140625 0.01015625 0.0125
0 0.17265625 0.3953125 0.01875 0.02109375
0 0.1984375 0.259375 0.01796875 0.021875
0 0.25703125 0.271875 0.0125 0.0265625
0 0.2828125 0.23671875 0.01328125 0.015625
0 0.225 0.22265625 0.01484375 0.01171875
0 0.18046875 0.2125 0.01953125 0.02109375
0 0.38828125 0.6171875 0.00859375 0.009375
0 0.3953125 0.675 0.00703125 0.00859375
0 0.40546875 0.7421875 0.00859375 0.00859375
0 0.5984375 0.76875 0.03515625 0.046875
0 0.659375 0.69453125 0.04140625 0.04140625
0 0.53046875 0.6609375 0.0265625 0.03359375
0 0.50078125 0.69765625 0.02734375 0.0421875
0 0.46640625 0.628125 0.02421875 0.071875
0 0.49609375 0.60078125 0.02890625 0.03984375
0 0.43984375 0.5515625 0.02265625 0.0703125
0 0.44609375 0.47109375 0.02265625 0.0703125
0 0.46015625 0.3765625 0.0328125 0.0375
0 0.52578125 0.3578125 0.0328125 0.021875
0 0.57734375 0.3234375 0.0125 0.01796875
0 0.58203125 0.38828125 0.0875 0.13125
0 0.68359375 0.39765625 0.11875 0.128125
0 0.5546875 0.20234375 0.0125 0.0328125
0 0.53046875 0.05234375 0.1015625 0.1046875
0 0.61640625 0.01328125 0.03203125 0.0265625
0 0.70390625 0.04375 0.0609375 0.0875
0 0.7734375 0.05 0.03515625 0.04375
0 0.80859375 0.1796875 0.03828125 0.03515625
0 0.9015625 0.2234375 0.0640625 0.06875
0 0.88046875 0.51640625 0.1046875 0.11796875
0 0.7484375 0.528125 0.06796875 0.103125
0 0.8171875 0.60859375 0.03125 0.04609375
0 0.8765625 0.63203125 0.0375 0.04609375
0 0.71875 0.63203125 0.05234375 0.0609375
0 0.83515625 0.83515625 0.02109375 0.02578125
0 0.9234375 0.8484375 0.025 0.0390625
0 0.81484375 0.89453125 0.028125 0.0453125
1 0.85390625 0.51328125 0.1765625 0.21328125
1 0.6390625 0.30390625 0.1140625 0.11875
1 0.6859375 0.36953125 0.253125 0.384375
1 0.3125 0.5984375 0.08125 0.1171875
1 0.2 0.5859375 0.13671875 0.13515625
1 0.1265625 0.675 0.0453125 0.0453125
1 0.04375 0.50234375 0.0875 0.1140625
1 0.22109375 0.42265625 0.09609375 0.07734375
1 0.1828125 0.4359375 0.06484375 0.06875
1 0.0984375 0.3796875 0.05859375 0.103125