0 0.0515625 0.41640625 0.01171875 0.01328125
0 0.009375 0.06796875 0.01875 0.0171875
0 0.0125 0.12890625 0.02421875 0.059375
0 0.0578125 0.13203125 0.06015625 0.02578125
0 0.13125 0.1234375 0.02890625 0.0328125
0 0.1546875 0.10546875 0.02109375 0.0328125
0 0.159375 0.13515625 0.00625 0.02265625
0 0.1484375 0.2046875 0.00234375 0.01015625
0 0.06796875 0.20390625 0.04296875 0.05625
0 0.04140625 0.24453125 0.0375 0.0328125
0 0.04765625 0.290625 0.0953125 0.05078125
0 0.12734375 0.29375 0.009375 0.01015625
0 0.14453125 0.31875 0.021875 0.01953125
0 0.11796875 0.34375 0.01953125 0.02890625
0 0.1296875 0.340625 0.01171875 0.0203125
0 0.1296875 0.36875 0.01484375 0.0421875
0 0.13125 0.40078125 0.003125 0.0046875
0 0.01328125 0.39140625 0.0265625 0.05390625
0 0.06875 0.41171875 0.01015625 0.0140625
0 0.0640625 0.5390625 0.025 0.028125
0 0.09453125 0.5234375 0.0234375 0.05078125
0 0.1125 0.5640625 0.0140625 0.0140625
0 0.121875 0.5515625 0.021875 0.0125
0 0.109375 0.5765625 0.0375 0.04140625
0 0.08828125 0.63203125 0.0125 0.06484375
0 0.10859375 0.6171875 0.021875 0.02265625
0 0.07265625 0.67890625 0.0234375 0.06328125
0 0.075 0.74296875 0.01328125 0.03046875
0 0.03203125 0.77890625 0.03828125 0.0390625
0 0.2640625 0.72734375 0.00625 0.00859375
0 0.23046875 0.67421875 0.0171875 0.01953125
0 0.271875 0.65625 0.00625 0.00546875
0 0.25 0.58671875 0.0390625 0.0640625
0 0.16640625 0.56640625 0.0234375 0.025
0 0.228125 0.509375 0.01015625 0.00859375
0 0.28671875 0.4671875 0.0140625 0.01953125
0 0.31328125 0.3921875 0.03828125 0.0546875
0 0.29765625 0.43125 0.03828125 0.05
0 0.33828125 0.32734375 0.0125 0.0203125
0 0.27109375 0.27421875 0.01328125 0.01953125
0 0.32578125 0.25078125 0.01171875 0.021875
0 0.275 0.39296875 0.01328125 0.01328125
0 0.221875 0.36328125 0.01171875 0.0203125
0 0.21328125 0.25078125 0.00703125 0.01171875
0 0.20546875 0.24296875 0.00859375 0.01171875
0 0.18828125 0.34453125 0.01640625 0.01953125
0 0.23125 0.21484375 0.01484375 0.0203125
0 0.2875 0.2359375 0.009375 0.02578125
0 0.3171875 0.2046875 0.01171875 0.01328125
0 0.26171875 0.18203125 0.0140625 0.009375
0 0.21875 0.16484375 0.01796875 0.01796875
0 0.37421875 0.5984375 0.0078125 0.00859375
0 0.375 0.65703125 0.00625 0.0078125
0 0.3765625 0.725 0.0078125 0.0078125
0 0.56484375 0.78125 0.03046875 0.0421875
0 0.634375 0.71796875 0.0375 0.03515625
0 0.51015625 0.6640625 0.02265625 0.03046875
0 0.4765625 0.6953125 0.02265625 0.0390625
0 0.4515625 0.62109375 0.01640625 0.0703125
0 0.48359375 0.59921875 0.02421875 0.03671875
0 0.434375 0.54140625 0.0140625 0.06796875
0 0.45078125 0.4625 0.0140625 0.06796875
0 0.47578125 0.371875 0.02890625 0.03359375
0 0.54296875 0.36328125 0.03125 0.0171875
0 0.5984375 0.3375 0.0109375 0.01640625
0 0.5953125 0.4015625 0.07265625 0.1203125
0 0.69453125 0.42734375 0.10546875 0.11328125
0 0.590625 0.2140625 0.009375 0.03125
0 0.58671875 0.05390625 0.0890625 0.10703125
0 0.67734375 0.0265625 0.02734375 0.04375
0 0.73828125 0.0046875 0.03828125 0.00859375
0 0.7578125 0.0796875 0.0515625 0.08203125
0 0.88125 0.01875 0.025 0.02265625
0 0.82578125 0.09765625 0.03125 0.0390625
0 0.9953125 0.03515625 0.009375 0.0703125
0 0.84453125 0.23125 0.034375 0.03046875
0 0.93203125 0.2890625 0.0578125 0.06015625
0 0.875 0.57578125 0.09296875 0.1046875
0 0.74296875 0.5671875 0.05703125 0.09609375
0 0.80078125 0.6578125 0.0265625 0.0421875
0 0.85625 0.68984375 0.03203125 0.04140625
0 0.70078125 0.66484375 0.046875 0.0546875
0 0.79140625 0.884375 0.01875 0.02265625
0 0.8765625 0.91171875 0.02109375 0.03671875
0 0.76328125 0.940625 0.02265625 0.0421875
1 0.84921875 0.56875 0.1546875 0.190625
1 0.66171875 0.328125 0.10234375 0.103125
1 0.7 0.4 0.21171875 0.3546875
1 0.30234375 0.5671875 0.06875 0.10703125
1 0.1921875 0.53828125 0.1234375 0.1171875
1 0.109375 0.61484375 0.04140625 0.0390625
1 0.0484375 0.43046875 0.07734375 0.10234375
1 0.23359375 0.3796875 0.08984375 0.0640625
1 0.19375 0.38671875 0.05859375 0.06015625
1 0.11640625 0.3171875 0.046875 0.096875