0 0.81484375 0.31796875 0.0953125 0.06796875
0 0.81171875 0.396875 0.10859375 0.07265625
0 0.43046875 0.80859375 0.10390625 0.0703125
0 0.5484375 0.1125 0.09609375 0.07109375
0 0.7859375 0.45859375 0.0890625 0.06328125
1 0.71484375 0.7703125 0.15859375 0.140625
0 0.24921875 0.27578125 0.0734375 0.05625
0 0.5734375 0.55078125 0.03515625 0.03671875
0 0.2296875 0.08515625 0.10390625 0.0546875
0 0.35390625 0.1015625 0.0375 0.03359375
0 0.33125 0.65 0.04765625 0.04296875
0 0.5203125 0.840625 0.0421875 0.03828125
0 0.67734375 0.3625 0.04765625 0.0359375
1 0.6546875 0.84765625 0.2375 0.20390625
0 0.140625 0.29609375 0.0375 0.02421875
0 0.1421875 0.20625 0.0375 0.0296875
0 0.58125 0.3734375 0.0453125 0.065625
0 0.53515625 0.3078125 0.0671875 0.12734375
0 0.7765625 0.27734375 0.0515625 0.02890625
1 0.23046875 0.54296875 0.2953125 0.13515625
0 0.5890625 0.41796875 0.0359375 0.046875
0 0.27734375 0.23203125 0.0375 0.06015625
0 0.62890625 0.825 0.0375 0.02890625
0 0.70859375 0.396875 0.0625 0.02734375
0 0.0296875 0.44453125 0.05 0.03125
0 0.4 0.2671875 0.04765625 0.0796875
0 0.14375 0.56640625 0.06015625 0.0390625
0 0.0140625 0.71484375 0.02734375 0.03828125
0 0.98046875 0.51328125 0.0390625 0.1390625
0 0.7578125 0.61484375 0.0296875 0.06328125
0 0.0828125 0.5875 0.04375 0.0375
0 0.25703125 0.38671875 0.07734375 0.03828125
0 0.28359375 0.471875 0.18125 0.07421875
0 0.409375 0.20078125 0.0390625 0.07578125
0 0.696875 0.428125 0.04140625 0.0484375
0 0.6640625 0.43671875 0.0453125 0.03671875
0 0.0671875 0.1234375 0.0125 0.015625
0 0.6109375 0.2015625 0.02890625 0.01015625
0 0.67890625 0.221875 0.025 0.0171875
0 0.759375 0.28984375 0.01875 0.01484375
0 0.21640625 0.40859375 0.0296875 0.02265625
0 0.1390625 0.378125 0.03359375 0.021875
0 0.1765625 0.4546875 0.03515625 0.0203125
0 0.0109375 0.659375 0.01875 0.01015625
0 0.0125 0.4640625 0.025 0.02265625
0 0.4421875 0.55 0.01875 0.0140625
0 0.7234375 0.5921875 0.0234375 0.0140625
0 0.35625 0.69921875 0.0375 0.0234375
0 0.75078125 0.75625 0.0140625 0.0140625
0 0.01484375 0.51953125 0.0296875 0.0359375
0 0.0421875 0.49453125 0.05 0.03203125
0 0.45390625 0.29375 0.0171875 0.06171875
0 0.4359375 0.28203125 0.02109375 0.05078125
0 0.52890625 0.31484375 0.0296875 0.05234375
0 0.6734375 0.43515625 0.0125 0.01875
0 0.6953125 0.421875 0.0203125 0.01015625
0 0.7421875 0.55546875 0.02265625 0.06171875
0 0.76328125 0.80078125 0.06640625 0.0546875
0 0.70390625 0.89765625 0.08359375 0.05
0 0.2484375 0.7734375 0.0140625 0.0078125
0 0.1109375 0.61171875 0.0296875 0.021875
0 0.36640625 0.52265625 0.02265625 0.01015625
0 0.346875 0.51484375 0.02265625 0.01328125
0 0.3109375 0.43203125 0.13125 0.0546875