0 0.22109375 0.2875 0.1015625 0.07890625
0 0.32578125 0.28046875 0.10859375 0.08984375
0 0.9171875 0.5140625 0.10625 0.08671875
0 0.0171875 0.5078125 0.03359375 0.07421875
0 0.409375 0.2921875 0.09375 0.07421875
1 0.83125 0.30625 0.2046875 0.13515625
0 0.234375 0.7140625 0.08359375 0.06171875
0 0.5578125 0.4390625 0.05234375 0.03125
0 0.71875 0.6078125 0.0625 0.040625
0 0.9484375 0.44375 0.05625 0.03671875
0 0.296875 0.384375 0.05234375 0.0390625
1 0.89140625 0.34609375 0.2015625 0.19375
0 0.2734375 0.79296875 0.0359375 0.03125
0 0.15546875 0.803125 0.04375 0.03203125
0 0.3234375 0.4546875 0.0921875 0.04140625
0 0.2421875 0.496875 0.17734375 0.065625
0 0.17265625 0.3203125 0.0453125 0.04140625
1 0.58984375 0.69609375 0.21484375 0.23671875
0 0.38046875 0.44296875 0.06640625 0.0328125
0 0.1734375 0.6984375 0.08359375 0.0359375
0 0.9140625 0.3640625 0.0421875 0.03203125
0 0.33828125 0.35703125 0.04375 0.05
0 0.484375 0.85703125 0.04765625 0.04140625
0 0.2046875 0.603125 0.1109375 0.0453125
0 0.63046875 0.7578125 0.06015625 0.05
0 0.84296875 0.8359375 0.05390625 0.025
0 0.459375 0.13984375 0.1890625 0.04609375
0 0.6203125 0.29375 0.08515625 0.0296875
0 0.6671875 0.8 0.0546875 0.0375
0 0.3796875 0.6953125 0.06015625 0.06328125
0 0.4890625 0.66484375 0.1203125 0.14453125
0 0.11484375 0.60390625 0.1046875 0.03828125
0 0.38125 0.36171875 0.0703125 0.03671875
0 0.396875 0.38515625 0.05390625 0.0375
0 0.0609375 0.8671875 0.01015625 0.01015625
0 0.0921875 0.45390625 0.0171875 0.02265625
0 0.1109375 0.40078125 0.025 0.0203125
0 0.19140625 0.33203125 0.02265625 0.015625
0 0.4140625 0.72265625 0.03359375 0.025
0 0.3828125 0.78359375 0.0328125 0.028125
0 0.4796875 0.746875 0.03125 0.028125
0 0.7703125 0.8453125 0.01640625 0.01484375
0 0.51171875 0.86796875 0.0328125 0.021875
0 0.5734375 0.53671875 0.02109375 0.015625
0 0.59453125 0.32265625 0.02109375 0.01953125
0 0.78046875 0.5828125 0.03515625 0.03125
0 0.8078125 0.28203125 0.0203125 0.0125
0 0.584375 0.859375 0.0515625 0.0265625
0 0.5484375 0.84140625 0.0484375 0.04140625
0 0.2328125 0.559375 0.08359375 0.0203125
0 0.21953125 0.57421875 0.0703125 0.021875
0 0.2515625 0.50078125 0.0734375 0.02890625
0 0.39296875 0.37890625 0.0265625 0.0109375
0 0.3734375 0.3640625 0.01640625 0.015625
0 0.54375 0.3125 0.08515625 0.02421875
0 0.865625 0.2671875 0.0796875 0.05625
0 0.8921875 0.65390625 0.0109375 0.0109375
0 0.6953125 0.77578125 0.0328125 0.025
0 0.546875 0.596875 0.01640625 0.01796875
0 0.5390625 0.6125 0.0203125 0.01875
0 0.43359375 0.64921875 0.0875 0.10390625