0 0.6859375 0.58359375 0.10625 0.0734375
0 0.3296875 0.66328125 0.10625 0.0765625
1 0.24296875 0.7546875 0.2453125 0.14609375
1 0.7953125 0.59375 0.25 0.1703125
0 0.3484375 0.7796875 0.0890625 0.0875
0 0.35703125 0.27265625 0.0703125 0.05078125
0 0.59921875 0.546875 0.04765625 0.0359375
0 0.41953125 0.328125 0.04609375 0.0328125
0 0.60234375 0.20078125 0.04375 0.03203125
0 0.1390625 0.80625 0.0421875 0.028125
0 0.12890625 0.7328125 0.02890625 0.01875
0 0.0109375 0.4984375 0.021875 0.0125
0 0.0015625 0.52578125 0.003125 0.0109375
0 0.353125 0.828125 0.0375 0.0203125
0 0.5515625 0.8265625 0.02734375 0.021875
0 0.5328125 0.71484375 0.025 0.01875
0 0.46171875 0.74921875 0.02734375 0.02890625
0 0.640625 0.74375 0.02265625 0.01953125
0 0.371875 0.70546875 0.03359375 0.028125
0 0.2828125 0.63515625 0.0265625 0.01953125
0 0.4203125 0.82578125 0.0125 0.01484375
0 0.4609375 0.38671875 0.0328125 0.0359375
0 0.44140625 0.61640625 0.0203125 0.0140625
0 0.5 0.44609375 0.02109375 0.0125
0 0.64296875 0.61015625 0.01875 0.0109375
0 0.70625 0.2734375 0.02734375 0.02421875
0 0.46171875 0.15546875 0.025 0.028125
0 0.7390625 0.8203125 0.0234375 0.0203125
0 0.68671875 0.88046875 0.01484375 0.01328125
0 0.78828125 0.36796875 0.02109375 0.01796875
0 0.8171875 0.3609375 0.0203125 0.015625
0 0.8921875 0.20234375 0.01875 0.0109375
0 0.32734375 0.27265625 0.0421875 0.0390625
0 0.45703125 0.18828125 0.0234375 0.02890625
0 0.4515625 0.271875 0.0578125 0.1046875
0 0.44296875 0.340625 0.01484375 0.0078125
0 0.76796875 0.15859375 0.0125 0.009375
0 0.8203125 0.375 0.0171875 0.01015625
0 0.59453125 0.89140625 0.0125 0.00546875
0 0.2265625 0.7375 0.14140625 0.0625
1 0.403125 0.22890625 0.2 0.2328125