0 0.290625 0.45859375 0.1015625 0.06875
0 0.603125 0.3078125 0.1015625 0.071875
1 0.653125 0.20234375 0.2359375 0.1359375
1 0.18203125 0.47109375 0.2390625 0.1609375
0 0.54296875 0.2 0.08125 0.08359375
0 0.72109375 0.6890625 0.0671875 0.04765625
0 0.3875 0.47578125 0.0453125 0.03359375
0 0.640625 0.6484375 0.04375 0.03125
0 0.5109375 0.80859375 0.04140625 0.0296875
0 0.734375 0.13203125 0.03984375 0.0265625
0 0.8984375 0.13671875 0.02890625 0.025
0 0.77109375 0.19921875 0.02734375 0.01796875
0 0.9484375 0.2359375 0.0359375 0.0265625
0 0.971875 0.39921875 0.0265625 0.0125
0 0.97421875 0.37109375 0.01484375 0.01015625
0 0.5203125 0.1546875 0.0359375 0.01953125
0 0.33046875 0.196875 0.0265625 0.0203125
0 0.3890625 0.3 0.0234375 0.01796875
0 0.4453125 0.25234375 0.025 0.028125
0 0.275 0.29453125 0.02109375 0.01875
0 0.54765625 0.27578125 0.0328125 0.0265625
0 0.659375 0.325 0.025 0.01875
0 0.45703125 0.1703125 0.0125 0.01484375
0 0.57890625 0.60078125 0.0296875 0.034375
0 0.51328125 0.37578125 0.01875 0.01328125
0 0.5203125 0.5515625 0.0203125 0.0125
0 0.321875 0.4234375 0.0171875 0.01015625
0 0.38515625 0.76015625 0.025 0.0234375
0 0.6640625 0.8234375 0.02265625 0.02734375
0 0.15234375 0.2421875 0.02265625 0.0203125
0 0.18046875 0.17265625 0.0140625 0.0125
0 0.271875 0.6859375 0.0203125 0.0171875
0 0.2453125 0.7 0.01875 0.01484375
0 0.2328125 0.8671875 0.0171875 0.01015625
0 0.74921875 0.6828125 0.03984375 0.03828125
0 0.65546875 0.790625 0.02109375 0.028125
0 0.63046875 0.709375 0.04765625 0.10390625
0 0.6140625 0.64140625 0.01484375 0.00625
0 0.3671875 0.88359375 0.0125 0.009375
0 0.2375 0.68671875 0.0171875 0.009375
0 0.26484375 0.14375 0.0109375 0.0046875
0 0.675 0.21484375 0.1390625 0.05625
1 0.6921875 0.740625 0.18125 0.22578125