1 0.3640625 0.4375 0.39609375 0.31796875
1 0.715625 0.575 0.34375 0.24296875
0 0.9421875 0.4890625 0.09375 0.06171875
0 0.0765625 0.17421875 0.0625 0.05
0 0.05859375 0.303125 0.07734375 0.0609375
0 0.2578125 0.08125 0.07890625 0.06015625
0 0.134375 0.346875 0.0859375 0.06015625
0 0.61796875 0.21953125 0.0890625 0.0765625
0 0.28515625 0.7453125 0.0953125 0.0765625
0 0.8734375 0.109375 0.05859375 0.04609375
0 0.31171875 0.55546875 0.1234375 0.078125
0 0.690625 0.11875 0.11875 0.0671875
0 0.81640625 0.1421875 0.04765625 0.0421875
0 0.36171875 0.6453125 0.11640625 0.06484375
0 0.190625 0.6234375 0.0984375 0.09921875
0 0.7984375 0.28125 0.0375 0.028125
0 0.86015625 0.2375 0.0375 0.02890625
0 0.8109375 0.58984375 0.0859375 0.05625
0 0.0578125 0.66796875 0.08515625 0.06171875
0 0.33046875 0.06484375 0.0890625 0.034375
0 0.203125 0.86015625 0.04375 0.03359375
0 0.9734375 0.271875 0.04765625 0.0390625
1 0.584375 0.19765625 0.4109375 0.3046875
0 0.0234375 0.5125 0.04609375 0.0421875
0 0.06796875 0.13046875 0.04609375 0.04140625
0 0.1953125 0.421875 0.04765625 0.06171875
0 0.965625 0.06875 0.06875 0.0578125
0 0.58671875 0.8796875 0.04609375 0.03671875
0 0.2359375 0.71171875 0.0453125 0.03125
0 0.87890625 0.8703125 0.03515625 0.02734375
0 0.7890625 0.90703125 0.03515625 0.0265625
1 0.35234375 0.6984375 0.30859375 0.23046875
0 0.3171875 0.090625 0.0125 0.01015625
0 0.22890625 0.478125 0.0171875 0.01796875
0 0.40703125 0.21953125 0.0109375 0.021875
0 0.71171875 0.25 0.03125 0.0265625
0 0.5828125 0.58125 0.03125 0.0296875
0 0.0734375 0.8921875 0.01640625 0.01328125
0 0.1609375 0.49453125 0.0140625 0.021875
0 0.6203125 0.58359375 0.01484375 0.0109375
0 0.734375 0.57890625 0.01875 0.0125
0 0.1484375 0.5671875 0.0171875 0.01484375
0 0.31328125 0.45859375 0.0109375 0.00859375
0 0.3375 0.47265625 0.0109375 0.01015625