1 0.56796875 0.39140625 0.4625 0.32890625
1 0.4234375 0.66875 0.3578125 0.28203125
0 0.5609375 0.828125 0.09140625 0.07578125
0 0.88828125 0.15 0.07265625 0.0515625
0 0.71484375 0.15078125 0.0890625 0.0640625
0 0.66484375 0.21171875 0.0890625 0.0703125
0 0.884375 0.55859375 0.1109375 0.07421875
0 0.15234375 0.365625 0.1109375 0.07890625
0 0.40703125 0.365625 0.11640625 0.1
0 0.98671875 0.60390625 0.0265625 0.0921875
0 0.98828125 0.6984375 0.0234375 0.0390625
0 0.29296875 0.4125 0.09765625 0.09375
0 0.3046875 0.28203125 0.1421875 0.084375
0 0.82109375 0.7 0.04140625 0.03125
0 0.8859375 0.740625 0.0421875 0.03125
0 0.4140625 0.740625 0.08359375 0.0703125
0 0.23046875 0.1875 0.09140625 0.0703125
0 0.00703125 0.315625 0.0140625 0.0359375
0 0.85234375 0.8296875 0.0578125 0.0390625
1 0.84296875 0.53515625 0.3140625 0.3296875
0 0.43359375 0.14609375 0.0609375 0.0390625
0 0.934375 0.13984375 0.03984375 0.0375
0 0.571875 0.2640625 0.0875 0.0421875
0 0.0203125 0.60234375 0.02265625 0.0359375
0 0.19140625 0.32578125 0.04609375 0.03671875
0 0.0546875 0.8203125 0.02734375 0.028125
1 0.22109375 0.4109375 0.3375 0.25390625
0 0.5 0.2953125 0.025 0.01484375
0 0.86171875 0.40078125 0.0296875 0.01015625
0 0.85390625 0.63203125 0.0375 0.0265625
0 0.4015625 0.5703125 0.0421875 0.0265625
0 0.471875 0.246875 0.0296875 0.0125
0 0.4015625 0.5984375 0.01640625 0.0125
0 0.4203125 0.68359375 0.0171875 0.01484375
0 0.37421875 0.2453125 0.02109375 0.01484375
0 0.5359375 0.35625 0.0125 0.009375
0 0.51953125 0.37578125 0.01484375 0.009375