1 0.59453125 0.403125 0.45625 0.3234375
1 0.38203125 0.6546875 0.35234375 0.278125
0 0.47578125 0.83046875 0.08984375 0.075
0 0.96640625 0.2109375 0.0671875 0.05
0 0.8 0.1875 0.0875 0.0625
0 0.7359375 0.240625 0.0875 0.06953125
0 0.8625 0.6125 0.11015625 0.0734375
0 0.19296875 0.31796875 0.11015625 0.078125
0 0.44296875 0.3546875 0.1140625 0.09921875
0 0.96328125 0.6734375 0.04765625 0.090625
0 0.9453125 0.76640625 0.0546875 0.03828125
0 0.31875 0.384375 0.09609375 0.09296875
0 0.36328125 0.2578125 0.13984375 0.0828125
0 0.76484375 0.7421875 0.04140625 0.03125
0 0.8171875 0.7921875 0.04140625 0.03125
0 0.35390625 0.72421875 0.0828125 0.06953125
0 0.31484375 0.1546875 0.08984375 0.06875
0 0.0484375 0.246875 0.0453125 0.0359375
0 0.76171875 0.87421875 0.05625 0.0390625
1 0.83671875 0.58515625 0.3265625 0.32734375
0 0.52578125 0.14296875 0.06015625 0.03828125
0 0.63046875 0.27890625 0.0859375 0.04140625
0 0.00703125 0.53203125 0.0140625 0.0359375
0 0.24140625 0.284375 0.0453125 0.03671875
1 0.2484375 0.37265625 0.33359375 0.25078125
0 0.55234375 0.29921875 0.025 0.01484375
0 0.88046875 0.4546875 0.0296875 0.01015625
0 0.81328125 0.6796875 0.0375 0.025
0 0.38515625 0.5546875 0.0421875 0.0265625
0 0.53671875 0.246875 0.0296875 0.0125
0 0.378125 0.5828125 0.01640625 0.0125
0 0.375 0.66796875 0.0171875 0.01484375
0 0.4421875 0.23203125 0.02109375 0.0140625
0 0.571875 0.3640625 0.0125 0.009375
0 0.55078125 0.38125 0.01484375 0.009375