0 0.2265625 0.328125 0.07265625 0.05078125
0 0.07265625 0.3296875 0.05859375 0.0484375
0 0.1546875 0.31640625 0.0640625 0.0546875
0 0.83515625 0.2265625 0.04765625 0.03359375
0 0.6703125 0.26171875 0.0453125 0.03828125
0 0.93828125 0.41796875 0.04140625 0.04609375
1 0.6390625 0.5125 0.3984375 0.384375
0 0.0171875 0.38203125 0.03359375 0.06640625
0 0.540625 0.73359375 0.08984375 0.128125
0 0.45234375 0.4140625 0.06484375 0.053125
0 0.55859375 0.3609375 0.0890625 0.046875
0 0.46640625 0.37578125 0.0671875 0.0390625
0 0.9203125 0.52578125 0.0203125 0.021875
0 0.375 0.2609375 0.03984375 0.02421875
0 0.2265625 0.44921875 0.0234375 0.01796875
0 0.08984375 0.57890625 0.02109375 0.0171875
0 0.48046875 0.45703125 0.1015625 0.12109375
0 0.9015625 0.3828125 0.0453125 0.046875
0 0.92578125 0.53671875 0.02265625 0.028125
0 0.75546875 0.73984375 0.0453125 0.0484375
0 0.83828125 0.625 0.1640625 0.2015625
0 0.5609375 0.74296875 0.08515625 0.11171875
1 0.484375 0.875 0.0234375 0.01015625
1 0.65390625 0.8125 0.18515625 0.11640625
1 0.7328125 0.65390625 0.30390625 0.30625
1 0.8328125 0.40078125 0.30625 0.296875