0 0.78203125 0.66484375 0.075 0.05234375
0 0.9359375 0.659375 0.0609375 0.05
0 0.853125 0.67421875 0.06640625 0.05546875
0 0.178125 0.78203125 0.0484375 0.034375
0 0.340625 0.7421875 0.04609375 0.0390625
0 0.06640625 0.59296875 0.04375 0.046875
1 0.36015625 0.49140625 0.4140625 0.390625
0 0.98359375 0.60390625 0.0328125 0.0671875
0 0.4484375 0.26796875 0.0953125 0.1296875
0 0.5515625 0.58515625 0.0671875 0.05546875
0 0.4484375 0.63984375 0.08984375 0.0484375
0 0.5390625 0.6234375 0.06875 0.040625
0 0.0796875 0.48515625 0.0203125 0.02265625
0 0.6359375 0.7359375 0.03984375 0.025
0 0.7765625 0.54375 0.0234375 0.01796875
0 0.90625 0.41015625 0.02109375 0.0171875
0 0.521875 0.54296875 0.10625 0.12265625
0 0.1046875 0.62734375 0.04609375 0.04765625
0 0.0734375 0.475 0.0234375 0.028125
0 0.2328125 0.2671875 0.04609375 0.05
0 0.15625 0.38359375 0.17109375 0.203125
0 0.428125 0.259375 0.08984375 0.1125
1 0.4984375 0.125 0.0234375 0.0109375
1 0.33203125 0.19140625 0.1890625 0.1203125
1 0.2609375 0.3515625 0.31484375 0.31171875
1 0.17265625 0.60859375 0.3171875 0.3015625