0 0.8875 0.82578125 0.0765625 0.059375
0 0.309375 0.36328125 0.0796875 0.0671875
1 0.6453125 0.1796875 0.09609375 0.04609375
0 0.115625 0.82265625 0.0828125 0.05546875
0 0.17734375 0.79453125 0.0828125 0.053125
0 0.5609375 0.78984375 0.0984375 0.0515625
0 0.00546875 0.3515625 0.0109375 0.0375
0 0.48125 0.83203125 0.0515625 0.046875
0 0.5390625 0.828125 0.06015625 0.0421875
0 0.8578125 0.375 0.05390625 0.04609375
0 0.34453125 0.5015625 0.0609375 0.04140625
0 0.62265625 0.71953125 0.05625 0.04609375
0 0.46796875 0.74453125 0.0640625 0.04765625
0 0.8453125 0.3 0.06015625 0.04140625
0 0.90390625 0.73515625 0.0375 0.0359375
0 0.1453125 0.73359375 0.0421875 0.03125
0 0.76953125 0.734375 0.05625 0.0484375
0 0.459375 0.603125 0.0390625 0.02890625
0 0.35078125 0.8046875 0.0546875 0.04375
0 0.334375 0.6234375 0.05390625 0.03828125
0 0.56875 0.71953125 0.03984375 0.034375
0 0.24296875 0.41171875 0.0421875 0.03125
0 0.3328125 0.584375 0.04140625 0.0328125
0 0.746875 0.35078125 0.025 0.01875
0 0.78359375 0.503125 0.02265625 0.01796875
0 0.8671875 0.50078125 0.01484375 0.01484375
0 0.775 0.64140625 0.02734375 0.021875
0 0.421875 0.29296875 0.03359375 0.02890625
0 0.45 0.2703125 0.03359375 0.028125
0 0.5796875 0.3484375 0.03359375 0.02734375
0 0.51171875 0.35234375 0.0265625 0.01875
0 0.5703125 0.18125 0.0265625 0.0203125
0 0.3140625 0.3015625 0.03359375 0.021875
0 0.44140625 0.3765625 0.01875 0.0140625
0 0.58984375 0.5875 0.03515625 0.02890625
0 0.4859375 0.51640625 0.02734375 0.0203125
0 0.6265625 0.5359375 0.0265625 0.01953125
0 0.55625 0.51328125 0.02734375 0.0203125
0 0.58515625 0.45625 0.03125 0.02421875
0 0.3734375 0.51640625 0.02109375 0.0171875
0 0.6515625 0.58984375 0.01875 0.01015625
0 0.56875 0.675 0.03125 0.025
0 0.296875 0.64296875 0.0296875 0.02265625
0 0.03828125 0.31796875 0.0203125 0.0109375
0 0.2140625 0.5875 0.02109375 0.01484375
0 0.2625 0.73046875 0.0234375 0.01953125
0 0.14765625 0.6765625 0.02109375 0.015625
0 0.0640625 0.64921875 0.0203125 0.0140625
0 0.1109375 0.2359375 0.02734375 0.03359375
0 0.30546875 0.30234375 0.025 0.01484375
0 0.6421875 0.5953125 0.0171875 0.0078125
0 0.69296875 0.70234375 0.03359375 0.0328125
1 0.503125 0.15 0.3765625 0.07109375
0 0.4828125 0.146875 0.02265625 0.00859375
0 0.46328125 0.15 0.0234375 0.00859375