0 0.33125 0.4390625 0.11484375 0.1078125
0 0.709375 0.7109375 0.1359375 0.09453125
0 0.5859375 0.1609375 0.09140625 0.07109375
0 0.71875 0.3765625 0.07734375 0.1234375
1 0.6046875 0.68671875 0.1125 0.065625
1 0.63125 0.5625 0.1046875 0.06484375
0 0.5390625 0.7671875 0.09375 0.0546875
0 0.825 0.25 0.03984375 0.034375
1 0.48125 0.3484375 0.2875 0.18671875
0 0.621875 0.0671875 0.0390625 0.0375
0 0.23046875 0.95234375 0.0609375 0.05078125
1 0.4671875 0.20078125 0.20234375 0.1359375
0 0.9046875 0.16015625 0.03984375 0.03671875
0 0.76171875 0.2984375 0.04375 0.0515625
0 0.1671875 0.8625 0.06015625 0.046875
0 0.2078125 0.559375 0.07109375 0.0359375
0 0.7421875 0.15625 0.03984375 0.0359375
0 0.11171875 0.5765625 0.0515625 0.028125
0 0.1015625 0.89765625 0.03515625 0.02734375
0 0.54140625 0.05859375 0.0453125 0.0328125
0 0.55234375 0.2953125 0.0453125 0.034375
0 0.50625 0.27890625 0.04765625 0.03828125
0 0.0328125 0.2390625 0.0234375 0.0296875
0 0.01171875 0.1203125 0.02109375 0.01796875
0 0.5140625 0.05 0.01484375 0.0171875
0 0.1515625 0.58046875 0.01875 0.0125
0 0.97734375 0.596875 0.02265625 0.01796875
0 0.18984375 0.54453125 0.01875 0.009375
0 0.3265625 0.36953125 0.0171875 0.03359375
0 0.440625 0.3890625 0.0265625 0.01796875
1 0.51015625 0.3984375 0.2875 0.1828125