0 0.9328125 0.20078125 0.12265625 0.0921875
0 0.9484375 0.74765625 0.1015625 0.084375
1 0.49453125 0.465625 0.43359375 0.18828125
0 0.7359375 0.1484375 0.0328125 0.0296875
0 0.60234375 0.5203125 0.06015625 0.03671875
1 0.8484375 0.51640625 0.1546875 0.0765625
1 0.4578125 0.28359375 0.1875 0.27109375
0 0.34765625 0.115625 0.0328125 0.0296875
0 0.36796875 0.371875 0.05390625 0.046875
0 0.44765625 0.34140625 0.05 0.0421875
0 0.2640625 0.19140625 0.0328125 0.0296875
0 0.859375 0.22734375 0.03125 0.03125
0 0.8421875 0.53125 0.0671875 0.03203125
0 0.44296875 0.39375 0.0484375 0.040625
0 0.9640625 0.84921875 0.07109375 0.065625
0 0.4265625 0.1015625 0.075 0.03125
0 0.97890625 0.29453125 0.0421875 0.0296875
0 0.9734375 0.61875 0.05234375 0.15625
0 0.4734375 0.190625 0.0234375 0.021875
0 0.6390625 0.125 0.0296875 0.01796875
0 0.815625 0.20703125 0.02890625 0.0171875
0 0.6921875 0.13515625 0.025 0.0265625
0 0.703125 0.3125 0.02109375 0.0140625
0 0.36953125 0.74375 0.03359375 0.02734375
0 0.37578125 0.55703125 0.0234375 0.015625
0 0.95546875 0.4984375 0.02109375 0.01484375
0 0.2765625 0.6265625 0.01875 0.021875
0 0.04140625 0.56484375 0.03359375 0.0515625
0 0.1296875 0.42734375 0.0359375 0.03125
0 0.03125 0.571875 0.01015625 0.01015625
0 0.18203125 0.3625 0.0328125 0.02890625
0 0.04140625 0.12734375 0.0421875 0.021875
0 0.96875 0.165625 0.0625 0.03203125
0 0.94375 0.828125 0.0171875 0.0140625
0 0.553125 0.53828125 0.04609375 0.02421875
1 0.5125 0.653125 0.37734375 0.246875
1 0.475 0.66484375 0.4328125 0.31640625