0 0.12734375 0.84140625 0.1390625 0.10390625
0 0.03359375 0.30078125 0.0671875 0.09375
1 0.51171875 0.53359375 0.46484375 0.23125
0 0.33125 0.87265625 0.0375 0.0328125
0 0.39453125 0.48984375 0.06640625 0.0421875
1 0.1515625 0.5203125 0.1671875 0.0921875
1 0.5828125 0.71015625 0.2359375 0.2875
0 0.72265625 0.86484375 0.0375 0.0328125
0 0.6546875 0.61328125 0.0625 0.0515625
0 0.58125 0.6515625 0.0578125 0.046875
0 0.79140625 0.78125 0.0375 0.0328125
0 0.1953125 0.80703125 0.0359375 0.03359375
0 0.1546875 0.5046875 0.07265625 0.03828125
0 0.5765625 0.59921875 0.05625 0.0453125
0 0.646875 0.88671875 0.0796875 0.03828125
0 0.06328125 0.75234375 0.04609375 0.0328125
0 0.02421875 0.43125 0.0484375 0.16015625
0 0.58359375 0.80390625 0.02734375 0.0234375
0 0.43203125 0.8859375 0.0328125 0.0203125
0 0.2421875 0.82265625 0.03125 0.01953125
0 0.3765625 0.88125 0.0296875 0.02890625
0 0.33359375 0.70703125 0.0234375 0.015625
0 0.584375 0.2453125 0.0390625 0.0296875
0 0.6125 0.43046875 0.0265625 0.01796875
0 0.04921875 0.5484375 0.0234375 0.0171875
0 0.69765625 0.3515625 0.02265625 0.0234375
0 0.9421875 0.38828125 0.0421875 0.0546875
0 0.8796875 0.53359375 0.04140625 0.034375
0 0.95078125 0.3796875 0.0109375 0.0109375
0 0.840625 0.60234375 0.0375 0.03203125
0 0.0984375 0.8796875 0.0671875 0.03828125
0 0.0046875 0.22109375 0.00859375 0.015625
0 0.440625 0.46796875 0.05 0.02890625
1 0.459375 0.34921875 0.4203125 0.2828125
1 0.49453125 0.334375 0.4875 0.35859375