0 0.62109375 0.35546875 0.0796875 0.0625
0 0.13125 0.8203125 0.0359375 0.03359375
0 0.8984375 0.89296875 0.0703125 0.04765625
0 0.4125 0.76875 0.03515625 0.0328125
0 0.3984375 0.34921875 0.1671875 0.11171875
0 0.82578125 0.8296875 0.0359375 0.0328125
0 0.31171875 0.7921875 0.02734375 0.046875
0 0.17578125 0.44921875 0.02890625 0.0546875
0 0.46953125 0.39375 0.05234375 0.04296875
0 0.81015625 0.73046875 0.0234375 0.0328125
0 0.69921875 0.78984375 0.025 0.01953125
0 0.7421875 0.87265625 0.02109375 0.0390625
0 0.87578125 0.79296875 0.0078125 0.00546875
0 0.61953125 0.71484375 0.02265625 0.0171875
0 0.20546875 0.67890625 0.025 0.0390625
0 0.0328125 0.65546875 0.01875 0.0125
0 0.13515625 0.76015625 0.01875 0.015625
0 0.22421875 0.70234375 0.0171875 0.02421875
0 0.90390625 0.38125 0.025 0.01875
0 0.8 0.4578125 0.025 0.01953125
0 0.7390625 0.51015625 0.02890625 0.015625
0 0.725 0.475 0.02734375 0.01796875
0 0.734375 0.49296875 0.02734375 0.015625
0 0.73359375 0.35078125 0.0171875 0.015625
0 0.75703125 0.5453125 0.01640625 0.02421875
0 0.77265625 0.56484375 0.02265625 0.0125
0 0.82265625 0.60703125 0.0203125 0.0109375
0 0.6609375 0.44921875 0.025 0.02890625
0 0.4671875 0.5015625 0.02734375 0.02265625
0 0.4359375 0.48203125 0.0203125 0.0140625
0 0.6390625 0.4296875 0.0203125 0.0140625
0 0.6453125 0.64375 0.01640625 0.021875
0 0.5484375 0.42421875 0.0171875 0.0171875
0 0.4765625 0.5890625 0.01640625 0.01484375
0 0.18203125 0.59296875 0.0328125 0.02421875
0 0.19140625 0.55703125 0.01875 0.0171875
0 0.196875 0.4828125 0.01640625 0.01015625
0 0.184375 0.39375 0.0140625 0.01328125
0 0.2078125 0.3484375 0.0140625 0.0140625
0 0.1875 0.571875 0.0109375 0.01015625
0 0.20625 0.55703125 0.0140625 0.01484375
0 0.1578125 0.4390625 0.0203125 0.025
0 0.990625 0.23125 0.01875 0.01875
0 0.88515625 0.3421875 0.025 0.01953125
0 0.54453125 0.228125 0.0234375 0.015625
0 0.5171875 0.24140625 0.0265625 0.01796875
0 0.6296875 0.25625 0.025 0.015625
0 0.5671875 0.31875 0.02265625 0.01328125
0 0.6875 0.278125 0.02109375 0.01953125
0 0.59296875 0.31328125 0.0203125 0.0140625
0 0.1609375 0.23828125 0.0171875 0.01875
0 0.98203125 0.5953125 0.0125 0.01015625
0 0.8859375 0.78984375 0.01484375 0.009375
0 0.7625 0.87265625 0.02265625 0.0140625
0 0.2890625 0.775 0.0109375 0.0140625
0 0.25546875 0.8671875 0.0171875 0.0234375
0 0.23984375 0.8625 0.0125 0.0171875
0 0.14609375 0.2359375 0.01640625 0.01484375
0 0.4984375 0.39765625 0.10390625 0.06640625
0 0.48984375 0.40703125 0.01875 0.009375
0 0.55859375 0.52734375 0.01875 0.0109375
0 0.56953125 0.525 0.01875 0.01328125