0 0.603125 0.37578125 0.13125 0.096875
0 0.52578125 0.1859375 0.1140625 0.07421875
0 0.66328125 0.30390625 0.1140625 0.07578125
0 0.125 0.16640625 0.1015625 0.0671875
0 0.4453125 0.6234375 0.125 0.0578125
0 0.55703125 0.740625 0.10234375 0.053125
1 0.215625 0.596875 0.0859375 0.10625
0 0.5515625 0.575 0.0796875 0.0546875
0 0.55078125 0.64296875 0.0953125 0.0390625
0 0.58671875 0.59140625 0.0671875 0.06953125
0 0.4796875 0.334375 0.04765625 0.03125
0 0.8390625 0.2640625 0.0453125 0.0234375
0 0.77890625 0.75390625 0.04375 0.02734375
0 0.31875 0.228125 0.0484375 0.02734375
0 0.621875 0.43359375 0.04765625 0.0328125
0 0.8328125 0.58671875 0.1078125 0.1390625
0 0.21640625 0.41796875 0.08984375 0.04296875
0 0.7875 0.77734375 0.05 0.02890625
1 0.95390625 0.65625 0.0921875 0.25703125
0 0.3859375 0.29609375 0.03125 0.05
1 0.91640625 0.4046875 0.1671875 0.278125
0 0.01484375 0.209375 0.0296875 0.021875
0 0.6703125 0.115625 0.0421875 0.02265625
0 0.81875 0.06328125 0.02265625 0.0265625
0 0.76328125 0.10625 0.02734375 0.01796875
0 0.8515625 0.03828125 0.0203125 0.009375
0 0.440625 0.48984375 0.03984375 0.01484375
0 0.9046875 0.58515625 0.0265625 0.02890625
0 0.6890625 0.6375 0.0203125 0.0140625
0 0.91953125 0.475 0.0328125 0.02265625
0 0.2390625 0.7984375 0.025 0.01484375
0 0.5171875 0.83671875 0.0234375 0.01328125
0 0.64765625 0.7359375 0.03125 0.01328125
0 0.4625 0.746875 0.025 0.01484375
0 0.0609375 0.29921875 0.121875 0.1484375
0 0.39921875 0.3 0.0390625 0.0625
0 0.5296875 0.2390625 0.02890625 0.0203125
0 0.421875 0.096875 0.06484375 0.03359375
0 0.42890625 0.08359375 0.06015625 0.03359375
0 0.940625 0.31015625 0.03125 0.0125
0 0.9453125 0.41796875 0.01015625 0.0078125
0 0.9796875 0.42890625 0.03359375 0.0515625
0 0.978125 0.70078125 0.0078125 0.00625