0 0.215625 0.37734375 0.09765625 0.07890625
0 0.84375 0.4125 0.1109375 0.07109375
0 0.915625 0.4859375 0.1109375 0.06953125
0 0.490625 0.81640625 0.12734375 0.09453125
0 0.6625 0.39375 0.0765625 0.08359375
0 0.3765625 0.7875 0.1484375 0.06953125
0 0.9078125 0.69296875 0.0765625 0.0484375
0 0.85390625 0.634375 0.04375 0.028125
0 0.69296875 0.6984375 0.0421875 0.028125
0 0.0859375 0.79765625 0.06015625 0.0453125
0 0.9265625 0.2078125 0.06484375 0.03359375
0 0.3359375 0.8515625 0.14765625 0.05234375
0 0.11640625 0.21875 0.0609375 0.0359375
0 0.70703125 0.81484375 0.05390625 0.03828125
0 0.32890625 0.17734375 0.0546875 0.05
0 0.8125 0.72109375 0.0421875 0.0390625
0 0.31953125 0.76640625 0.05859375 0.04140625
0 0.9796875 0.6109375 0.03359375 0.02890625
0 0.3765625 0.6984375 0.03515625 0.02734375
0 0.34296875 0.14140625 0.06484375 0.0296875
0 0.8046875 0.134375 0.04765625 0.02734375
0 0.4984375 0.7640625 0.0453125 0.040625
1 0.4796875 0.559375 0.12265625 0.25390625
0 0.80625 0.68828125 0.0375 0.02734375
0 0.7734375 0.75234375 0.0375 0.03125
0 0.14609375 0.85078125 0.0359375 0.02734375
1 0.17578125 0.53671875 0.2796875 0.06171875
0 0.76484375 0.13046875 0.03359375 0.01875
0 0.33671875 0.67265625 0.02734375 0.021875
0 0.2484375 0.52265625 0.03359375 0.01796875
0 0.2078125 0.8703125 0.05859375 0.01484375
0 0.5015625 0.13046875 0.0484375 0.0109375
0 0.7359375 0.784375 0.025 0.02265625
0 0.06328125 0.55546875 0.0171875 0.009375
1 0.1640625 0.540625 0.2796875 0.06484375