0 0.70546875 0.30859375 0.11640625 0.0828125
0 0.5609375 0.76796875 0.1078125 0.090625
0 0.453125 0.809375 0.1046875 0.090625
0 0.084375 0.44296875 0.13984375 0.10625
0 0.6140625 0.63671875 0.11875 0.06640625
0 0.140625 0.36328125 0.11015625 0.11875
0 0.18203125 0.771875 0.0734375 0.0625
0 0.2671875 0.740625 0.04140625 0.0359375
0 0.2078125 0.61171875 0.04140625 0.034375
0 0.1734375 0.146875 0.06640625 0.05
0 0.8171875 0.86171875 0.05234375 0.0515625
0 0.0625 0.3234375 0.0875 0.115625
0 0.93046875 0.26015625 0.05390625 0.05
0 0.05234375 0.60390625 0.05625 0.04375
0 0.95234375 0.4234375 0.07109375 0.046875
0 0.159375 0.696875 0.05625 0.0359375
0 0.17734375 0.325 0.0609375 0.0484375
0 0.2796875 0.8375 0.0421875 0.028125
0 0.25703125 0.37734375 0.03984375 0.02890625
0 0.9859375 0.4390625 0.02734375 0.0515625
0 0.934375 0.7828125 0.04140625 0.0390625
0 0.1515625 0.4578125 0.0578125 0.03828125
1 0.42578125 0.47578125 0.3484375 0.121875
0 0.2046875 0.69765625 0.03984375 0.03203125
0 0.125 0.66328125 0.0453125 0.03125
0 0.09296875 0.18359375 0.04140625 0.0296875
1 0.50234375 0.25390625 0.11484375 0.21484375
0 0.94453125 0.75390625 0.0296875 0.028125
0 0.2984375 0.35234375 0.0328125 0.0234375
0 0.95078125 0.1 0.02109375 0.01328125
0 0.51015625 0.309375 0.02890625 0.02734375
0 0.0578125 0.22578125 0.0265625 0.04609375
0 0.98671875 0.559375 0.0203125 0.0375
0 0.0890625 0.6296875 0.03359375 0.021875
0 0.4953125 0.16796875 0.01484375 0.0140625
1 0.4984375 0.2453125 0.11875 0.215625