0 0.33203125 0.7109375 0.10390625 0.071875
0 0.38984375 0.240625 0.0921875 0.0828125
0 0.4890625 0.18828125 0.08984375 0.0828125
0 0.921875 0.5125 0.1234375 0.09375
0 0.3609375 0.3765625 0.11015625 0.05546875
0 0.88125 0.59765625 0.08984375 0.1109375
0 0.7640625 0.19765625 0.0640625 0.05625
0 0.6859375 0.2375 0.0359375 0.03203125
0 0.76796875 0.35859375 0.0359375 0.03125
0 0.8890625 0.815625 0.05859375 0.04375
0 0.11796875 0.175 0.04375 0.04765625
0 0.96640625 0.6296875 0.0671875 0.109375
0 0.11796875 0.7828125 0.04609375 0.0453125
0 0.9234375 0.35078125 0.05 0.0390625
0 0.06640625 0.62265625 0.06484375 0.040625
0 0.80078125 0.26953125 0.0515625 0.03125
0 0.8515625 0.63984375 0.05390625 0.04296875
0 0.65546875 0.1421875 0.0390625 0.02421875
0 0.76328125 0.5953125 0.0359375 0.025
0 0.01953125 0.61171875 0.0390625 0.04765625
0 0.0171875 0.26484375 0.034375 0.0359375
0 0.85234375 0.50546875 0.05234375 0.0328125
1 0.578125 0.515625 0.3359375 0.0875
0 0.75625 0.2734375 0.03515625 0.028125
0 0.84140625 0.29921875 0.03984375 0.02734375
0 0.96171875 0.77109375 0.0359375 0.0265625
1 0.54296875 0.74375 0.07734375 0.209375
0 0.0125 0.29453125 0.025 0.025
0 0.7265625 0.625 0.02890625 0.0203125
0 0.128125 0.94296875 0.01875 0.0109375
0 0.52578125 0.6890625 0.0234375 0.025
0 0.9890625 0.72578125 0.01875 0.04375
0 0.00703125 0.4921875 0.0140625 0.03671875
0 0.8828125 0.328125 0.0296875 0.01875
0 0.56640625 0.828125 0.0125 0.01328125
1 0.5484375 0.75234375 0.08125 0.209375