0 0.928125 0.8 0.0609375 0.0390625
0 0.93359375 0.1796875 0.04765625 0.03203125
0 0.9609375 0.25234375 0.0171875 0.01484375
0 0.734375 0.15390625 0.02109375 0.015625
0 0.93046875 0.096875 0.0109375 0.01015625
0 0.9640625 0.2734375 0.00859375 0.0078125
0 0.8171875 0.428125 0.0515625 0.01484375
0 0.790625 0.45234375 0.01640625 0.01328125
0 0.8109375 0.50703125 0.01640625 0.01328125
0 0.8828125 0.571875 0.04609375 0.0171875
0 0.821875 0.5359375 0.0171875 0.0140625
0 0.51015625 0.28125 0.01640625 0.01328125
0 0.54296875 0.25546875 0.02109375 0.01015625
0 0.65078125 0.25546875 0.0203125 0.009375
0 0.4125 0.37109375 0.01015625 0.00859375
0 0.39609375 0.52890625 0.0296875 0.021875
0 0.39921875 0.55 0.025 0.0203125
0 0.5453125 0.428125 0.06015625 0.01875
0 0.3265625 0.4765625 0.0421875 0.0203125
0 0.3109375 0.49921875 0.0203125 0.0140625
0 0.70234375 0.42890625 0.0171875 0.0125
0 0.06171875 0.334375 0.02890625 0.01953125
0 0.0609375 0.37265625 0.0125 0.009375
0 0.1015625 0.57109375 0.02265625 0.0140625
0 0.1015625 0.44375 0.0109375 0.00859375
0 0.5734375 0.45390625 0.0296875 0.009375
0 0.4921875 0.44609375 0.09140625 0.021875
0 0.453125 0.46015625 0.04765625 0.0203125
0 0.4453125 0.45546875 0.01875 0.0125
0 0.4328125 0.4734375 0.09375 0.046875
0 0.3734375 0.46875 0.08515625 0.040625
0 0.50859375 0.68671875 0.0125 0.0109375