0 0.9421875 0.2125 0.04765625 0.0421875
0 0.1203125 0.14296875 0.0390625 0.0328125
0 0.2203125 0.128125 0.01875 0.015625
0 0.06484375 0.2890625 0.0203125 0.0140625
0 0.01015625 0.13671875 0.0125 0.0078125
0 0.2484375 0.13046875 0.00859375 0.00546875
0 0.4375 0.25546875 0.01484375 0.0375
0 0.4671875 0.278125 0.01640625 0.0109375
0 0.5421875 0.26875 0.01640625 0.0109375
0 0.63515625 0.221875 0.0171875 0.03359375
0 0.58125 0.2640625 0.0171875 0.0125
0 0.2109375 0.46953125 0.01640625 0.0109375
0 0.18046875 0.4421875 0.0109375 0.01484375
0 0.19140625 0.3625 0.01015625 0.0140625
0 0.3203125 0.5515625 0.01015625 0.00625
0 0.5265625 0.58046875 0.0265625 0.0203125
0 0.55625 0.58046875 0.025 0.0171875
0 0.409375 0.45859375 0.01875 0.04375
0 0.45078125 0.62734375 0.0234375 0.0296875
0 0.47890625 0.640625 0.0171875 0.0140625
0 0.42734375 0.34140625 0.01484375 0.0125
0 0.234375 0.809375 0.0234375 0.01953125
0 0.2859375 0.8140625 0.0109375 0.00859375
0 0.553125 0.8046875 0.01640625 0.015625
0 0.38359375 0.790625 0.01015625 0.0078125
0 0.85 0.1015625 0.0140625 0.0203125
0 0.44609375 0.440625 0.01015625 0.021875
0 0.42734375 0.49921875 0.0203125 0.0671875
0 0.4421875 0.53125 0.02265625 0.03359375
0 0.43515625 0.5359375 0.01484375 0.01328125
0 0.4578125 0.546875 0.05390625 0.06640625
0 0.4453125 0.590625 0.04609375 0.06015625
0 0.7484375 0.51328125 0.0140625 0.00859375