0 0.05078125 0.78203125 0.0484375 0.04296875
0 0.87109375 0.86171875 0.03984375 0.03359375
0 0.7703125 0.87578125 0.01875 0.015625
0 0.9296875 0.71640625 0.0203125 0.0140625
0 0.98125 0.86953125 0.0125 0.0078125
0 0.74296875 0.87265625 0.00859375 0.00546875
0 0.55703125 0.7453125 0.01640625 0.0375
0 0.528125 0.721875 0.01640625 0.0109375
0 0.45234375 0.73046875 0.01640625 0.0109375
0 0.35859375 0.77578125 0.01875 0.03359375
0 0.41328125 0.73515625 0.0171875 0.0125
0 0.7890625 0.534375 0.01640625 0.0109375
0 0.81796875 0.56171875 0.0109375 0.01484375
0 0.80546875 0.6421875 0.01015625 0.0140625
0 0.68125 0.45078125 0.01015625 0.00625
0 0.475 0.41953125 0.0265625 0.0203125
0 0.4453125 0.41875 0.025 0.0171875
0 0.5890625 0.54296875 0.0203125 0.04375
0 0.55234375 0.3734375 0.025 0.0296875
0 0.52421875 0.36015625 0.0171875 0.0140625
0 0.56875 0.659375 0.01484375 0.0125
0 0.77265625 0.19453125 0.0234375 0.01953125
0 0.721875 0.1890625 0.0109375 0.00859375
0 0.45390625 0.1953125 0.01640625 0.015625
0 0.6234375 0.21015625 0.01015625 0.0078125
0 0.140625 0.89375 0.0140625 0.0203125
0 0.55234375 0.56015625 0.01015625 0.021875
0 0.57265625 0.5015625 0.02109375 0.0671875
0 0.5578125 0.4703125 0.0234375 0.03359375
0 0.565625 0.46484375 0.01484375 0.01328125
0 0.54375 0.45390625 0.0546875 0.0671875
0 0.55703125 0.41015625 0.04765625 0.0609375
0 0.2515625 0.48359375 0.0140625 0.00859375