1 0.46328125 0.36171875 0.21875 0.13515625
1 0.421875 0.5046875 0.14375 0.090625
1 0.38203125 0.65390625 0.21875 0.10625
0 0.93359375 0.2328125 0.07734375 0.053125
1 0.58515625 0.73046875 0.12734375 0.0671875
0 0.36015625 0.13828125 0.07734375 0.053125
0 0.93671875 0.30625 0.06640625 0.05078125
0 0.2609375 0.68359375 0.0640625 0.0296875
0 0.7921875 0.70078125 0.0828125 0.0328125
0 0.2171875 0.74140625 0.0359375 0.02109375
0 0.8953125 0.6625 0.0671875 0.03125
0 0.0390625 0.6453125 0.0375 0.01875
0 0.60390625 0.50859375 0.0546875 0.03203125
0 0.76328125 0.24453125 0.04609375 0.0234375
0 0.95390625 0.11640625 0.0703125 0.0296875
0 0.115625 0.65546875 0.0390625 0.025
0 0.62109375 0.67421875 0.03515625 0.0203125
0 0.071875 0.240625 0.0390625 0.0203125
0 0.04453125 0.50234375 0.04140625 0.02109375
0 0.6171875 0.2921875 0.0515625 0.0265625
0 0.1265625 0.48046875 0.0390625 0.01796875
1 0.934375 0.55390625 0.13125 0.1078125
0 0.67734375 0.4984375 0.0328125 0.0359375
0 0.08671875 0.3625 0.0390625 0.01875
0 0.10703125 0.6328125 0.03125 0.0265625
0 0.76328125 0.59140625 0.09140625 0.0328125
0 0.5359375 0.45546875 0.0625 0.02734375
1 0.98203125 0.66953125 0.0359375 0.03671875
1 0.86171875 0.47421875 0.17109375 0.03515625
0 0.0671875 0.44921875 0.0390625 0.0171875
0 0.8125 0.3796875 0.0296875 0.0140625
0 0.153125 0.70078125 0.03125 0.01875
0 0.0390625 0.81015625 0.03125 0.01796875
0 0.159375 0.8203125 0.03125 0.01796875
0 0.03828125 0.5875 0.0390625 0.0171875
0 0.2171875 0.74140625 0.03515625 0.01953125
0 0.09765625 0.7328125 0.0328125 0.0109375
0 0.1265625 0.77421875 0.03359375 0.0125
0 0.06796875 0.79375 0.0390625 0.01796875
0 0.0703125 0.82734375 0.02734375 0.01328125
0 0.3734375 0.803125 0.02734375 0.01328125
0 0.009375 0.5390625 0.01875 0.02265625
0 0.39921875 0.6890625 0.0390625 0.01640625
0 0.01796875 0.603125 0.0359375 0.01953125
0 0.03984375 0.6921875 0.0328125 0.01484375
0 0.0953125 0.584375 0.0359375 0.0171875
0 0.0203125 0.4859375 0.03125 0.01796875
0 0.55390625 0.60703125 0.0328125 0.01796875
0 0.0140625 0.79140625 0.028125 0.0109375
0 0.0625 0.6234375 0.0375 0.0140625
0 0.08359375 0.5515625 0.03515625 0.01875
0 0.84921875 0.52265625 0.02890625 0.00859375
0 0.0078125 0.69609375 0.01484375 0.01875
0 0.1890625 0.69453125 0.02890625 0.01796875
0 0.9859375 0.57421875 0.0265625 0.0171875
0 0.74609375 0.54375 0.03515625 0.015625
0 0.45859375 0.7734375 0.0375 0.01171875
0 0.659375 0.6171875 0.04375 0.025
0 0.49296875 0.63203125 0.0515625 0.028125
0 0.0109375 0.65 0.021875 0.0125
0 0.059375 0.41640625 0.04140625 0.01875
0 0.67421875 0.2140625 0.04375 0.01796875
0 0.740625 0.2765625 0.0546875 0.0265625
0 0.6234375 0.375 0.05859375 0.02734375
0 0.96953125 0.5953125 0.0609375 0.021875
0 0.5671875 0.8421875 0.0296875 0.02421875