1 0.2546875 0.52578125 0.24765625 0.128125
1 0.5109375 0.54375 0.16640625 0.08359375
1 0.7765625 0.5609375 0.19609375 0.1265625
0 0.0296875 0.26484375 0.05859375 0.0453125
1 0.90625 0.44375 0.1234375 0.07421875
0 0.14140625 0.2609375 0.0921875 0.0390625
0 0.834375 0.628125 0.0546875 0.03671875
0 0.84609375 0.328125 0.0609375 0.04765625
0 0.93828125 0.65078125 0.0390625 0.02109375
0 0.775 0.271875 0.0578125 0.0390625
0 0.77421875 0.75390625 0.03515625 0.021875
0 0.51171875 0.44140625 0.05859375 0.03203125
0 0.03671875 0.3609375 0.0421875 0.0265625
0 0.7890625 0.7109375 0.04609375 0.02265625
0 0.8046875 0.42578125 0.0375 0.0203125
0 0.0546875 0.75 0.0375 0.02265625
0 0.51953125 0.75625 0.0390625 0.02421875
0 0.1265625 0.44140625 0.0484375 0.0296875
0 0.478125 0.7109375 0.03359375 0.02265625
1 0.58046875 0.25390625 0.19609375 0.07734375
0 0.490625 0.4 0.06484375 0.01953125
0 0.2703125 0.73671875 0.03515625 0.02265625
0 0.75 0.71640625 0.0484375 0.01796875
0 0.65390625 0.3484375 0.0625 0.053125
0 0.41953125 0.48125 0.0515625 0.0359375
1 0.784375 0.2234375 0.06640625 0.021875
1 0.44140625 0.29765625 0.06875 0.09765625
0 0.425 0.7453125 0.03125 0.02265625
0 0.27578125 0.328125 0.0265625 0.01796875
0 0.86875 0.68828125 0.03515625 0.01796875
0 0.67109375 0.75703125 0.03125 0.02265625
0 0.93828125 0.65078125 0.0359375 0.0203125
0 0.92734375 0.71796875 0.02109375 0.01875
0 0.99375 0.7 0.0125 0.01953125
0 0.5859375 0.775 0.04140625 0.0109375
0 0.8390625 0.55 0.0296875 0.02265625
0 0.70078125 0.7671875 0.0359375 0.02109375
0 0.8578125 0.7515625 0.02734375 0.01875
0 0.6640625 0.72421875 0.03125 0.02109375
0 0.4921875 0.7703125 0.0328125 0.01796875
0 0.6890625 0.465625 0.0328125 0.01875
0 0.73359375 0.74140625 0.0265625 0.021875
0 0.60625 0.73203125 0.03515625 0.0203125
0 0.52734375 0.303125 0.01640625 0.01640625
0 0.86484375 0.7703125 0.03359375 0.009375
0 0.85703125 0.66796875 0.03359375 0.0171875
0 0.615625 0.22421875 0.03125 0.015625
0 0.56875 0.36015625 0.02890625 0.0203125
0 0.98671875 0.5140625 0.02265625 0.021875
0 0.70234375 0.40625 0.04609375 0.025
0 0.73515625 0.49921875 0.0515625 0.0296875
0 0.784375 0.76953125 0.02265625 0.01328125
0 0.3671875 0.75078125 0.03515625 0.02421875
0 0.0015625 0.41171875 0.00234375 0.025
0 0.0953125 0.37265625 0.05 0.03203125
0 0.2734375 0.43515625 0.0515625 0.03359375
0 0.6546875 0.23203125 0.0421875 0.034375