0 0.5765625 0.48984375 0.0859375 0.06015625
0 0.921875 0.6984375 0.05625 0.04609375
0 0.58359375 0.53359375 0.08125 0.065625
0 0.6609375 0.65625 0.14609375 0.0671875
0 0.46796875 0.52421875 0.10859375 0.06875
0 0.52109375 0.57109375 0.09765625 0.0515625
0 0.1109375 0.46484375 0.0703125 0.0265625
0 0.65546875 0.81171875 0.04375 0.03125
0 0.77734375 0.76875 0.05 0.0328125
0 0.84296875 0.8890625 0.09375 0.03203125
0 0.8515625 0.8625 0.0515625 0.0296875
0 0.146875 0.4890625 0.09140625 0.04140625
0 0.38359375 0.63359375 0.06875 0.0234375
0 0.83046875 0.18828125 0.04609375 0.021875
0 0.9015625 0.60390625 0.0359375 0.06640625
0 0.1828125 0.4609375 0.0671875 0.0328125
0 0.81875 0.5640625 0.0453125 0.0328125
0 0.3453125 0.6421875 0.07265625 0.02265625
0 0.059375 0.51484375 0.0609375 0.03203125
0 0.2671875 0.63203125 0.0796875 0.02421875
0 0.1046875 0.51484375 0.0890625 0.03203125
0 0.46796875 0.64609375 0.1015625 0.03203125
0 0.4015625 0.08828125 0.0203125 0.05078125
0 0.10859375 0.5953125 0.1078125 0.0234375
0 0.103125 0.19765625 0.01875 0.01796875
0 0.0078125 0.21796875 0.01484375 0.0140625
0 0.0296875 0.21875 0.0203125 0.01328125
0 0.16875 0.2796875 0.0171875 0.01015625
0 0.075 0.13828125 0.0296875 0.00859375
0 0.046875 0.14140625 0.01875 0.009375
0 0.3765625 0.2375 0.0171875 0.0171875
0 0.5046875 0.26015625 0.01875 0.0140625
0 0.5015625 0.28984375 0.01640625 0.0140625
0 0.37578125 0.25390625 0.01640625 0.0109375
0 0.7328125 0.1625 0.02890625 0.02265625
0 0.88828125 0.27578125 0.03359375 0.0203125
0 0.86015625 0.3265625 0.0296875 0.01015625
0 0.7796875 0.1375 0.01875 0.00625
0 0.1109375 0.34609375 0.0203125 0.01796875
0 0.5890625 0.35625 0.01875 0.01328125
0 0.69296875 0.4296875 0.0390625 0.0234375
0 0.8984375 0.36953125 0.03515625 0.0234375
0 0.7421875 0.43671875 0.0359375 0.02421875
0 0.81015625 0.3984375 0.0375 0.01484375
0 0.0046875 0.74140625 0.00859375 0.0171875
0 0.85546875 0.6921875 0.03125 0.0234375
0 0.80078125 0.68828125 0.04375 0.0171875
0 0.915625 0.77265625 0.04375 0.0140625
0 0.77578125 0.69375 0.03125 0.0171875
0 0.8578125 0.53125 0.0609375 0.04296875
0 0.72734375 0.6625 0.0765625 0.046875
0 0.6046875 0.615625 0.1015625 0.04296875
0 0.6265625 0.57890625 0.08359375 0.04765625
0 0.7359375 0.37734375 0.0171875 0.01484375
0 0.7203125 0.37734375 0.01875 0.01328125
0 0.7359375 0.22265625 0.01640625 0.01328125
0 0.0640625 0.1484375 0.01640625 0.0109375
0 0.04921875 0.53828125 0.09609375 0.028125
0 0.03203125 0.5578125 0.0640625 0.0234375
0 0.0546875 0.57734375 0.0796875 0.01796875
0 0.18828125 0.59453125 0.0578125 0.01953125
0 0.2671875 0.60390625 0.0375 0.009375
0 0.4734375 0.63515625 0.03984375 0.0125
0 0.31328125 0.625 0.0578125 0.01953125
0 0.23515625 0.6140625 0.10234375 0.02421875
0 0.1578125 0.61171875 0.1046875 0.0234375
0 0.4234375 0.3859375 0.0421875 0.0703125
0 0.4015625 0.32109375 0.0375 0.06171875
0 0.390625 0.26640625 0.01484375 0.05703125
0 0.3671875 0.2625 0.01640625 0.0140625