0 0.578125 0.4984375 0.09609375 0.06875
0 0.88046875 0.740625 0.0640625 0.0515625
0 0.5765625 0.54140625 0.0921875 0.0734375
0 0.6296875 0.671875 0.1578125 0.0828125
0 0.4640625 0.5203125 0.1203125 0.07890625
0 0.5078125 0.571875 0.10625 0.0609375
0 0.12109375 0.42421875 0.0734375 0.03359375
0 0.59609375 0.825 0.0484375 0.0359375
0 0.725 0.7953125 0.0546875 0.0375
0 0.7671875 0.92109375 0.0984375 0.04140625
0 0.78125 0.8953125 0.05625 0.034375
0 0.15234375 0.45234375 0.09765625 0.05078125
0 0.36015625 0.6203125 0.07265625 0.0296875
0 0.8859375 0.22578125 0.05 0.0265625
0 0.87890625 0.64453125 0.0484375 0.06953125
0 0.19296875 0.428125 0.07265625 0.0390625
0 0.80390625 0.596875 0.0515625 0.0375
0 0.3203125 0.625 0.0765625 0.0296875
0 0.0609375 0.46875 0.06640625 0.0375
0 0.2453125 0.60625 0.08359375 0.0328125
0 0.10625 0.4734375 0.09375 0.04140625
0 0.44140625 0.64140625 0.10625 0.0421875
0 0.4796875 0.08203125 0.02890625 0.05234375
0 0.0953125 0.553125 0.1109375 0.034375
0 0.16328125 0.15859375 0.02109375 0.01953125
0 0.0640625 0.16953125 0.0171875 0.015625
0 0.08671875 0.171875 0.02265625 0.01484375
0 0.21328125 0.24765625 0.01875 0.0125
0 0.14609375 0.09765625 0.03125 0.0109375
0 0.11796875 0.09765625 0.0203125 0.0109375
0 0.4265625 0.2265625 0.0203125 0.01875
0 0.5484375 0.2625 0.02109375 0.015625
0 0.540625 0.2921875 0.01875 0.015625
0 0.42265625 0.24296875 0.01875 0.01328125
0 0.79375 0.18984375 0.0328125 0.025
0 0.9265625 0.31796875 0.0375 0.02421875
0 0.8890625 0.365625 0.03125 0.01328125
0 0.84375 0.1703125 0.0203125 0.00859375
0 0.14375 0.30703125 0.02265625 0.01953125
0 0.61484375 0.3671875 0.02109375 0.01484375
0 0.7046875 0.45 0.0421875 0.02734375
0 0.91875 0.4125 0.0390625 0.02734375
0 0.7515625 0.4625 0.03984375 0.028125
0 0.82578125 0.43125 0.03984375 0.01875
0 0.81640625 0.72734375 0.03515625 0.0265625
0 0.76328125 0.7171875 0.04609375 0.021875
0 0.8609375 0.81328125 0.04609375 0.01875
0 0.73671875 0.7203125 0.03359375 0.01953125
0 0.8484375 0.56796875 0.06875 0.0484375
0 0.6953125 0.684375 0.08359375 0.0546875
0 0.5828125 0.625 0.10859375 0.053125
0 0.6109375 0.5921875 0.09140625 0.05625
0 0.75625 0.403125 0.0203125 0.0171875
0 0.740625 0.4015625 0.02109375 0.01484375
0 0.7859375 0.25 0.01875 0.01484375
0 0.1328125 0.10625 0.01875 0.01328125
0 0.0484375 0.49140625 0.09609375 0.0375
0 0.0296875 0.50859375 0.05859375 0.0296875
0 0.0453125 0.5296875 0.0828125 0.0265625
0 0.1734375 0.56171875 0.06015625 0.025
0 0.25078125 0.57890625 0.0390625 0.01328125
0 0.4484375 0.63046875 0.04140625 0.015625
0 0.2921875 0.60390625 0.06015625 0.025
0 0.21640625 0.58515625 0.10625 0.034375
0 0.13984375 0.575 0.10859375 0.03359375
0 0.4453125 0.37890625 0.0546875 0.07421875
0 0.4359375 0.3125 0.0484375 0.065625
0 0.43515625 0.25703125 0.025 0.0578125
0 0.4125 0.25078125 0.01875 0.015625