0 0.42265625 0.50546875 0.09140625 0.06484375
0 0.09765625 0.2796875 0.06015625 0.0484375
0 0.41953125 0.4625 0.0875 0.06953125
0 0.3546875 0.3359375 0.15234375 0.075
0 0.534375 0.47734375 0.11484375 0.07421875
0 0.4859375 0.428125 0.10234375 0.05625
0 0.884375 0.55546875 0.07265625 0.0296875
0 0.3734375 0.18046875 0.04609375 0.0328125
0 0.2484375 0.2171875 0.05234375 0.0359375
0 0.19375 0.09375 0.09609375 0.03671875
0 0.1828125 0.1203125 0.05390625 0.0328125
0 0.8515625 0.52890625 0.0953125 0.04609375
0 0.628125 0.37265625 0.07109375 0.02734375
0 0.14140625 0.79375 0.0484375 0.02421875
0 0.10859375 0.375 0.0421875 0.06875
0 0.81328125 0.55546875 0.0703125 0.03671875
0 0.18828125 0.41953125 0.04765625 0.034375
0 0.6671875 0.365625 0.075 0.0265625
0 0.940625 0.50859375 0.0640625 0.034375
0 0.74453125 0.38125 0.0828125 0.028125
0 0.8953125 0.50625 0.09140625 0.03671875
0 0.5453125 0.35546875 0.10390625 0.0375
0 0.559375 0.91640625 0.025 0.0515625
0 0.89921875 0.42578125 0.11015625 0.02890625
0 0.8671875 0.82265625 0.0203125 0.01875
0 0.96484375 0.80703125 0.01640625 0.01484375
0 0.9421875 0.80546875 0.02109375 0.0140625
0 0.81015625 0.7375 0.01875 0.0109375
0 0.88984375 0.88359375 0.03125 0.01015625
0 0.91875 0.88125 0.0203125 0.01015625
0 0.5984375 0.76875 0.01875 0.01796875
0 0.4734375 0.7390625 0.0203125 0.01484375
0 0.47890625 0.709375 0.0171875 0.01484375
0 0.6015625 0.75234375 0.0171875 0.0125
0 0.2359375 0.825 0.03125 0.02421875
0 0.0921875 0.70390625 0.03515625 0.02265625
0 0.125 0.65390625 0.03125 0.0125
0 0.1875 0.846875 0.01875 0.0078125
0 0.8734375 0.67421875 0.02109375 0.01875
0 0.39765625 0.6390625 0.0203125 0.0140625
0 0.30078125 0.56015625 0.04140625 0.025
0 0.08984375 0.609375 0.0375 0.025
0 0.253125 0.55078125 0.0390625 0.0265625
0 0.18125 0.58515625 0.0390625 0.0171875
0 0.16328125 0.28984375 0.03359375 0.025
0 0.2171875 0.296875 0.0453125 0.01875
0 0.1109375 0.20625 0.0453125 0.015625
0 0.24296875 0.2921875 0.0328125 0.01875
0 0.14609375 0.45 0.06484375 0.04609375
0 0.28828125 0.32578125 0.0796875 0.05078125
0 0.40625 0.3796875 0.1046875 0.0484375
0 0.38046875 0.4140625 0.0875 0.05234375
0 0.25390625 0.61015625 0.01875 0.015625
0 0.26953125 0.6109375 0.0203125 0.0140625
0 0.2390625 0.7640625 0.0171875 0.0140625
0 0.90234375 0.8734375 0.0171875 0.0125
0 0.9515625 0.48515625 0.09609375 0.0328125
0 0.96953125 0.46640625 0.0609375 0.0265625
0 0.9515625 0.44609375 0.08125 0.021875
0 0.8203125 0.421875 0.05859375 0.02265625
0 0.7421875 0.4078125 0.0390625 0.0109375
0 0.5390625 0.3671875 0.04140625 0.0140625
0 0.6984375 0.3859375 0.05859375 0.02265625
0 0.775 0.4 0.1046875 0.0296875
0 0.8515625 0.40625 0.1078125 0.02890625
0 0.565625 0.61796875 0.0484375 0.071875
0 0.58125 0.68359375 0.04375 0.0640625
0 0.5875 0.73828125 0.0203125 0.0578125
0 0.6109375 0.74453125 0.0171875 0.01484375