1 0.496875 0.63203125 0.19609375 0.1734375
1 0.71015625 0.55703125 0.25390625 0.1859375
0 0.703125 0.20546875 0.0734375 0.05234375
0 0.54921875 0.39140625 0.04609375 0.02890625
0 0.246875 0.86484375 0.0734375 0.03203125
0 0.2390625 0.7046875 0.05 0.0609375
0 0.2 0.50859375 0.03984375 0.0375
0 0.37109375 0.33046875 0.1 0.06484375
0 0.46328125 0.49609375 0.0484375 0.0265625
0 0.34609375 0.86171875 0.0328125 0.02890625
0 0.375 0.73671875 0.0421875 0.0359375
0 0.21015625 0.57734375 0.03984375 0.03203125
0 0.7234375 0.75234375 0.03359375 0.0359375
0 0.56484375 0.4796875 0.06015625 0.0359375
0 0.4375 0.53359375 0.05 0.0296875
0 0.22421875 0.4140625 0.04140625 0.034375
0 0.8765625 0.68359375 0.03359375 0.040625
0 0.0671875 0.71484375 0.0453125 0.09296875
0 0.96328125 0.40078125 0.02890625 0.04609375
0 0.2828125 0.540625 0.0390625 0.1203125
0 0.425 0.34375 0.03515625 0.02734375
0 0.459375 0.29453125 0.04375 0.028125
0 0.28515625 0.27734375 0.0328125 0.01875
0 0.246875 0.31875 0.01640625 0.0203125
0 0.7859375 0.22109375 0.0234375 0.015625
0 0.98515625 0.3265625 0.0296875 0.03125
0 0.12421875 0.57265625 0.0234375 0.01484375
0 0.3046875 0.33828125 0.0296875 0.0171875
0 0.034375 0.6421875 0.03359375 0.0171875
0 0.12578125 0.4265625 0.01640625 0.01484375
0 0.29609375 0.6390625 0.02265625 0.015625
0 0.0078125 0.60078125 0.01484375 0.0109375
0 0.0546875 0.4578125 0.0125 0.01796875
0 0.090625 0.50546875 0.0109375 0.00625
0 0.0390625 0.4203125 0.02109375 0.015625
0 0.1125 0.346875 0.02734375 0.01953125
0 0.46015625 0.62890625 0.0171875 0.0109375
0 0.4078125 0.6046875 0.02109375 0.03203125
0 0.42265625 0.5625 0.0203125 0.01328125
0 0.33359375 0.46015625 0.0171875 0.01484375
0 0.4671875 0.646875 0.03125 0.00625
0 0.8328125 0.61015625 0.02734375 0.03203125
0 0.71875 0.54296875 0.0203125 0.0203125
0 0.896875 0.33984375 0.0234375 0.01953125
0 0.7828125 0.60234375 0.01484375 0.03203125
0 0.8203125 0.665625 0.0234375 0.0265625
0 0.94375 0.65859375 0.0328125 0.021875
0 0.01796875 0.68828125 0.02890625 0.028125
0 0.1703125 0.69140625 0.0234375 0.0203125
0 0.1796875 0.7828125 0.02265625 0.021875
0 0.025 0.89140625 0.0125 0.0109375
0 0.1671875 0.87890625 0.0140625 0.01328125
0 0.3078125 0.71484375 0.01484375 0.0125
0 0.06640625 0.8875 0.01640625 0.01484375
0 0.0234375 0.86953125 0.0203125 0.0140625
0 0.009375 0.73359375 0.01875 0.01953125
0 0.3859375 0.87109375 0.0265625 0.01953125
0 0.4046875 0.7953125 0.025 0.01953125
0 0.403125 0.6703125 0.0234375 0.028125
0 0.5953125 0.7171875 0.0171875 0.01328125
0 0.8296875 0.45 0.0453125 0.02734375
0 0.9296875 0.51640625 0.04609375 0.03671875
0 0.9265625 0.5453125 0.04609375 0.03359375
0 0.9234375 0.56875 0.0359375 0.0265625
0 0.7828125 0.67109375 0.01484375 0.025
0 0.95625 0.71640625 0.00859375 0.00859375
0 0.9015625 0.82734375 0.0203125 0.01015625
0 0.4421875 0.646875 0.0125 0.00625
0 0.0640625 0.39609375 0.01640625 0.0125
0 0.0359375 0.34375 0.02109375 0.0171875
0 0.1875 0.30234375 0.05390625 0.028125
0 0.55078125 0.33515625 0.01640625 0.0125
0 0.565625 0.3296875 0.01875 0.0125
0 0.8046875 0.22109375 0.0265625 0.01796875
1 0.9703125 0.44765625 0.05859375 0.1859375
1 0.90625 0.428125 0.175 0.184375
1 0.9546875 0.60390625 0.08984375 0.140625
1 0.8796875 0.74765625 0.21015625 0.228125