0 0.6953125 0.37265625 0.0828125 0.0703125
0 0.14296875 0.4546875 0.11640625 0.12265625
1 0.6421875 0.73671875 0.15390625 0.121875
0 0.79921875 0.4671875 0.0890625 0.07578125
0 0.03515625 0.41171875 0.0703125 0.0765625
0 0.2015625 0.66875 0.08984375 0.07421875
0 0.12734375 0.73515625 0.1109375 0.09765625
0 0.24765625 0.60703125 0.08515625 0.0984375
0 0.97734375 0.540625 0.0453125 0.06171875
0 0.278125 0.53515625 0.15625 0.090625
0 0.9546875 0.4484375 0.0875 0.0625
1 0.73671875 0.6609375 0.1640625 0.12265625
0 0.54453125 0.38046875 0.04609375 0.034375
0 0.6015625 0.63984375 0.04609375 0.0359375
0 0.3203125 0.8921875 0.03984375 0.03125
0 0.58671875 0.484375 0.0671875 0.04765625
0 0.6640625 0.4703125 0.0625 0.040625
0 0.84375 0.55546875 0.05234375 0.0484375
0 0.246875 0.88125 0.05625 0.0453125
0 0.6453125 0.49765625 0.04765625 0.02890625
0 0.89453125 0.571875 0.0703125 0.075
0 0.775 0.375 0.0515625 0.05703125
0 0.603125 0.5484375 0.0453125 0.0375
0 0.8390625 0.5265625 0.05234375 0.05078125
0 0.38203125 0.44609375 0.07890625 0.06875
0 0.03125 0.6203125 0.03359375 0.05234375
0 0.2703125 0.3484375 0.03125 0.0140625
0 0.5578125 0.29453125 0.01640625 0.0125
0 0.8203125 0.26015625 0.0328125 0.0203125
0 0.7140625 0.29296875 0.0328125 0.021875
0 0.8859375 0.25546875 0.01640625 0.0125
0 0.88359375 0.246875 0.0171875 0.009375
0 0.79140625 0.28828125 0.0140625 0.01484375
0 0.06015625 0.615625 0.0125 0.0109375
0 0.665625 0.56171875 0.0328125 0.025
0 0.5578125 0.6 0.0390625 0.028125
0 0.490625 0.48203125 0.0234375 0.01796875
0 0.58125 0.5765625 0.0265625 0.015625
0 0.484375 0.5875 0.0171875 0.0140625
0 0.46484375 0.64609375 0.00859375 0.00546875
0 0.89296875 0.4984375 0.0171875 0.01328125
0 0.25234375 0.76015625 0.03125 0.0203125
0 0.2859375 0.89609375 0.0203125 0.01796875
0 0.2703125 0.70390625 0.01484375 0.0109375
0 0.24375 0.7703125 0.02734375 0.0203125
0 0.196875 0.85625 0.0109375 0.0078125
0 0.6015625 0.81875 0.0328125 0.025
0 0.6859375 0.89765625 0.03515625 0.02734375
0 0.59609375 0.70625 0.02890625 0.03125
0 0.4328125 0.71171875 0.02734375 0.0234375
0 0.534375 0.6953125 0.02890625 0.01484375
0 0.665625 0.92421875 0.02890625 0.01953125
0 0.67265625 0.85625 0.02890625 0.0203125
0 0.5609375 0.690625 0.02109375 0.0203125
0 0.61328125 0.7921875 0.01875 0.0171875
0 0.63359375 0.79765625 0.02265625 0.0171875
0 0.73515625 0.75703125 0.02890625 0.025
0 0.71484375 0.66875 0.0171875 0.01484375
0 0.2671875 0.3390625 0.0234375 0.0109375
0 0.2890625 0.559375 0.01875 0.01484375
0 0.3390625 0.584375 0.01640625 0.0140625
0 0.1734375 0.66953125 0.0421875 0.02734375
0 0.0765625 0.628125 0.03125 0.01875
0 0.0578125 0.6328125 0.03515625 0.021875
0 0.3890625 0.5015625 0.0625 0.053125
0 0.990625 0.60546875 0.01875 0.0125
1 0.934375 0.440625 0.13125 0.140625
0 0.80078125 0.3953125 0.01640625 0.01484375