0 0.27109375 0.59140625 0.0765625 0.06640625
0 0.834375 0.60390625 0.10390625 0.11796875
1 0.4328125 0.2453125 0.1421875 0.1140625
0 0.1984375 0.48125 0.08125 0.071875
0 0.94140625 0.6671875 0.0953125 0.071875
0 0.84140625 0.3859375 0.08359375 0.06953125
0 0.9328125 0.334375 0.1015625 0.0921875
0 0.778125 0.43828125 0.075 0.09453125
0 0.03671875 0.37734375 0.05859375 0.059375
0 0.7265625 0.503125 0.1484375 0.0828125
0 0.04140625 0.4734375 0.0828125 0.0578125
1 0.3171875 0.303125 0.15390625 0.1140625
0 0.4203125 0.609375 0.0421875 0.03203125
0 0.44296875 0.346875 0.0421875 0.0328125
0 0.7921875 0.1484375 0.0375 0.02890625
0 0.4109375 0.50078125 0.0640625 0.04375
0 0.33125 0.50078125 0.05859375 0.03671875
0 0.18203125 0.3875 0.04765625 0.04609375
0 0.8609375 0.17109375 0.05234375 0.0421875
0 0.3578125 0.478125 0.0453125 0.0265625
0 0.1375 0.36328125 0.0625 0.071875
0 0.1953125 0.575 0.0453125 0.05546875
0 0.4140625 0.43515625 0.04140625 0.0359375
0 0.17734375 0.4171875 0.04765625 0.04765625
0 0.59921875 0.571875 0.07109375 0.065625
0 0.9890625 0.4625 0.02109375 0.0515625
0 0.678125 0.6859375 0.0296875 0.01328125
0 0.3828125 0.690625 0.01484375 0.0109375
0 0.115625 0.67890625 0.0296875 0.01953125
0 0.2296875 0.665625 0.0296875 0.0203125
0 0.0515625 0.67265625 0.01484375 0.0109375
0 0.05 0.68203125 0.0171875 0.00859375
0 0.15234375 0.6578125 0.0125 0.01484375
0 0.9640625 0.46171875 0.0109375 0.0109375
0 0.3578125 0.4125 0.03125 0.02421875
0 0.4734375 0.39296875 0.0359375 0.0265625
0 0.50390625 0.51953125 0.02265625 0.0171875
0 0.44375 0.41171875 0.025 0.0140625
0 0.54140625 0.4171875 0.01640625 0.01328125
0 0.578125 0.3640625 0.0078125 0.0046875
0 0.11640625 0.43515625 0.01640625 0.0125
0 0.81953125 0.28828125 0.02890625 0.01875
0 0.8265625 0.15 0.01875 0.0171875
0 0.7859375 0.33984375 0.0140625 0.0109375
0 0.83046875 0.2796875 0.025 0.01875
0 0.90234375 0.203125 0.01015625 0.0078125
0 0.49609375 0.17265625 0.03125 0.02421875
0 0.4375 0.08125 0.0328125 0.0265625
0 0.46796875 0.2828125 0.0265625 0.02890625
0 0.62890625 0.3046875 0.025 0.021875
0 0.525 0.30390625 0.02734375 0.01328125
0 0.46640625 0.059375 0.0265625 0.01796875
0 0.4390625 0.1234375 0.0265625 0.01875
0 0.4984375 0.30390625 0.01875 0.01953125
0 0.47734375 0.19609375 0.0171875 0.015625
0 0.45859375 0.1875 0.02109375 0.015625
0 0.3484375 0.21015625 0.0265625 0.0234375
0 0.340625 0.29921875 0.01640625 0.0140625
0 0.0328125 0.2640625 0.0171875 0.01015625
0 0.67890625 0.69609375 0.0234375 0.009375
0 0.7234375 0.47734375 0.0171875 0.0140625
0 0.6828125 0.4453125 0.01484375 0.01328125
0 0.86953125 0.38984375 0.03984375 0.025
0 0.9515625 0.44609375 0.0296875 0.01796875
0 0.97109375 0.4453125 0.0328125 0.01953125
0 0.60859375 0.5171875 0.0578125 0.05078125
0 0.05390625 0.3140625 0.0171875 0.0109375
1 0.05859375 0.48359375 0.1171875 0.13515625
0 0.17578125 0.5515625 0.01484375 0.0140625