0 0.728125 0.37421875 0.09140625 0.07109375
0 0.45546875 0.340625 0.10390625 0.1078125
0 0.29765625 0.2328125 0.1125 0.1125
0 0.6640625 0.34453125 0.09765625 0.06484375
0 0.840625 0.5078125 0.0859375 0.0640625
0 0.20703125 0.49296875 0.0765625 0.05625
0 0.31640625 0.509375 0.0953125 0.07421875
0 0.1796875 0.2203125 0.08359375 0.0578125
0 0.71171875 0.48671875 0.06640625 0.0453125
0 0.77734375 0.23828125 0.075 0.053125
0 0.353125 0.68515625 0.08125 0.10703125
0 0.38984375 0.1328125 0.07734375 0.04765625
0 0.2984375 0.6609375 0.07265625 0.0671875
0 0.9390625 0.59140625 0.03984375 0.0296875
0 0.1671875 0.27265625 0.06015625 0.046875
0 0.67578125 0.421875 0.02890625 0.03203125
0 0.76953125 0.63046875 0.04375 0.03671875
0 0.7109375 0.678125 0.04375 0.0328125
0 0.8796875 0.44453125 0.04140625 0.0328125
0 0.8765625 0.76796875 0.0390625 0.03125
0 0.7296875 0.2375 0.06484375 0.0453125
0 0.79375 0.18671875 0.075 0.05546875
0 0.01640625 0.5921875 0.0328125 0.0390625
0 0.6671875 0.15390625 0.08359375 0.01875
0 0.2296875 0.1 0.06015625 0.0890625
0 0.77578125 0.17421875 0.08359375 0.059375
0 0.98125 0.35546875 0.03515625 0.0390625
0 0.9421875 0.25859375 0.05625 0.0375
0 0.0140625 0.40625 0.028125 0.040625
0 0.66015625 0.4640625 0.0328125 0.0265625
0 0.5828125 0.56484375 0.01484375 0.01015625
0 0.85859375 0.465625 0.0296875 0.01953125
0 0.6828125 0.5921875 0.02109375 0.01015625
0 0.3140625 0.884375 0.0125 0.009375
0 0.621875 0.8390625 0.02109375 0.01015625
0 0.3578125 0.89921875 0.02265625 0.0140625
0 0.4671875 0.79453125 0.0203125 0.009375
0 0.57578125 0.7234375 0.02109375 0.009375
0 0.6796875 0.803125 0.02734375 0.02421875
0 0.984375 0.70546875 0.02890625 0.02890625
0 0.76953125 0.896875 0.01875 0.0171875
0 0.4421875 0.33203125 0.03515625 0.028125
0 0.60078125 0.22578125 0.03984375 0.0234375
0 0.70078125 0.08515625 0.02109375 0.0171875
0 0.61484375 0.49453125 0.0375 0.025
0 0.5390625 0.4828125 0.0171875 0.01328125
0 0.55625 0.56796875 0.0109375 0.0078125
0 0.4890625 0.6390625 0.07734375 0.0125
0 0.3234375 0.7921875 0.0109375 0.01328125
0 0.0015625 0.76875 0.003125 0.015625
1 0.3421875 0.55703125 0.16640625 0.140625
1 0.5515625 0.4375 0.2125 0.12578125
1 0.55703125 0.44921875 0.21015625 0.12578125