0 0.4671875 0.42265625 0.1609375 0.08515625
0 0.01328125 0.69453125 0.0265625 0.065625
0 0.32109375 0.51953125 0.13984375 0.11484375
0 0.3921875 0.48671875 0.1390625 0.10625
0 0.1015625 0.6859375 0.18984375 0.09375
0 0.23125 0.4453125 0.075 0.059375
0 0.07109375 0.5203125 0.0640625 0.04765625
1 0.0515625 0.29453125 0.08359375 0.2140625
0 0.8109375 0.56171875 0.0765625 0.06328125
0 0.22265625 0.69140625 0.075 0.046875
0 0.8546875 0.4640625 0.05859375 0.0375
0 0.1734375 0.48984375 0.0625 0.046875
0 0.61796875 0.865625 0.06015625 0.040625
0 0.9796875 0.63203125 0.01640625 0.03359375
0 0.16875 0.5609375 0.05859375 0.04296875
0 0.7640625 0.42578125 0.0421875 0.03671875
0 0.16171875 0.3671875 0.04765625 0.0390625
0 0.75078125 0.634375 0.23984375 0.0515625
0 0.53203125 0.603125 0.18984375 0.0484375
0 0.9078125 0.66875 0.0625 0.0234375
0 0.3890625 0.5796875 0.06015625 0.0640625
0 0.80625 0.603125 0.0953125 0.0265625
0 0.6390625 0.5453125 0.0796875 0.02890625
0 0.6875 0.865625 0.1 0.0296875
0 0.1484375 0.31015625 0.03984375 0.03671875
0 0.7171875 0.42421875 0.0484375 0.040625
1 0.11953125 0.1984375 0.19375 0.2109375
0 0.60859375 0.47734375 0.0375 0.02734375
0 0.6125 0.52734375 0.02734375 0.01875
0 0.559375 0.2453125 0.02890625 0.0234375
0 0.4625 0.1828125 0.1609375 0.13359375
0 0.4328125 0.4828125 0.025 0.0171875
0 0.6234375 0.61328125 0.0546875 0.01953125
0 0.23125 0.13359375 0.0234375 0.0203125
1 0.75078125 0.23203125 0.2125 0.19609375
0 0.6859375 0.2671875 0.01015625 0.0109375
0 0.29453125 0.859375 0.14375 0.0171875