0 0.40078125 0.53125 0.1015625 0.11484375
0 0.80234375 0.89296875 0.08359375 0.10703125
0 0.5421875 0.63203125 0.1421875 0.09609375
0 0.4921875 0.58203125 0.13125 0.09609375
0 0.78125 0.78203125 0.11015625 0.1359375
0 0.4515625 0.70546875 0.07265625 0.0515625
0 0.5640625 0.81953125 0.05859375 0.04375
1 0.26640625 0.9 0.28125 0.13984375
0 0.5546875 0.26171875 0.07734375 0.05234375
0 0.778125 0.69140625 0.05625 0.05234375
0 0.421875 0.2375 0.0453125 0.04140625
0 0.51484375 0.7453125 0.0578125 0.04296875
0 0.97421875 0.3796875 0.0484375 0.0421875
0 0.634375 0.1125 0.04375 0.04140625
0 0.609375 0.74296875 0.05234375 0.04140625
0 0.37890625 0.30859375 0.0453125 0.02890625
0 0.353125 0.76484375 0.0484375 0.0328125
0 0.65703125 0.30078125 0.0484375 0.17734375
0 0.634375 0.4671875 0.0484375 0.13984375
0 0.68828125 0.18046875 0.0265625 0.0453125
0 0.42890625 0.075 0.04609375 0.04296875
0 0.51796875 0.03671875 0.04609375 0.02890625
0 0.61484375 0.5765625 0.0796875 0.040625
0 0.61015625 0.26171875 0.02734375 0.06953125
0 0.54765625 0.39140625 0.0328125 0.05859375
0 0.9828125 0.89609375 0.03359375 0.0421875
0 0.96796875 0.32734375 0.03125 0.0734375
0 0.2796875 0.7796875 0.04609375 0.02734375
0 0.3796875 0.34375 0.05 0.03359375
1 0.13359375 0.81484375 0.2671875 0.13515625
0 0.4609375 0.4203125 0.03359375 0.0265625
0 0.5265625 0.41328125 0.02265625 0.01953125
0 0.1578125 0.478125 0.02890625 0.01953125
0 0.0828125 0.55625 0.16484375 0.1109375
0 0.48359375 0.55234375 0.0203125 0.01796875
0 0.63984375 0.3984375 0.02109375 0.040625
0 0.0375 0.7328125 0.0265625 0.015625
1 0.12265625 0.3359375 0.2453125 0.14375
0 0.175 0.38125 0.0140625 0.00625
0 0.99453125 0.62265625 0.0109375 0.1078125