1 0.5203125 0.8046875 0.28515625 0.1421875
1 0.1703125 0.59375 0.29765625 0.19375
0 0.80234375 0.6890625 0.0671875 0.05078125
0 0.6234375 0.2828125 0.08984375 0.06484375
0 0.70078125 0.5578125 0.0890625 0.096875
0 0.73828125 0.6296875 0.07890625 0.04765625
0 0.66640625 0.43125 0.0671875 0.1015625
0 0.8140625 0.1765625 0.0453125 0.0265625
0 0.5609375 0.2375 0.0625 0.0328125
0 0.97109375 0.40234375 0.0578125 0.04375
0 0.7703125 0.8390625 0.07890625 0.0421875
0 0.578125 0.70703125 0.20234375 0.06875
0 0.07734375 0.6484375 0.0546875 0.021875
1 0.5421875 0.5828125 0.2953125 0.1390625
0 0.9734375 0.50078125 0.04765625 0.02890625
0 0.484375 0.1953125 0.03359375 0.01796875
0 0.3984375 0.15703125 0.02734375 0.01015625
0 0.90390625 0.25078125 0.0375 0.0203125
0 0.31484375 0.63203125 0.01484375 0.02265625
0 0.26640625 0.46484375 0.01484375 0.01328125
0 0.32734375 0.61484375 0.01015625 0.02265625
0 0.46796875 0.3859375 0.0109375 0.01953125
0 0.475 0.371875 0.01015625 0.01953125
0 0.61875 0.6140625 0.0171875 0.015625
0 0.6015625 0.58203125 0.02265625 0.01328125
0 0.88828125 0.4953125 0.03359375 0.025
0 0.8578125 0.5109375 0.0328125 0.02734375
0 0.828125 0.38671875 0.02890625 0.0265625
0 0.98515625 0.4796875 0.02734375 0.0296875
0 0.27578125 0.83125 0.02109375 0.0109375
0 0.259375 0.8390625 0.02109375 0.01328125
0 0.3296875 0.95078125 0.02109375 0.0140625
0 0.346875 0.72578125 0.02109375 0.0125
0 0.9515625 0.72734375 0.0265625 0.0203125
0 0.8109375 0.78671875 0.0203125 0.01796875
0 0.5921875 0.45 0.01640625 0.00625
0 0.63828125 0.5078125 0.0125 0.00859375
0 0.7328125 0.446875 0.0359375 0.02421875
0 0.759375 0.33671875 0.07890625 0.0484375
0 0.60703125 0.3296875 0.01875 0.040625
0 0.5921875 0.34140625 0.01484375 0.0375
0 0.9953125 0.1953125 0.00859375 0.01796875
0 0.58515625 0.58984375 0.0140625 0.009375
0 0.54375 0.61015625 0.15 0.04375
0 0.42421875 0.8796875 0.0890625 0.1671875
0 0.1140625 0.58203125 0.01640625 0.0078125
0 0.00703125 0.43046875 0.0140625 0.021875
0 0.0515625 0.4296875 0.01640625 0.01796875
1 0.05546875 0.39375 0.1109375 0.15390625