1 0.46328125 0.11484375 0.31015625 0.15859375
0 0.54609375 0.2984375 0.01640625 0.01484375
0 0.6765625 0.38671875 0.01875 0.01484375
0 0.553125 0.453125 0.01328125 0.01015625
1 0.51875 0.29609375 0.15546875 0.14375
1 0.37578125 0.3609375 0.09609375 0.15625
1 0.42734375 0.371875 0.1515625 0.2453125
1 0.53125 0.55078125 0.146875 0.11875
1 0.33671875 0.5515625 0.228125 0.184375
1 0.6671875 0.39375 0.153125 0.1203125
1 0.78671875 0.50625 0.07109375 0.1484375
1 0.75390625 0.55390625 0.090625 0.2453125
1 0.5890625 0.684375 0.11328125 0.23125
1 0.6015625 0.8484375 0.140625 0.18203125