1 0.51640625 0.88671875 0.31796875 0.17421875
0 0.44375 0.69921875 0.01796875 0.015625
0 0.31796875 0.60390625 0.01953125 0.015625
0 0.44453125 0.54375 0.0140625 0.0109375
1 0.47109375 0.70234375 0.16328125 0.1515625
1 0.6171875 0.64609375 0.1046875 0.1609375
1 0.565625 0.63125 0.16484375 0.253125
1 0.47109375 0.4484375 0.153125 0.12578125
1 0.665625 0.45703125 0.23671875 0.19609375
1 0.32734375 0.59765625 0.159375 0.128125
1 0.2140625 0.47890625 0.07890625 0.1515625
1 0.24921875 0.4328125 0.10390625 0.25
1 0.42109375 0.3109375 0.125 0.23671875
1 0.41640625 0.146875 0.15 0.18984375