0 0.64296875 0.49375 0.1 0.025
0 0.1265625 0.25234375 0.12890625 0.1015625
0 0.2078125 0.6703125 0.0859375 0.0515625
0 0.10078125 0.709375 0.0828125 0.0421875
0 0.0109375 0.7203125 0.021875 0.053125
0 0.025 0.4015625 0.03515625 0.06484375
0 0.05 0.3578125 0.0734375 0.06796875
0 0.2765625 0.60546875 0.0703125 0.03984375
0 0.7359375 0.525 0.0640625 0.034375
0 0.7046875 0.55625 0.11875 0.03671875
0 0.4015625 0.4734375 0.15234375 0.04921875
0 0.98203125 0.28828125 0.0359375 0.05625
0 0.98828125 0.346875 0.0234375 0.01875
0 0.8484375 0.50703125 0.03359375 0.021875
0 0.959375 0.446875 0.02890625 0.01953125
0 0.94296875 0.61953125 0.0515625 0.02421875
0 0.909375 0.6703125 0.02265625 0.0140625
0 0.7859375 0.71953125 0.025 0.00859375
0 0.76015625 0.33203125 0.06640625 0.01328125
0 0.4640625 0.40625 0.0359375 0.034375
0 0.4953125 0.40859375 0.03515625 0.034375
0 0.5578125 0.33125 0.0109375 0.00546875
0 0.75546875 0.32421875 0.0421875 0.00859375
0 0.32578125 0.21484375 0.02265625 0.0078125
0 0.58046875 0.52109375 0.0171875 0.01484375
0 0.43515625 0.559375 0.01640625 0.009375
0 0.5953125 0.52734375 0.01640625 0.01328125
0 0.31328125 0.49453125 0.0125 0.00625
0 0.425 0.44765625 0.01640625 0.01328125
0 0.440625 0.4484375 0.0171875 0.0140625
0 0.7546875 0.46796875 0.0328125 0.0171875
0 0.32734375 0.6859375 0.04765625 0.0265625
0 0.3765625 0.6953125 0.02890625 0.0125
0 0.5921875 0.7171875 0.025 0.009375
0 0.6046875 0.71171875 0.0296875 0.00859375
0 0.1671875 0.50390625 0.025 0.01328125
0 0.12890625 0.47890625 0.0203125 0.0109375
0 0.00859375 0.44921875 0.00859375 0.009375
0 0.6484375 0.5265625 0.09609375 0.02578125
0 0.75625 0.48671875 0.025 0.01640625
0 0.72890625 0.48515625 0.0328125 0.01796875
0 0.73046875 0.47109375 0.03125 0.015625
0 0.8359375 0.3921875 0.0234375 0.0109375
0 0.8109375 0.390625 0.02734375 0.01171875
0 0.84140625 0.38046875 0.0390625 0.01796875
0 0.80625 0.37890625 0.03984375 0.01796875
0 0.878125 0.3625 0.0421875 0.0234375
0 0.91328125 0.3609375 0.0328125 0.0234375
0 0.9109375 0.34296875 0.0390625 0.0203125
0 0.8796875 0.34140625 0.0421875 0.01953125
0 0.95078125 0.23828125 0.025 0.00546875
0 0.6421875 0.509375 0.10234375 0.01484375