0 0.828125 0.42421875 0.0359375 0.04765625
0 0.78671875 0.8328125 0.0203125 0.02890625
0 0.7328125 0.6953125 0.0390625 0.0765625
0 0.6609375 0.7015625 0.05 0.0765625
0 0.69921875 0.440625 0.03125 0.0484375
0 0.61875 0.57265625 0.0328125 0.05078125
0 0.5296875 0.7828125 0.0796875 0.1078125
0 0.50390625 0.49609375 0.13203125 0.228125
0 0.56640625 0.40390625 0.1234375 0.20703125
0 0.503125 0.2875 0.02265625 0.02265625
0 0.378125 0.4421875 0.1234375 0.1078125
0 0.3703125 0.5953125 0.03203125 0.0390625
0 0.3484375 0.80078125 0.04609375 0.053125
0 0.2953125 0.81640625 0.04609375 0.015625
0 0.2078125 0.6890625 0.03671875 0.07421875
0 0.2703125 0.50703125 0.0203125 0.02890625
0 0.15390625 0.540625 0.01953125 0.0265625
0 0.196875 0.38515625 0.01875 0.0234375
0 0.15859375 0.08671875 0.04765625 0.0390625
0 0.15 0.034375 0.02734375 0.06171875
0 0.2640625 0.1171875 0.0515625 0.11875
0 0.6984375 0.0390625 0.1859375 0.06796875
1 0.4359375 0.2671875 0.196875 0.19609375
1 0.26875 0.2671875 0.1703125 0.2671875
1 0.2875 0.59609375 0.21484375 0.3875
1 0.16953125 0.115625 0.071875 0.115625
1 0.3640625 0.2328125 0.4125 0.465625