0 0.984375 0.946875 0.03125 0.06328125
0 0.82734375 0.65 0.07734375 0.09921875
0 0.9890625 0.34375 0.021875 0.046875
0 0.9125 0.334375 0.025 0.03671875
0 0.87578125 0.2140625 0.02265625 0.03203125
0 0.8953125 0.1171875 0.02421875 0.02890625
0 0.94453125 0.0140625 0.0390625 0.028125
0 0.80390625 0.0375 0.0515625 0.075
0 0.72421875 0.159375 0.05859375 0.10859375
0 0.73046875 0.2421875 0.0546875 0.1109375
0 0.565625 0.35625 0.0171875 0.0390625
0 0.5671875 0.44921875 0.0171875 0.03046875
0 0.6640625 0.48046875 0.01015625 0.00859375
0 0.559375 0.5390625 0.0171875 0.028125
1 0.06015625 0.89921875 0.11953125 0.19375
1 0.15625 0.815625 0.12109375 0.18828125
1 0.24453125 0.73203125 0.028125 0.09921875
1 0.2203125 0.678125 0.12734375 0.321875
1 0.35859375 0.60625 0.02421875 0.09140625
1 0.30234375 0.46640625 0.19375 0.55859375
1 0.46171875 0.56953125 0.090625 0.153125
1 0.51796875 0.525 0.08515625 0.14609375
1 0.47109375 0.70078125 0.084375 0.1890625
1 0.65078125 0.46171875 0.08203125 0.1265625
1 0.615625 0.15390625 0.05859375 0.14921875
1 0.8078125 0.31796875 0.05390625 0.03359375
1 0.8046875 0.24296875 0.0984375 0.19921875
1 0.96171875 0.40859375 0.0765625 0.24609375
1 0.8890625 0.89140625 0.04765625 0.08984375
1 0.8296875 0.98671875 0.03359375 0.02578125