0 0.16484375 0.421875 0.08359375 0.11484375
0 0.025 0.7609375 0.025 0.0515625
0 0.10234375 0.753125 0.02734375 0.04296875
0 0.14609375 0.86484375 0.02421875 0.03671875
0 0.13359375 0.965625 0.02578125 0.03359375
0 0.2296875 0.990625 0.05625 0.01875
0 0.30078125 0.8859375 0.06484375 0.1203125
0 0.28828125 0.80625 0.06171875 0.121875
0 0.4453125 0.65703125 0.01953125 0.04296875
0 0.43671875 0.565625 0.01953125 0.034375
0 0.3390625 0.5546875 0.01015625 0.01015625
0 0.43828125 0.4734375 0.01875 0.03125
1 0.909375 0.05859375 0.13203125 0.11640625
1 0.81953125 0.1125 0.1328125 0.21328125
1 0.73828125 0.2140625 0.03515625 0.1046875
1 0.765625 0.26328125 0.1484375 0.346875
1 0.6328125 0.3640625 0.03046875 0.09609375
1 0.6984375 0.490625 0.23046875 0.59609375
1 0.5328125 0.42265625 0.10078125 0.17109375
1 0.48046875 0.47890625 0.09453125 0.1640625
1 0.51484375 0.29453125 0.096875 0.20546875
1 0.35234375 0.5703125 0.08984375 0.14375
1 0.40859375 0.86875 0.06796875 0.16015625
1 0.20703125 0.746875 0.05625 0.04453125
1 0.215625 0.82109375 0.11171875 0.21875
1 0.04765625 0.69140625 0.09296875 0.2609375
1 0.08671875 0.19609375 0.053125 0.09921875
1 0.13984375 0.08828125 0.03515625 0.03359375