1 0.68515625 0.878125 0.43359375 0.19921875
1 0.24921875 0.8421875 0.45625 0.20859375
1 0.3265625 0.63984375 0.24765625 0.2703125
1 0.6296875 0.70703125 0.196875 0.178125
1 0.50078125 0.69609375 0.1140625 0.1140625
1 0.50078125 0.57421875 0.1109375 0.1125
1 0.6125 0.5828125 0.1125 0.1140625
1 0.7890625 0.66640625 0.26796875 0.290625
1 0.77578125 0.51796875 0.21953125 0.23984375
1 0.5546875 0.4109375 0.2421875 0.22109375
1 0.3359375 0.48203125 0.1859375 0.196875
1 0.15234375 0.46796875 0.2046875 0.45234375
1 0.409375 0.3359375 0.29296875 0.27421875
1 0.65546875 0.3234375 0.19140625 0.1765625
1 0.8125 0.375 0.2625 0.29296875
1 0.5359375 0.13359375 0.84453125 0.23984375