1 0.2765625 0.14375 0.4203125 0.15546875
1 0.71328125 0.13359375 0.440625 0.16328125
1 0.6578125 0.34296875 0.2234375 0.24765625
1 0.35 0.3078125 0.18203125 0.159375
1 0.478125 0.3046875 0.1046875 0.103125
1 0.49140625 0.4265625 0.1015625 0.103125
1 0.37890625 0.4296875 0.1015625 0.1046875
1 0.1953125 0.36484375 0.2421875 0.26640625
1 0.22421875 0.5109375 0.196875 0.22109375
1 0.4546875 0.59453125 0.2234375 0.19921875
1 0.66484375 0.50078125 0.1671875 0.18046875
1 0.85 0.4953125 0.159375 0.4375
1 0.6078125 0.65390625 0.26796875 0.24765625
1 0.3640625 0.69140625 0.1765625 0.159375
1 0.20234375 0.65703125 0.23671875 0.2703125
1 0.503125 0.86875 0.8328125 0.15390625