1 0.321875 0.11875 0.43515625 0.20625
1 0.75625 0.1625 0.4578125 0.215625
1 0.67578125 0.3640625 0.2515625 0.27421875
1 0.37421875 0.290625 0.20078125 0.18046875
1 0.503125 0.30390625 0.11640625 0.1140625
1 0.50078125 0.42578125 0.1125 0.1140625
1 0.38828125 0.415625 0.1125 0.11640625
1 0.2140625 0.328125 0.271875 0.29453125
1 0.225 0.47734375 0.2234375 0.24375
1 0.44375 0.58828125 0.24609375 0.225
1 0.6640625 0.5203125 0.1875 0.19921875
1 0.84765625 0.5375 0.21171875 0.45390625
1 0.58828125 0.66640625 0.29609375 0.27734375
1 0.34140625 0.6734375 0.1953125 0.18046875
1 0.1859375 0.61875 0.26796875 0.29609375
1 0.4578125 0.865625 0.84609375 0.253125