1 0.2390625 0.059375 0.16171875 0.109375
1 0.16015625 0.09453125 0.1984375 0.178125
1 0.10703125 0.1765625 0.203125 0.21640625
1 0.08125 0.28125 0.1625 0.2578125
1 0.040625 0.40625 0.08125 0.221875
1 0.38203125 0.053125 0.10234375 0.084375
1 0.34609375 0.12890625 0.10078125 0.09765625
1 0.4078125 0.17421875 0.10859375 0.10703125
1 0.278125 0.22890625 0.11796875 0.1140625
1 0.36328125 0.25546875 0.12421875 0.115625
1 0.2265625 0.3265625 0.134375 0.12109375
1 0.58828125 0.11484375 0.17578125 0.18046875
1 0.77265625 0.07578125 0.34296875 0.15078125
1 0.50703125 0.025 0.2015625 0.05
1 0.79375 0.1875 0.11875 0.109375
1 0.6171875 0.24921875 0.2 0.2015625
1 0.47890625 0.253125 0.1265625 0.10546875
1 0.81796875 0.36796875 0.36328125 0.35390625
1 0.81328125 0.721875 0.3734375 0.546875
1 0.528125 0.4390625 0.23046875 0.25625
1 0.3015625 0.45625 0.225 0.259375
1 0.21875 0.64140625 0.2609375 0.3125
1 0.49453125 0.6921875 0.3 0.33046875
1 0.4578125 0.88515625 0.66328125 0.2296875
1 0.0453125 0.6953125 0.0890625 0.2046875