0 0.8609375 0.2328125 0.06015625 0.06328125
0 0.71953125 0.20390625 0.0375 0.0578125
0 0.54375 0.01640625 0.0296875 0.03125
0 0.9 0.703125 0.03203125 0.0375
0 0.7453125 0.73828125 0.03046875 0.03671875
0 0.6015625 0.76015625 0.02734375 0.05625
0 0.39140625 0.40078125 0.0125 0.025
0 0.39765625 0.43046875 0.0125 0.02890625
1 0.42109375 0.40703125 0.07421875 0.10546875
1 0.31796875 0.01171875 0.0546875 0.0234375
1 0.896875 0.70078125 0.07578125 0.1171875
1 0.8234375 0.79453125 0.07265625 0.06171875
1 0.74453125 0.7328125 0.0734375 0.11328125
1 0.67265625 0.82421875 0.071875 0.059375
1 0.596875 0.7640625 0.07265625 0.1171875
1 0.77109375 0.70390625 0.4578125 0.2640625
0 0.55390625 0.76171875 0.07421875 0.153125
1 0.73828125 0.23046875 0.5234375 0.4609375