0 0.41796875 0.2390625 0.09609375 0.08828125
0 0.059375 0.87421875 0.10859375 0.134375
0 0.1203125 0.771875 0.0734375 0.0515625
0 0.57734375 0.58046875 0.07109375 0.0515625
0 0.178125 0.65234375 0.06875 0.05078125
1 0.2421875 0.60625 0.0703125 0.053125
0 0.778125 0.26640625 0.06875 0.0375
0 0.33046875 0.27109375 0.09140625 0.0671875
1 0.62109375 0.353125 0.14765625 0.2203125
0 0.915625 0.49296875 0.0734375 0.0359375
0 0.6984375 0.59453125 0.0421875 0.03203125
0 0.0734375 0.5671875 0.0640625 0.08046875
0 0.065625 0.6328125 0.0609375 0.0828125
0 0.79140625 0.90546875 0.0421875 0.034375
1 0.63671875 0.4625 0.1234375 0.2375
0 0.86484375 0.36796875 0.03515625 0.03828125
0 0.79609375 0.115625 0.075 0.01875
1 0.0421875 0.6375 0.08359375 0.23828125
0 0.2640625 0.24609375 0.0421875 0.02890625
0 0.13671875 0.2828125 0.04140625 0.02265625
0 0.2671875 0.32265625 0.01484375 0.015625
0 0.55546875 0.03671875 0.02890625 0.025
0 0.728125 0.1375 0.02890625 0.0265625
0 0.7890625 0.22890625 0.0296875 0.0375
0 0.8046875 0.23359375 0.0234375 0.034375
0 0.09140625 0.37578125 0.0421875 0.02421875
0 0.24921875 0.36953125 0.01640625 0.0140625
0 0.63125 0.52421875 0.01484375 0.01328125
0 0.6453125 0.5265625 0.0125 0.0109375
0 0.97265625 0.5078125 0.03984375 0.025
0 0.87421875 0.46328125 0.0265625 0.01796875
0 0.74375 0.66171875 0.03515625 0.02421875
0 0.98359375 0.4703125 0.0296875 0.0359375
0 0.78359375 0.53125 0.0171875 0.01484375
0 0.8421875 0.37890625 0.0203125 0.01484375
0 0.990625 0.53203125 0.01640625 0.03359375
0 0.9671875 0.38359375 0.0625 0.01953125
0 0.9890625 0.5859375 0.0203125 0.01484375
0 0.590625 0.684375 0.0140625 0.0109375
0 0.925 0.80078125 0.03515625 0.02734375
0 0.7 0.834375 0.0328125 0.025
0 0.78671875 0.73125 0.03984375 0.03203125
0 0.56875 0.58203125 0.0109375 0.009375
0 0.96875 0.36640625 0.0625 0.01796875
0 0.6078125 0.40703125 0.0203125 0.0140625
0 0.671875 0.2765625 0.01015625 0.01484375