1 0.33671875 0.39609375 0.23984375 0.2234375
1 0.6265625 0.55390625 0.45625 0.3703125
0 0.55390625 0.1796875 0.0765625 0.0609375
0 0.31328125 0.1890625 0.09140625 0.05703125
0 0.63046875 0.73515625 0.08984375 0.07109375
0 0.0390625 0.74140625 0.078125 0.0703125
0 0.0828125 0.59453125 0.0421875 0.034375
0 0.46796875 0.65859375 0.05234375 0.03828125
1 0.0921875 0.21640625 0.07890625 0.05078125
0 0.66953125 0.33984375 0.0765625 0.0421875
0 0.675 0.31171875 0.075 0.04140625
0 0.51015625 0.6453125 0.09609375 0.084375
0 0.371875 0.67265625 0.05390625 0.0296875
0 0.53125 0.43203125 0.0765625 0.03828125
1 0.18515625 0.2359375 0.08515625 0.05
0 0.71875 0.87265625 0.025 0.040625
0 0.70390625 0.14921875 0.0359375 0.02265625
0 0.44453125 0.146875 0.01640625 0.0140625
0 0.76171875 0.2625 0.0328125 0.02734375
0 0.44140625 0.15703125 0.01484375 0.0140625
0 0.3609375 0.5171875 0.0359375 0.025
0 0.39609375 0.52734375 0.0296875 0.02265625
0 0.31953125 0.55 0.01484375 0.0109375
0 0.51484375 0.6015625 0.01875 0.015625
0 0.33984375 0.67578125 0.0453125 0.025
0 0.590625 0.8453125 0.0234375 0.03125
0 0.4171875 0.62734375 0.0390625 0.01953125
0 0.63203125 0.78984375 0.0265625 0.03671875
0 0.60390625 0.7015625 0.0234375 0.0171875
0 0.2703125 0.60390625 0.0171875 0.01484375
0 0.0640625 0.4234375 0.04140625 0.0375
0 0.1234375 0.56953125 0.03125 0.0328125
0 0.22578125 0.80234375 0.02265625 0.03359375
0 0.11640625 0.73125 0.01640625 0.01015625
0 0.23828125 0.7828125 0.0125 0.01015625
0 0.7671875 0.3640625 0.0578125 0.04140625
0 0.7734375 0.3796875 0.05390625 0.03671875
0 0.32578125 0.85859375 0.0125 0.009375
0 0.43515625 0.5875 0.0890625 0.08515625
0 0.46171875 0.59453125 0.0515625 0.0375
0 0.50078125 0.60546875 0.0140625 0.0140625
0 0.50625 0.6 0.0953125 0.1046875
0 0.578125 0.728125 0.0265625 0.01953125
0 0.7875 0.8609375 0.0234375 0.01328125
0 0.8328125 0.6203125 0.05390625 0.06953125
0 0.296875 0.428125 0.02890625 0.025