1 0.3796875 0.6328125 0.2765625 0.159375
1 0.5578125 0.4 0.45390625 0.30859375
0 0.0703125 0.49375 0.075 0.0515625
0 0.1078125 0.671875 0.0671875 0.0640625
0 0.79765625 0.378125 0.0875 0.0609375
0 0.8703125 0.8203125 0.0875 0.05625
0 0.66875 0.80078125 0.0421875 0.02890625
0 0.71328125 0.50703125 0.04609375 0.0359375
1 0.16640625 0.834375 0.06015625 0.0546875
0 0.2703125 0.390625 0.0484375 0.053125
0 0.2328125 0.3890625 0.04765625 0.05234375
0 0.6921875 0.47734375 0.10390625 0.06484375
0 0.7421875 0.57734375 0.03515625 0.0375
0 0.40703125 0.48359375 0.04375 0.0546875
1 0.1828125 0.7625 0.05859375 0.059375
0 0.97109375 0.29765625 0.05234375 0.01484375
0 0.01328125 0.384375 0.0265625 0.025
0 0.0375 0.578125 0.0171875 0.0109375
0 0.1578125 0.3296875 0.03359375 0.021875
0 0.0515625 0.5796875 0.0171875 0.01015625
0 0.5375 0.60234375 0.0296875 0.025
0 0.54765625 0.57421875 0.02734375 0.0203125
0 0.5859375 0.6296875 0.0140625 0.01015625
0 0.6328125 0.478125 0.0203125 0.0125
0 0.75 0.60078125 0.0296875 0.03203125
0 0.9484375 0.39609375 0.03984375 0.01484375
0 0.67734375 0.5484375 0.02265625 0.02734375
0 0.8703125 0.371875 0.04609375 0.015625
0 0.75625 0.4015625 0.0203125 0.015625
0 0.66171875 0.6609375 0.01875 0.0109375
0 0.44453125 0.8328125 0.04609375 0.02734375
0 0.63203125 0.7734375 0.04140625 0.0203125
0 0.9296875 0.67265625 0.04375 0.01328125
0 0.76015625 0.88125 0.01484375 0.01015625
0 0.84609375 0.76171875 0.0125 0.0109375
0 0.90234375 0.665625 0.0125 0.00859375
0 0.2921875 0.315625 0.05 0.0390625
0 0.31171875 0.30859375 0.04375 0.0375
0 0.99453125 0.5921875 0.0109375 0.00859375
0 0.62265625 0.5390625 0.10625 0.0578125
0 0.6296875 0.51875 0.0453125 0.034375
0 0.63984375 0.48828125 0.0171875 0.009375
0 0.63203125 0.48515625 0.1328125 0.0609375
0 0.79453125 0.41796875 0.0234375 0.01796875
0 0.9484375 0.24765625 0.01484375 0.0171875
0 0.62421875 0.2390625 0.0890625 0.03359375
0 0.42578125 0.65859375 0.03125 0.01953125