1 0.33203125 0.40078125 0.23125 0.2171875
1 0.6296875 0.55078125 0.4421875 0.3609375
0 0.5390625 0.17890625 0.0734375 0.06015625
0 0.2984375 0.19453125 0.08984375 0.05546875
0 0.64140625 0.73125 0.0875 0.06953125
0 0.0484375 0.7546875 0.08125 0.06953125
0 0.08828125 0.60546875 0.04140625 0.03359375
0 0.47578125 0.65859375 0.05 0.0375
1 0.07890625 0.22734375 0.0765625 0.0484375
0 0.66171875 0.3359375 0.075 0.040625
0 0.66640625 0.3078125 0.0734375 0.0390625
0 0.51640625 0.6453125 0.09375 0.0828125
0 0.3796875 0.6765625 0.05234375 0.02890625
0 0.528125 0.43125 0.075 0.03671875
1 0.1734375 0.24453125 0.0828125 0.04765625
0 0.7359375 0.86640625 0.0234375 0.040625
0 0.6875 0.14375 0.03515625 0.021875
0 0.428125 0.1484375 0.01640625 0.0140625
0 0.75078125 0.25625 0.03125 0.02734375
0 0.425 0.15859375 0.01484375 0.0140625
0 0.3609375 0.52109375 0.0359375 0.02421875
0 0.39765625 0.53046875 0.02890625 0.021875
0 0.321875 0.5546875 0.01484375 0.0109375
0 0.51953125 0.60078125 0.0171875 0.015625
0 0.3484375 0.6796875 0.0453125 0.02421875
0 0.60625 0.84296875 0.02265625 0.03125
0 0.42265625 0.6296875 0.0375 0.01875
0 0.6453125 0.7859375 0.025 0.0359375
0 0.61328125 0.6984375 0.02265625 0.015625
0 0.275 0.609375 0.01640625 0.01484375
0 0.0609375 0.43515625 0.03984375 0.03671875
0 0.12734375 0.5796875 0.0296875 0.03203125
0 0.23984375 0.809375 0.0203125 0.03359375
0 0.12734375 0.740625 0.01640625 0.01015625
0 0.2515625 0.78984375 0.0125 0.01015625
0 0.76015625 0.35703125 0.05625 0.040625
0 0.76796875 0.37265625 0.05234375 0.0359375
0 0.3421875 0.86328125 0.0125 0.009375
0 0.4390625 0.5890625 0.08515625 0.08359375
0 0.46640625 0.5953125 0.0484375 0.0359375
0 0.50546875 0.60546875 0.0140625 0.0140625
0 0.5109375 0.6 0.08984375 0.103125
0 0.5890625 0.72578125 0.025 0.01875
0 0.8046875 0.853125 0.0234375 0.0125
0 0.8390625 0.6109375 0.0515625 0.06875
0 0.29375 0.43359375 0.02890625 0.02421875