0 0.1359375 0.17734375 0.05390625 0.03671875
0 0.37265625 0.81796875 0.0796875 0.06015625
0 0.3203125 0.20546875 0.08515625 0.078125
0 0.378125 0.18515625 0.06640625 0.0640625
0 0.27578125 0.21953125 0.04765625 0.0359375
0 0.2171875 0.525 0.06640625 0.06015625
1 0.6640625 0.16171875 0.12890625 0.0640625
0 0.80703125 0.54296875 0.0375 0.08828125
0 0.3078125 0.50546875 0.0953125 0.021875
0 0.0890625 0.61328125 0.0265625 0.021875
0 0.0953125 0.63125 0.02734375 0.021875
0 0.2453125 0.47890625 0.0234375 0.015625
0 0.08203125 0.31953125 0.02265625 0.01484375
0 0.134375 0.3203125 0.03984375 0.0171875
0 0.0640625 0.30546875 0.01875 0.0140625
0 0.05859375 0.33203125 0.0109375 0.009375
0 0.64375 0.48359375 0.0421875 0.03203125
0 0.50390625 0.61796875 0.0203125 0.0171875
0 0.5546875 0.5640625 0.02109375 0.01796875
0 0.5640625 0.528125 0.02265625 0.01875
0 0.6109375 0.50625 0.03125 0.0234375
0 0.28359375 0.48984375 0.07890625 0.0203125
0 0.4015625 0.56640625 0.01015625 0.0078125
0 0.3578125 0.465625 0.01484375 0.0109375
0 0.33984375 0.53125 0.01484375 0.025
0 0.58671875 0.51484375 0.0265625 0.0171875
0 0.34140625 0.4859375 0.0546875 0.01484375
0 0.5796875 0.52421875 0.0109375 0.0109375
0 0.4890625 0.13671875 0.03125 0.025
0 0.4484375 0.35 0.025 0.01875
0 0.665625 0.14140625 0.0296875 0.015625
0 0.45625 0.3109375 0.01640625 0.01328125
0 0.43828125 0.32890625 0.01015625 0.00859375
0 0.62890625 0.13828125 0.03515625 0.01328125
0 0.4703125 0.2984375 0.01015625 0.009375
0 0.81484375 0.8796875 0.03515625 0.028125
0 0.8375 0.48984375 0.02265625 0.0125
0 0.8109375 0.4484375 0.0109375 0.0078125
0 0.62421875 0.4984375 0.0125 0.00625
0 0.6015625 0.46171875 0.01015625 0.03125
0 0.5890625 0.45546875 0.02890625 0.059375
0 0.61640625 0.45625 0.0296875 0.05859375
0 0.8109375 0.540625 0.0109375 0.028125
0 0.9828125 0.45703125 0.01015625 0.009375
0 0.9453125 0.475 0.00859375 0.00625
0 0.93984375 0.47109375 0.00859375 0.00625
0 0.8390625 0.14765625 0.02265625 0.00625
0 0.353125 0.4984375 0.0328125 0.0109375