0 0.0421875 0.253125 0.05625 0.0390625
0 0.47890625 0.83203125 0.08515625 0.0640625
0 0.2296875 0.246875 0.08984375 0.08203125
0 0.2796875 0.2171875 0.07109375 0.06640625
0 0.1921875 0.26875 0.05 0.0375
0 0.2328125 0.57578125 0.07109375 0.06328125
1 0.55078125 0.1421875 0.1328125 0.0703125
0 0.8109375 0.4859375 0.0453125 0.08828125
0 0.31484375 0.540625 0.09609375 0.02734375
0 0.1375 0.684375 0.02734375 0.02265625
0 0.14921875 0.70078125 0.02890625 0.02265625
0 0.246875 0.52578125 0.025 0.0171875
0 0.0359375 0.40078125 0.0234375 0.015625
0 0.0875 0.39140625 0.04140625 0.01875
0 0.0140625 0.390625 0.0203125 0.01484375
0 0.0171875 0.4171875 0.0109375 0.009375
0 0.634375 0.4578125 0.04375 0.0328125
0 0.5421875 0.61484375 0.02109375 0.01796875
0 0.57421875 0.55234375 0.02265625 0.01875
0 0.57109375 0.515625 0.0234375 0.01953125
0 0.609375 0.48515625 0.0328125 0.02421875
0 0.28671875 0.5296875 0.0796875 0.02421875
0 0.4265625 0.5828125 0.01015625 0.0078125
0 0.35078125 0.4921875 0.01640625 0.0125
0 0.3546875 0.559375 0.0171875 0.025
0 0.5890625 0.49921875 0.02734375 0.01796875
0 0.34140625 0.51484375 0.0546875 0.01796875
0 0.58515625 0.509375 0.0125 0.0109375
0 0.3734375 0.15 0.03359375 0.0265625
0 0.4015625 0.3640625 0.0265625 0.0203125
0 0.5453125 0.12265625 0.03125 0.0171875
0 0.396875 0.32421875 0.0171875 0.0140625
0 0.38515625 0.3453125 0.01015625 0.00859375
0 0.5078125 0.125 0.0359375 0.01484375
0 0.40703125 0.31015625 0.01015625 0.009375
0 0.928125 0.8109375 0.0375 0.0296875
0 0.82421875 0.42890625 0.0234375 0.0140625
0 0.7859375 0.39375 0.0109375 0.0078125
0 0.6203125 0.47578125 0.0140625 0.00625
0 0.5859375 0.44453125 0.0125 0.03125
0 0.571875 0.440625 0.03359375 0.06015625
0 0.5984375 0.43671875 0.03515625 0.059375
0 0.815625 0.4828125 0.0140625 0.02890625
0 0.9546875 0.3703125 0.01015625 0.009375
0 0.92421875 0.39453125 0.00859375 0.0078125
0 0.9171875 0.3921875 0.00859375 0.00625
0 0.715625 0.09609375 0.0234375 0.0078125
0 0.35703125 0.52421875 0.0328125 0.01328125