1 0.03515625 0.225 0.0703125 0.0703125
1 0.07578125 0.8 0.12890625 0.11953125
0 0.55 0.73984375 0.09375 0.05625
0 0.61484375 0.40078125 0.1046875 0.06953125
0 0.80234375 0.2 0.1078125 0.08515625
0 0.58828125 0.49375 0.1078125 0.05390625
0 0.06875 0.70703125 0.05859375 0.040625
1 0.45234375 0.5796875 0.125 0.09140625
0 0.7453125 0.68671875 0.08515625 0.0484375
0 0.4515625 0.8515625 0.07265625 0.05
0 0.94375 0.278125 0.0453125 0.075
0 0.24296875 0.8109375 0.06015625 0.0390625
0 0.67421875 0.50546875 0.04609375 0.0296875
0 0.546875 0.65390625 0.13984375 0.09609375
0 0.85625 0.49453125 0.04765625 0.0296875
0 0.6390625 0.16171875 0.04765625 0.0421875
0 0.9140625 0.27734375 0.04375 0.0921875
1 0.9359375 0.53984375 0.12734375 0.13515625
1 0.3359375 0.86328125 0.0921875 0.03671875
0 0.96484375 0.1265625 0.0375 0.0296875
0 0.840625 0.375 0.0203125 0.01875
0 0.85625 0.61640625 0.0171875 0.01328125
0 0.5328125 0.303125 0.01875 0.01484375
0 0.3890625 0.3703125 0.01875 0.0140625
0 0.453125 0.1328125 0.0671875 0.0171875
0 0.35859375 0.596875 0.02890625 0.02265625
0 0.4375 0.6046875 0.0140625 0.0125
0 0.3640625 0.74921875 0.0171875 0.015625
0 0.4875 0.86796875 0.05625 0.0171875
0 0.2453125 0.31484375 0.0234375 0.015625
0 0.20625 0.784375 0.0359375 0.0359375
0 0.0375 0.84921875 0.04375 0.0203125
0 0.28671875 0.8484375 0.0125 0.01015625
0 0.15703125 0.56796875 0.01875 0.01328125
0 0.2109375 0.6 0.0125 0.0140625
0 0.42421875 0.56328125 0.01484375 0.0171875
0 0.41953125 0.59140625 0.0265625 0.03203125
0 0.8984375 0.54765625 0.02109375 0.0125
0 0.8953125 0.559375 0.02109375 0.009375