1 0.4203125 0.40546875 0.16640625 0.13203125
0 0.6578125 0.22421875 0.1015625 0.0828125
0 0.5734375 0.56875 0.0640625 0.04609375
0 0.2390625 0.071875 0.0859375 0.04296875
0 0.59375 0.37734375 0.07265625 0.05546875
0 0.82265625 0.59375 0.0546875 0.04609375
0 0.8578125 0.153125 0.06875 0.046875
0 0.4921875 0.1 0.1203125 0.0875
1 0.0703125 0.55859375 0.13984375 0.1203125
0 0.3015625 0.23984375 0.07109375 0.08359375
0 0.10546875 0.3578125 0.0484375 0.02734375
0 0.68046875 0.39453125 0.0640625 0.0453125
1 0.2765625 0.3390625 0.19765625 0.17421875
0 0.6484375 0.803125 0.0515625 0.0265625
0 0.1171875 0.46484375 0.1109375 0.1109375
1 0.03359375 0.20703125 0.06484375 0.04609375
0 0.29453125 0.19453125 0.05859375 0.08515625
0 0.2828125 0.15625 0.0390625 0.0703125
0 0.97578125 0.371875 0.0484375 0.0328125
0 0.96484375 0.41640625 0.0703125 0.04765625
0 0.93203125 0.19765625 0.1359375 0.0734375
1 0.0890625 0.2328125 0.0609375 0.04375
0 0.06953125 0.0921875 0.04140625 0.02421875
0 0.1859375 0.05859375 0.03125 0.01953125
0 0.1703125 0.5921875 0.0359375 0.02265625
0 0.06015625 0.50078125 0.025 0.03359375
0 0.0765625 0.58828125 0.0140625 0.0140625
0 0.57265625 0.60234375 0.05234375 0.0234375
0 0.6375 0.4625 0.0171875 0.0125
0 0.93828125 0.5640625 0.03359375 0.01875
0 0.8328125 0.48515625 0.0171875 0.0125
0 0.7890625 0.64609375 0.0171875 0.01328125
0 0.25546875 0.721875 0.0265625 0.01796875
0 0.0515625 0.675 0.01640625 0.01015625
0 0.57734375 0.7234375 0.01484375 0.0125
0 0.75859375 0.28828125 0.05625 0.03828125
0 0.7796875 0.3203125 0.0546875 0.04765625
0 0.0328125 0.590625 0.01484375 0.01015625
0 0.009375 0.5984375 0.01875 0.01953125
0 0.1734375 0.62890625 0.01875 0.01015625
0 0.1515625 0.47890625 0.0171875 0.01328125
0 0.0359375 0.20546875 0.02109375 0.01796875
0 0.078125 0.21796875 0.0203125 0.0125
0 0.46328125 0.42109375 0.0125 0.0140625
0 0.46953125 0.43203125 0.00859375 0.0171875
1 0.5890625 0.3375 0.17109375 0.13515625
1 0.2078125 0.4375 0.23984375 0.146875
1 0.17421875 0.61640625 0.05625 0.03828125