1 0.40625 0.62890625 0.3125 0.159375
1 0.84921875 0.57109375 0.3015625 0.31796875
0 0.25859375 0.3140625 0.07734375 0.04765625
0 0.40703125 0.69453125 0.0484375 0.04296875
0 0.5234375 0.8140625 0.0734375 0.02734375
0 0.7375 0.57421875 0.0375 0.04296875
0 0.46640625 0.78359375 0.075 0.0296875
0 0.8375 0.8921875 0.0578125 0.02265625
0 0.2078125 0.37421875 0.03125 0.015625
0 0.4625 0.58046875 0.03515625 0.02421875
0 0.6234375 0.5640625 0.01640625 0.01328125
0 0.6125 0.3625 0.025 0.00859375
0 0.728125 0.53828125 0.03359375 0.0296875
0 0.6703125 0.3421875 0.0171875 0.009375
0 0.76484375 0.640625 0.0203125 0.01796875
0 0.7578125 0.57890625 0.01015625 0.00859375
0 0.6109375 0.73359375 0.0203125 0.0125
0 0.64453125 0.7671875 0.04140625 0.021875
0 0.675 0.73359375 0.0125 0.0171875
0 0.828125 0.82734375 0.01640625 0.015625
1 0.98984375 0.41015625 0.0203125 0.01875
0 0.5265625 0.665625 0.0203125 0.009375
0 0.76484375 0.8296875 0.0625 0.021875
0 0.0640625 0.6359375 0.02109375 0.0125
0 0.078125 0.7453125 0.01640625 0.0046875