0 0.740625 0.2015625 0.10859375 0.08046875
0 0.8921875 0.62265625 0.1125 0.0890625
1 0.26015625 0.59296875 0.175 0.13046875
1 0.815625 0.74375 0.15625 0.09921875
0 0.66171875 0.45625 0.07890625 0.05625
1 0.55 0.41953125 0.1671875 0.1390625
1 0.203125 0.1921875 0.20390625 0.16171875
0 0.64609375 0.54609375 0.0625 0.05625
0 0.15703125 0.58671875 0.1109375 0.05
0 0.2359375 0.44765625 0.0859375 0.078125
1 0.1421875 0.49375 0.2046875 0.13515625
0 0.13828125 0.54140625 0.06875 0.03671875
0 0.7828125 0.3140625 0.05625 0.0609375
0 0.3734375 0.45625 0.04609375 0.0515625
0 0.91484375 0.4484375 0.0625 0.084375
0 0.94140625 0.69765625 0.03984375 0.0390625
1 0.6203125 0.73125 0.16875 0.10390625
0 0.0609375 0.46875 0.04375 0.05546875
0 0.8234375 0.5984375 0.0515625 0.0515625
0 0.91796875 0.5296875 0.07109375 0.09609375
0 0.6984375 0.36484375 0.0484375 0.10625
0 0.65078125 0.23125 0.0390625 0.0453125
0 0.7453125 0.34765625 0.04609375 0.075
0 0.6109375 0.2671875 0.02890625 0.05
0 0.515625 0.45625 0.04140625 0.034375
0 0.29296875 0.284375 0.03125 0.0234375
0 0.6078125 0.175 0.0359375 0.02890625
0 0.5578125 0.2109375 0.03125 0.028125
0 0.08203125 0.35 0.0359375 0.02265625
0 0.42578125 0.3828125 0.02890625 0.01953125
0 0.4953125 0.4171875 0.02734375 0.0296875
0 0.38984375 0.49375 0.0203125 0.01875
0 0.52734375 0.4328125 0.0171875 0.0109375
0 0.71953125 0.60625 0.02890625 0.01953125
0 0.87109375 0.60078125 0.0296875 0.03359375
0 0.7703125 0.47734375 0.0171875 0.0125
0 0.73828125 0.540625 0.0140625 0.01796875
0 0.7671875 0.49296875 0.01484375 0.0109375
0 0.9859375 0.38515625 0.025 0.02421875
0 0.73515625 0.63125 0.0125 0.01015625
0 0.7234375 0.634375 0.0125 0.01015625
0 0.1296875 0.78125 0.02265625 0.01875
0 0.1078125 0.73515625 0.04765625 0.0203125
0 0.00546875 0.29921875 0.0109375 0.0328125
0 0.18203125 0.2328125 0.0421875 0.02265625
0 0.14140625 0.2203125 0.0546875 0.06484375
0 0.5515625 0.33828125 0.02890625 0.021875
0 0.5984375 0.51796875 0.025 0.04296875
0 0.67578125 0.59921875 0.05234375 0.04140625
0 0.61484375 0.73203125 0.0859375 0.05546875
0 0.996875 0.584375 0.00625 0.0125
0 0.721875 0.38359375 0.01484375 0.01796875
0 0.74296875 0.3578125 0.01015625 0.0125
0 0.8765625 0.5921875 0.00859375 0.009375
0 0.09140625 0.64140625 0.0578125 0.0234375
0 0.165625 0.51484375 0.0109375 0.00859375