0 0.9265625 0.6375 0.12109375 0.0921875
0 0.3921875 0.80859375 0.13359375 0.09609375
1 0.34375 0.334375 0.19609375 0.1484375
1 0.22265625 0.76875 0.15234375 0.13046875
0 0.5796875 0.61484375 0.08515625 0.06640625
1 0.6125 0.52578125 0.20625 0.14375
1 0.85546875 0.23671875 0.225 0.17265625
0 0.459375 0.615625 0.0828125 0.0546875
0 0.33828125 0.25703125 0.08125 0.08984375
0 0.5328125 0.29609375 0.11484375 0.075
1 0.4578125 0.23359375 0.20625 0.17109375
0 0.3953125 0.23671875 0.0578125 0.05625
0 0.784375 0.684375 0.0890625 0.05078125
0 0.540625 0.39921875 0.075 0.04140625
0 0.625 0.8015625 0.1203125 0.05859375
0 0.30078125 0.85625 0.0578125 0.0359375
1 0.2125 0.621875 0.1609375 0.13984375
0 0.48046875 0.16875 0.07890625 0.040625
0 0.41484375 0.75390625 0.075 0.0453125
0 0.51953125 0.81484375 0.1359375 0.06640625
0 0.70546875 0.62890625 0.14609375 0.05078125
0 0.87578125 0.575 0.06484375 0.034375
0 0.7359375 0.66171875 0.1046875 0.0453125
0 0.82265625 0.55 0.0703125 0.028125
0 0.5609375 0.50546875 0.0515625 0.0359375
0 0.75546875 0.315625 0.03515625 0.0265625
0 0.94296875 0.53515625 0.04375 0.03125
0 0.8890625 0.503125 0.04140625 0.02734375
0 0.6390625 0.16796875 0.03515625 0.0296875
0 0.64453125 0.428125 0.0296875 0.02421875
0 0.60859375 0.484375 0.04375 0.02421875
0 0.4921875 0.4171875 0.02734375 0.01796875
0 0.5921875 0.5109375 0.0171875 0.01484375
0 0.390625 0.678125 0.0296875 0.02421875
0 0.41875 0.78984375 0.0484375 0.02734375
0 0.5671875 0.69765625 0.01875 0.01484375
0 0.4796875 0.6828125 0.025 0.01328125
0 0.54609375 0.6984375 0.0171875 0.01328125
0 0.71953125 0.8453125 0.0359375 0.021875
0 0.359375 0.69296875 0.01484375 0.01015625
0 0.3546875 0.68515625 0.01484375 0.01015625
0 0.07734375 0.2640625 0.02734375 0.01953125
0 0.13515625 0.240625 0.03359375 0.03828125
0 0.6953125 0.10390625 0.0453125 0.01328125
0 0.8078125 0.2265625 0.03515625 0.034375
0 0.81875 0.19453125 0.0921875 0.05
0 0.7203125 0.515625 0.0328125 0.02421875
0 0.48984375 0.57578125 0.06015625 0.02421875
0 0.39375 0.64453125 0.0609375 0.0453125
0 0.209375 0.61796875 0.08515625 0.07265625
0 0.4578125 0.88125 0.0171875 0.00625
0 0.684375 0.6484375 0.025 0.0140625
0 0.72109375 0.6609375 0.0171875 0.009375
0 0.43046875 0.79375 0.0140625 0.0078125
0 0.25703125 0.215625 0.0390625 0.04609375
0 0.43359375 0.25390625 0.0125 0.009375