0 0.11640625 0.30390625 0.1125 0.08515625
0 0.68359375 0.2125 0.125 0.0890625
1 0.6109375 0.68515625 0.1828125 0.13828125
1 0.840625 0.27578125 0.13984375 0.121875
0 0.45078125 0.37578125 0.07890625 0.06171875
1 0.3953125 0.45859375 0.19375 0.13359375
1 0.09375 0.70625 0.1875 0.1609375
0 0.56953125 0.39296875 0.07890625 0.05
0 0.596875 0.76171875 0.07265625 0.08671875
0 0.41640625 0.69609375 0.1078125 0.06875
1 0.4734375 0.76796875 0.18984375 0.1609375
0 0.5359375 0.7734375 0.05234375 0.05390625
0 0.2671875 0.278125 0.08359375 0.0453125
0 0.43515625 0.59296875 0.07109375 0.0375
0 0.45390625 0.1859375 0.11484375 0.0515625
0 0.7859375 0.1796875 0.0546875 0.03203125
1 0.81328125 0.421875 0.14765625 0.13203125
0 0.43515625 0.828125 0.0765625 0.0359375
0 0.6484375 0.26328125 0.07109375 0.04140625
0 0.5609375 0.1875 0.13125 0.05859375
0 0.33046875 0.34375 0.14375 0.0421875
0 0.15 0.37265625 0.0625 0.03125
0 0.31015625 0.3078125 0.10234375 0.03828125
0 0.19609375 0.4046875 0.0671875 0.02421875
0 0.4421875 0.4859375 0.0484375 0.0328125
0 0.2015625 0.64375 0.0328125 0.02421875
0 0.0734375 0.4015625 0.03984375 0.02890625
0 0.11953125 0.44140625 0.0390625 0.025
0 0.27890625 0.80546875 0.03125 0.028125
0 0.33984375 0.55 0.02734375 0.02265625
0 0.3890625 0.49921875 0.04140625 0.02265625
0 0.4859375 0.58203125 0.0265625 0.015625
0 0.41171875 0.47578125 0.01640625 0.0140625
0 0.65234375 0.340625 0.02734375 0.02265625
0 0.65390625 0.2265625 0.04609375 0.02421875
0 0.484375 0.29609375 0.0171875 0.0140625
0 0.56640625 0.3234375 0.025 0.0109375
0 0.5046875 0.29921875 0.01640625 0.0125
0 0.37265625 0.12890625 0.03359375 0.01953125
0 0.68671875 0.33046875 0.01484375 0.01015625
0 0.68984375 0.3390625 0.01484375 0.01015625
0 0.8546875 0.7921875 0.0265625 0.01796875
0 0.7921875 0.80625 0.0296875 0.03671875
0 0.2078125 0.8609375 0.04375 0.01015625
0 0.128125 0.725 0.0328125 0.0328125
0 0.109375 0.7546875 0.0890625 0.0453125
0 0.28828125 0.453125 0.0296875 0.02265625
0 0.52890625 0.42734375 0.05859375 0.0203125
0 0.640625 0.3734375 0.0578125 0.04140625
0 0.81484375 0.42578125 0.07890625 0.06796875
0 0.6375 0.13125 0.01640625 0.00546875
0 0.35703125 0.32734375 0.025 0.0125
0 0.3234375 0.31015625 0.01640625 0.00859375
0 0.6421875 0.221875 0.0125 0.0078125
0 0.66640625 0.8140625 0.03359375 0.04375
0 0.50234375 0.7515625 0.0109375 0.00859375