0 0.4078125 0.309375 0.08515625 0.06640625
1 0.36875 0.61796875 0.4546875 0.2671875
1 0.65625 0.725 0.36484375 0.365625
0 0.48671875 0.87578125 0.0953125 0.0734375
0 0.23515625 0.59921875 0.08125 0.0546875
0 0.96328125 0.4140625 0.0734375 0.07109375
0 0.91640625 0.7234375 0.09140625 0.090625
0 0.88046875 0.51953125 0.09140625 0.06953125
0 0.14921875 0.66796875 0.1328125 0.084375
0 0.85390625 0.41953125 0.06015625 0.0671875
0 0.396875 0.11796875 0.0421875 0.03671875
0 0.8015625 0.47890625 0.04765625 0.04140625
1 0.05 0.809375 0.1 0.05703125
0 0.47734375 0.12734375 0.10625 0.0859375
1 0.378125 0.43984375 0.48515625 0.19609375
0 0.83671875 0.66953125 0.0390625 0.03359375
0 0.2078125 0.3328125 0.04375 0.0359375
0 0.103125 0.1109375 0.0453125 0.0375
0 0.8328125 0.71015625 0.05 0.0421875
0 0.81484375 0.378125 0.0421875 0.0359375
0 0.23984375 0.2140625 0.04375 0.0359375
0 0.7515625 0.8578125 0.0484375 0.0359375
1 0.90078125 0.38671875 0.1984375 0.3140625
0 0.40859375 0.35703125 0.0578125 0.034375
1 0.896875 0.6375 0.18125 0.14375
1 0.11953125 0.5171875 0.12109375 0.05234375
0 0.99453125 0.4296875 0.0109375 0.06484375
1 0.91640625 0.59140625 0.14609375 0.06484375
0 0.284375 0.08359375 0.0375 0.02734375
0 0.05703125 0.28046875 0.0171875 0.01484375
0 0.0890625 0.2921875 0.0171875 0.0140625
0 0.0484375 0.41484375 0.0171875 0.01484375
0 0.5125 0.275 0.0328125 0.02421875
0 0.18125 0.41171875 0.02890625 0.02734375
0 0.31171875 0.0953125 0.01875 0.0109375
0 0.8359375 0.66953125 0.0375 0.03359375
0 0.86875 0.83984375 0.0328125 0.0234375
0 0.87421875 0.7984375 0.03359375 0.02265625
0 0.7625 0.6390625 0.0234375 0.0140625
0 0.16171875 0.49609375 0.0171875 0.01484375
0 0.4875 0.55 0.02890625 0.01484375
0 0.771875 0.97890625 0.01484375 0.01328125
0 0.6703125 0.7890625 0.025 0.01875
0 0.00703125 0.5453125 0.0140625 0.01328125
1 0.05078125 0.5375 0.06015625 0.0265625
0 0.24375 0.41953125 0.02109375 0.0125
0 0.434375 0.38203125 0.0140625 0.01015625
0 0.43515625 0.3765625 0.0171875 0.0078125
0 0.3796875 0.3390625 0.0203125 0.01328125
0 0.19609375 0.20078125 0.01875 0.0109375
1 0.19609375 0.2125 0.05859375 0.02890625
0 0.9296875 0.32890625 0.0453125 0.0375
0 0.9703125 0.60390625 0.03125 0.0296875
1 0.8609375 0.7734375 0.24609375 0.38984375