0 0.61015625 0.6859375 0.0796875 0.0640625
1 0.6203125 0.37578125 0.4390625 0.24765625
1 0.3234375 0.28359375 0.3375 0.35390625
0 0.478125 0.125 0.08984375 0.06953125
0 0.7546875 0.38671875 0.07734375 0.0515625
0 0.03984375 0.609375 0.0796875 0.06875
0 0.0640625 0.29921875 0.08515625 0.08828125
0 0.11875 0.50078125 0.0859375 0.065625
0 0.83359375 0.3140625 0.1265625 0.07890625
0 0.1546875 0.59921875 0.0546875 0.06640625
0 0.63828125 0.87578125 0.03984375 0.0359375
0 0.20078125 0.53671875 0.0453125 0.0390625
1 0.93359375 0.1671875 0.125 0.0515625
0 0.5578125 0.87109375 0.1 0.0828125
1 0.6265625 0.553125 0.4765625 0.1734375
0 0.1484375 0.3484375 0.0359375 0.0328125
0 0.80703125 0.6515625 0.04140625 0.03359375
0 0.9328125 0.86796875 0.04140625 0.0359375
0 0.1484375 0.3078125 0.04765625 0.040625
0 0.19765625 0.63828125 0.03984375 0.03359375
0 0.7859375 0.77109375 0.04140625 0.03359375
0 0.21640625 0.15625 0.04609375 0.03359375
0 0.0171875 0.74375 0.03359375 0.04375
1 0.0984375 0.63515625 0.19609375 0.30625
0 0.6046875 0.6375 0.0546875 0.03203125
1 0.09140625 0.38359375 0.17109375 0.13671875
1 0.878125 0.46328125 0.11875 0.046875
0 0.0078125 0.59609375 0.01484375 0.0640625
1 0.0765625 0.43046875 0.14375 0.0578125
0 0.75390625 0.9046875 0.03515625 0.0265625
0 0.9625 0.69609375 0.01640625 0.0140625
0 0.92890625 0.6859375 0.01640625 0.01328125
0 0.95859375 0.5609375 0.01640625 0.0140625
0 0.50859375 0.725 0.0296875 0.0234375
0 0.8265625 0.57109375 0.02734375 0.0265625
0 0.72578125 0.89375 0.0171875 0.01015625
0 0.1484375 0.3484375 0.03515625 0.03203125
0 0.10078125 0.1796875 0.03125 0.021875
0 0.09921875 0.221875 0.0328125 0.0203125
0 0.225 0.375 0.02265625 0.01328125
0 0.8375 0.48671875 0.01640625 0.0140625
0 0.5078125 0.45 0.02734375 0.0140625
0 0.184375 0.03671875 0.0140625 0.0125
0 0.30390625 0.22109375 0.0234375 0.01796875
0 0.9890625 0.42890625 0.01640625 0.0125
1 0.9453125 0.4390625 0.05859375 0.0234375
0 0.76328125 0.5671875 0.02109375 0.0109375
0 0.5765625 0.6140625 0.0140625 0.009375
0 0.5765625 0.6203125 0.0171875 0.00625
0 0.6359375 0.65390625 0.01875 0.0125
0 0.83125 0.7828125 0.0171875 0.01015625
1 0.8296875 0.7703125 0.0578125 0.0265625
0 0.0859375 0.69296875 0.04140625 0.0359375
0 0.0203125 0.42109375 0.02890625 0.02890625
1 0.11484375 0.246875 0.21484375 0.3859375