0 0.1984375 0.57734375 0.1078125 0.06796875
1 0.5125 0.73203125 0.1625 0.121875
0 0.5484375 0.375 0.07734375 0.06953125
0 0.43828125 0.54609375 0.1171875 0.07265625
0 0.42890625 0.36015625 0.0546875 0.05234375
0 0.328125 0.82890625 0.13359375 0.06875
0 0.58359375 0.4171875 0.09375 0.065625
1 0.96640625 0.4828125 0.0671875 0.15234375
0 0.34609375 0.26875 0.06015625 0.04140625
0 0.975 0.61015625 0.0234375 0.04140625
1 0.446875 0.17578125 0.2140625 0.140625
0 0.2109375 0.32109375 0.0609375 0.06171875
0 0.7625 0.27109375 0.05 0.03828125
1 0.88515625 0.3328125 0.13984375 0.11640625
0 0.02734375 0.79453125 0.0546875 0.0390625
0 0.859375 0.51328125 0.05 0.04765625
0 0.23046875 0.81484375 0.05859375 0.040625
1 0.7296875 0.39140625 0.12109375 0.096875
0 0.8234375 0.47578125 0.07890625 0.05390625
0 0.5015625 0.13515625 0.0765625 0.034375
0 0.05859375 0.640625 0.0234375 0.0203125
0 0.00859375 0.7 0.0171875 0.015625
0 0.62890625 0.721875 0.03984375 0.03125
0 0.659375 0.54375 0.02265625 0.0203125
0 0.3953125 0.18125 0.03984375 0.03125
0 0.7390625 0.38046875 0.04609375 0.0390625
0 0.4234375 0.63984375 0.1796875 0.1203125
0 0.9109375 0.33359375 0.0453125 0.03125
0 0.53671875 0.72421875 0.02109375 0.01875
0 0.5421875 0.7609375 0.01875 0.0203125
0 0.5546875 0.73515625 0.0359375 0.034375
1 0.01875 0.69609375 0.0375 0.16796875
0 0.85625 0.7671875 0.02265625 0.015625
0 0.8015625 0.72578125 0.0171875 0.01796875