0 0.3515625 0.2890625 0.0765625 0.07265625
1 0.19609375 0.5453125 0.1421875 0.10703125
0 0.671875 0.51640625 0.08359375 0.0484375
0 0.4296875 0.46171875 0.0796875 0.0796875
0 0.6734375 0.425 0.0640625 0.03359375
0 0.04140625 0.42421875 0.07265625 0.09296875
0 0.62265625 0.54921875 0.075 0.06171875
1 0.59609375 0.89453125 0.1953125 0.12890625
0 0.7796875 0.35 0.04765625 0.040625
0 0.42890625 0.88984375 0.05234375 0.05234375
1 0.9171875 0.41015625 0.16015625 0.14375
0 0.68984375 0.25703125 0.075 0.0375
0 0.8421875 0.65859375 0.0453125 0.0328125
1 0.7796875 0.759375 0.1375 0.08984375
0 0.0390625 0.19375 0.0453125 0.040625
0 0.5390625 0.76875 0.0578125 0.03125
0 0.04375 0.34921875 0.04609375 0.0390625
1 0.6796875 0.65390625 0.1140625 0.07890625
0 0.64375 0.93046875 0.03515625 0.046875
0 0.58203125 0.7359375 0.0609375 0.05234375
0 0.9796875 0.44375 0.03515625 0.05390625
0 0.24609375 0.19453125 0.025 0.01484375
0 0.15859375 0.16171875 0.0171875 0.021875
0 0.228125 0.6296875 0.0359375 0.0265625
0 0.4671875 0.625 0.025 0.0140625
0 0.903125 0.37265625 0.0359375 0.0265625
0 0.69453125 0.65859375 0.04609375 0.0296875
0 0.30390625 0.46484375 0.1359375 0.12109375
0 0.13984375 0.15703125 0.0140625 0.01484375
0 0.7828125 0.77890625 0.03515625 0.0296875
0 0.2109375 0.5625 0.02265625 0.01328125
0 0.16328125 0.57265625 0.025 0.0109375
0 0.19921875 0.57734375 0.0421875 0.02265625
1 0.1609375 0.11171875 0.21640625 0.1296875
0 0.2046875 0.80625 0.01875 0.01484375
0 0.25 0.759375 0.02109375 0.01015625