0 0.3875 0.2765625 0.0875 0.07890625
1 0.19140625 0.5171875 0.15859375 0.11953125
0 0.66796875 0.53203125 0.09140625 0.05625
0 0.43671875 0.45546875 0.0921875 0.08671875
0 0.68359375 0.44140625 0.06875 0.0390625
0 0.05703125 0.3828125 0.0875 0.0984375
0 0.6140625 0.56015625 0.08515625 0.06875
1 0.53125 0.90078125 0.21484375 0.1453125
0 0.80234375 0.3765625 0.05390625 0.04375
0 0.36640625 0.88046875 0.0609375 0.05703125
1 0.91875 0.4484375 0.1625 0.15703125
0 0.728125 0.2765625 0.0796875 0.04375
0 0.8140625 0.6890625 0.05 0.03671875
1 0.7359375 0.7828125 0.1515625 0.10234375
0 0.0921875 0.15390625 0.0515625 0.04375
0 0.4953125 0.7703125 0.0625 0.0359375
0 0.071875 0.30859375 0.05234375 0.04296875
1 0.653125 0.66875 0.1265625 0.08828125
0 0.5734375 0.940625 0.0421875 0.05
0 0.54296875 0.74140625 0.06875 0.05859375
0 0.98203125 0.4875 0.0359375 0.05625
0 0.29765625 0.1734375 0.02734375 0.0171875
0 0.21640625 0.13359375 0.02109375 0.0234375
0 0.20859375 0.60390625 0.03984375 0.02890625
0 0.44765625 0.62109375 0.02734375 0.015625
0 0.9203125 0.4109375 0.03984375 0.02890625
0 0.6671875 0.675 0.0515625 0.03359375
0 0.3109375 0.446875 0.1546875 0.13203125
0 0.1984375 0.1265625 0.01640625 0.015625
0 0.7359375 0.803125 0.03984375 0.0328125
0 0.20234375 0.5359375 0.025 0.01484375
0 0.15390625 0.540625 0.0265625 0.01328125
0 0.1890625 0.5484375 0.04609375 0.0265625
1 0.2265625 0.08359375 0.2359375 0.1484375
0 0.15703125 0.7765625 0.02109375 0.0171875
0 0.21015625 0.734375 0.02265625 0.0125