1 0.5328125 0.45 0.21875 0.0921875
0 0.5203125 0.1671875 0.0671875 0.0609375
0 0.8328125 0.6203125 0.03984375 0.0359375
0 0.6875 0.26875 0.08359375 0.02734375
1 0.78828125 0.1578125 0.2265625 0.0859375
1 0.5796875 0.809375 0.1640625 0.13046875
0 0.23359375 0.44921875 0.0109375 0.0125
0 0.2203125 0.45 0.0125 0.0125
0 0.26953125 0.57421875 0.0328125 0.025
0 0.3140625 0.825 0.0265625 0.01875
0 0.62734375 0.58125 0.025 0.01953125
0 0.3171875 0.51484375 0.02734375 0.021875
0 0.40546875 0.496875 0.02890625 0.02265625
0 0.6046875 0.5921875 0.01875 0.01484375
0 0.4296875 0.4734375 0.01640625 0.0109375
0 0.3453125 0.61328125 0.01640625 0.0078125
0 0.4234375 0.58828125 0.01875 0.009375
0 0.4640625 0.47890625 0.01484375 0.00859375
0 0.6125 0.4046875 0.01015625 0.00859375
0 0.41015625 0.47265625 0.01640625 0.01328125
0 0.703125 0.37421875 0.00859375 0.00546875
0 0.390625 0.33984375 0.0140625 0.015625
0 0.29140625 0.36171875 0.02265625 0.021875
0 0.37734375 0.1359375 0.02890625 0.01484375
0 0.55859375 0.171875 0.0296875 0.0234375
0 0.95859375 0.65390625 0.02734375 0.0234375
0 0.7296875 0.425 0.03984375 0.03203125
0 0.88515625 0.50625 0.0234375 0.01796875
0 0.7890625 0.4265625 0.0328125 0.0203125
0 0.98515625 0.5046875 0.0234375 0.01875
0 0.7765625 0.44375 0.0125 0.009375
0 0.7265625 0.56484375 0.0265625 0.01875
0 0.9796875 0.5640625 0.01015625 0.00859375
0 0.77890625 0.4625 0.0125 0.0109375
0 0.759375 0.56015625 0.01875 0.0109375
0 0.7921875 0.13515625 0.0296875 0.0265625
0 0.8734375 0.2671875 0.02109375 0.0234375
0 0.9859375 0.26640625 0.0078125 0.0203125
0 0.8578125 0.16484375 0.0203125 0.02265625
0 0.57890625 0.475 0.01640625 0.0078125
0 0.56796875 0.46171875 0.01640625 0.0109375
0 0.5703125 0.44140625 0.0125 0.01015625
0 0.53671875 0.496875 0.01640625 0.0109375
0 0.25 0.39609375 0.01015625 0.01796875
0 0.240625 0.3953125 0.01015625 0.0171875
0 0.74296875 0.64296875 0.01640625 0.0109375
0 0.6828125 0.60390625 0.00859375 0.00859375
0 0.7484375 0.6015625 0.0421875 0.03125
0 0.72890625 0.50625 0.01875 0.01015625
0 0.73515625 0.515625 0.01640625 0.0109375
0 0.62421875 0.846875 0.01484375 0.01484375
0 0.60234375 0.8640625 0.01640625 0.01328125
0 0.59609375 0.790625 0.0125 0.0234375
0 0.60625 0.7765625 0.0109375 0.0203125
1 0.72421875 0.63203125 0.1 0.07578125
1 0.67109375 0.625 0.10859375 0.06640625
0 0.76640625 0.65234375 0.0109375 0.01328125