1 0.56484375 0.5265625 0.11484375 0.1609375
0 0.94296875 0.5265625 0.07890625 0.0484375
0 0.328125 0.7453125 0.04609375 0.02890625
0 0.8015625 0.6484375 0.03359375 0.06171875
1 0.94609375 0.728125 0.1078125 0.1671875
1 0.084375 0.54921875 0.16875 0.11796875
0 0.5765625 0.30234375 0.01640625 0.00859375
0 0.5765625 0.2921875 0.01640625 0.009375
0 0.40859375 0.325 0.0328125 0.0234375
0 0.0734375 0.34921875 0.0234375 0.01875
0 0.3875 0.59296875 0.025 0.01796875
0 0.4859375 0.3625 0.02734375 0.01953125
0 0.50703125 0.42890625 0.02890625 0.0203125
0 0.3734375 0.57578125 0.0203125 0.01328125
0 0.5375 0.4484375 0.01484375 0.0125
0 0.3546875 0.3796875 0.01015625 0.0125
0 0.384375 0.4390625 0.0109375 0.0140625
0 0.5296875 0.47421875 0.0109375 0.0109375
0 0.6234375 0.5875 0.0109375 0.0078125
0 0.53984375 0.43359375 0.0171875 0.0125
0 0.6609375 0.65625 0.0078125 0.00625
0 0.7171875 0.4234375 0.02109375 0.009375
0 0.69140625 0.3484375 0.02734375 0.015625
0 0.9890625 0.42109375 0.01875 0.0203125
0 0.93515625 0.55546875 0.0296875 0.021875
0 0.27890625 0.83828125 0.0296875 0.01953125
0 0.5921875 0.67421875 0.04140625 0.02890625
0 0.47890625 0.78828125 0.02265625 0.0171875
0 0.58828125 0.71953125 0.0265625 0.0234375
0 0.4765625 0.86328125 0.0234375 0.0171875
0 0.56484375 0.709375 0.0125 0.009375
0 0.40546875 0.6671875 0.0234375 0.01875
0 0.3984375 0.8578125 0.0109375 0.0078125
0 0.35703125 0.8796875 0.02109375 0.0125
0 0.53984375 0.71015625 0.01484375 0.009375
0 0.4109375 0.6921875 0.0140625 0.0140625
0 0.97578125 0.73125 0.03359375 0.021875
0 0.79765625 0.78828125 0.0296875 0.01484375
0 0.79375 0.87734375 0.02734375 0.0140625
0 0.934375 0.78046875 0.02890625 0.0140625
0 0.53046875 0.56015625 0.01015625 0.0125
0 0.5484375 0.55234375 0.01484375 0.0125
0 0.57578125 0.5546875 0.0140625 0.009375
0 0.50234375 0.52734375 0.01484375 0.0125
0 0.64765625 0.31640625 0.0234375 0.00625
0 0.6484375 0.309375 0.02265625 0.00625
0 0.3015625 0.67734375 0.01484375 0.0125
0 0.35546875 0.6328125 0.0109375 0.00625
0 0.35625 0.6828125 0.03984375 0.03125
0 0.48359375 0.67109375 0.0125 0.0140625
0 0.4703125 0.67578125 0.01484375 0.0125
0 0.03359375 0.58125 0.0203125 0.01015625
0 0.0109375 0.5640625 0.0171875 0.0125
0 0.10859375 0.56171875 0.03125 0.00859375
0 0.1265625 0.56953125 0.02734375 0.0078125
1 0.3171875 0.66328125 0.09765625 0.071875
1 0.32734375 0.62421875 0.08515625 0.0796875
0 0.2875 0.69375 0.0171875 0.00859375