0 0.7546875 0.6125 0.0390625 0.06484375
0 0.07109375 0.646875 0.02890625 0.05546875
0 0.6484375 0.7609375 0.03515625 0.0578125
0 0.1265625 0.8 0.0375 0.065625
0 0.74765625 0.7359375 0.03359375 0.0203125
0 0.90703125 0.77109375 0.0234375 0.01796875
0 0.7 0.803125 0.0171875 0.03203125
0 0.46875 0.70859375 0.02734375 0.0125
0 0.19296875 0.77421875 0.0359375 0.021875
0 0.31953125 0.82109375 0.01484375 0.03828125
0 0.24765625 0.825 0.01640625 0.03359375
0 0.69140625 0.43359375 0.01640625 0.01328125
0 0.721875 0.5125 0.01640625 0.0109375
0 0.81875 0.6609375 0.03515625 0.0203125
0 0.5984375 0.54609375 0.02734375 0.03203125
0 0.36171875 0.5578125 0.03125 0.01328125
0 0.515625 0.37890625 0.02265625 0.01484375
0 0.5859375 0.4328125 0.01875 0.01484375
0 0.5671875 0.42578125 0.02734375 0.0359375
0 0.40703125 0.3484375 0.01640625 0.0125
0 0.471875 0.51640625 0.02109375 0.03828125
0 0.5421875 0.4015625 0.02109375 0.0578125
0 0.48046875 0.3859375 0.01640625 0.0109375
0 0.5515625 0.4328125 0.01640625 0.0125
0 0.4921875 0.48828125 0.01640625 0.0546875
0 0.0515625 0.471875 0.0265625 0.05078125
0 0.02421875 0.33515625 0.01875 0.0109375
0 0.02265625 0.384375 0.01484375 0.0125
0 0.184375 0.51640625 0.0203125 0.015625
0 0.021875 0.48828125 0.0140625 0.01015625
0 0.51796875 0.20625 0.02265625 0.0171875
0 0.44453125 0.2625 0.02265625 0.0171875
0 0.58984375 0.321875 0.01640625 0.0140625
0 0.51796875 0.2640625 0.01484375 0.0109375
0 0.36953125 0.23203125 0.01640625 0.0140625
0 0.36875 0.1734375 0.01484375 0.0109375
0 0.2953125 0.3171875 0.01640625 0.01015625
0 0.33046875 0.2609375 0.01484375 0.009375
0 0.77578125 0.55234375 0.00859375 0.01875
0 0.76796875 0.5390625 0.01015625 0.0203125
0 0.9515625 0.4375 0.0125 0.03125
1 0.98515625 0.65390625 0.0234375 0.0640625
0 0.70234375 0.709375 0.02109375 0.05234375
0 0.4703125 0.61875 0.0203125 0.165625
0 0.35859375 0.44140625 0.0234375 0.21953125
0 0.6796875 0.3375 0.0203125 0.01484375
0 0.965625 0.265625 0.00859375 0.02734375
0 0.9484375 0.3390625 0.02890625 0.2015625
0 0.01875 0.253125 0.0296875 0.14921875
0 0.01640625 0.36328125 0.03125 0.2375
0 0.1984375 0.50703125 0.0140625 0.01015625