0 0.740625 0.62890625 0.04609375 0.06640625
0 0.05625 0.61875 0.03515625 0.05703125
0 0.6171875 0.76953125 0.04140625 0.06015625
0 0.0921875 0.77421875 0.0453125 0.06875
0 0.71953125 0.7515625 0.0359375 0.0234375
0 0.8734375 0.796875 0.0265625 0.01953125
0 0.6640625 0.81484375 0.0203125 0.0328125
0 0.4453125 0.70546875 0.02890625 0.0140625
0 0.1625 0.75234375 0.0390625 0.0234375
0 0.2828125 0.8078125 0.01875 0.0390625
0 0.2109375 0.80703125 0.0203125 0.034375
0 0.6984375 0.44609375 0.0171875 0.0140625
0 0.71953125 0.52734375 0.0171875 0.0125
0 0.7984375 0.68125 0.0375 0.0234375
0 0.5921875 0.55234375 0.0296875 0.03359375
0 0.35546875 0.5484375 0.0328125 0.015625
0 0.5296875 0.38046875 0.025 0.0171875
0 0.59296875 0.4390625 0.02109375 0.015625
0 0.57578125 0.43046875 0.03125 0.0375
0 0.42421875 0.34375 0.0171875 0.01328125
0 0.4703125 0.51484375 0.025 0.0390625
0 0.55390625 0.4046875 0.02734375 0.059375
0 0.49453125 0.38515625 0.0171875 0.0125
0 0.55859375 0.43671875 0.0171875 0.01328125
0 0.49453125 0.4875 0.02265625 0.05546875
0 0.05703125 0.44296875 0.0328125 0.05234375
0 0.0453125 0.3046875 0.0203125 0.01328125
0 0.03828125 0.353125 0.01640625 0.01328125
0 0.18359375 0.49609375 0.02265625 0.01796875
0 0.025 0.45703125 0.01484375 0.0109375
0 0.5515625 0.20859375 0.025 0.01875
0 0.471875 0.26015625 0.025 0.01875
0 0.61015625 0.328125 0.0171875 0.01484375
0 0.5453125 0.26640625 0.01640625 0.0125
0 0.4015625 0.22421875 0.0171875 0.01484375
0 0.4078125 0.16640625 0.01640625 0.0125
0 0.3171875 0.3046875 0.0171875 0.0109375
0 0.35859375 0.25078125 0.01640625 0.01015625
0 0.76875 0.56953125 0.0109375 0.01953125
0 0.7625 0.55703125 0.0125 0.021875
0 0.95703125 0.4671875 0.01484375 0.03203125
1 0.965625 0.68515625 0.03125 0.065625
0 0.67734375 0.72109375 0.02734375 0.053125
0 0.45625 0.61640625 0.0390625 0.165625
0 0.36640625 0.4328125 0.0484375 0.21953125
0 0.69765625 0.34921875 0.02265625 0.0171875
0 0.99140625 0.296875 0.0109375 0.02734375
0 0.965625 0.36953125 0.0515625 0.20234375
0 0.04921875 0.2234375 0.04765625 0.15
0 0.03359375 0.33203125 0.05859375 0.23828125
0 0.1984375 0.48671875 0.01484375 0.0109375