1 0.39375 0.6671875 0.4 0.30625
1 0.31171875 0.35078125 0.3015625 0.29921875
0 0.3875 0.33046875 0.05 0.03828125
0 0.8015625 0.22578125 0.0890625 0.0625
0 0.3578125 0.9359375 0.04375 0.0390625
0 0.70625 0.56640625 0.0390625 0.0296875
0 0.890625 0.9140625 0.1171875 0.1234375
0 0.1640625 0.77578125 0.0671875 0.0515625
0 0.4984375 0.96171875 0.0484375 0.04375
0 0.02421875 0.465625 0.0484375 0.04609375
0 0.2203125 0.87734375 0.0421875 0.0390625
0 0.1953125 0.6015625 0.03359375 0.06953125
0 0.0203125 0.58359375 0.03984375 0.034375
0 0.84296875 0.440625 0.0859375 0.0859375
0 0.1515625 0.3609375 0.0421875 0.05234375
1 0.47890625 0.42421875 0.43515625 0.38203125
0 0.16953125 0.475 0.0390625 0.1109375
0 0.11640625 0.3578125 0.0484375 0.0453125
0 0.528125 0.70859375 0.02109375 0.015625
0 0.4171875 0.66953125 0.01484375 0.03671875
0 0.1328125 0.1734375 0.025 0.01875
0 0.5109375 0.3578125 0.0203125 0.0171875
0 0.0359375 0.246875 0.0296875 0.0234375
0 0.1765625 0.05234375 0.02109375 0.01875
1 0.553125 0.18515625 0.3390625 0.35078125
0 0.6375 0.146875 0.01875 0.0140625
0 0.71953125 0.3390625 0.0921875 0.0515625
0 0.66171875 0.3734375 0.02265625 0.01484375
0 0.7890625 0.42890625 0.09140625 0.090625
0 0.43046875 0.7328125 0.01875 0.01796875
0 0.484375 0.76328125 0.0140625 0.01796875
0 0.4359375 0.80390625 0.02109375 0.01796875
0 0.7078125 0.9640625 0.0484375 0.04375
0 0.65 0.9828125 0.0453125 0.034375
0 0.14609375 0.83203125 0.01875 0.0140625
0 0.20546875 0.2296875 0.0515625 0.05625
0 0.2375 0.24453125 0.04765625 0.01953125
0 0.4234375 0.43828125 0.0203125 0.01875
0 0.2078125 0.375 0.0765625 0.0625
0 0.38828125 0.54765625 0.01875 0.01953125