1 0.590625 0.32734375 0.3734375 0.2875
1 0.7015625 0.6390625 0.275 0.28515625
0 0.628125 0.66328125 0.04609375 0.03671875
0 0.22421875 0.7890625 0.08359375 0.0578125
0 0.6015625 0.05703125 0.03984375 0.0375
0 0.28828125 0.44453125 0.0359375 0.028125
0 0.071875 0.1078125 0.10625 0.11796875
0 0.81015625 0.20703125 0.0625 0.0484375
0 0.45859375 0.0390625 0.0453125 0.0421875
0 0.97734375 0.509375 0.0453125 0.04375
0 0.74453125 0.10859375 0.0390625 0.0375
0 0.7953125 0.3828125 0.02734375 0.06875
0 0.971875 0.39140625 0.0390625 0.0328125
0 0.16328125 0.57734375 0.07890625 0.0828125
0 0.86015625 0.6203125 0.0375 0.05078125
1 0.528125 0.57421875 0.40234375 0.36171875
0 0.83203125 0.5078125 0.02890625 0.109375
0 0.89609375 0.62109375 0.0453125 0.04296875
0 0.45234375 0.29296875 0.0203125 0.01484375
0 0.5671875 0.32734375 0.0109375 0.0359375
0 0.896875 0.80625 0.0234375 0.01796875
0 0.5015625 0.6421875 0.01875 0.015625
0 0.9859375 0.728125 0.02734375 0.02265625
0 0.8640625 0.93046875 0.0203125 0.01796875
1 0.4765625 0.81640625 0.30859375 0.33515625
0 0.3953125 0.86015625 0.0171875 0.01328125
0 0.29609375 0.671875 0.0890625 0.046875
0 0.35 0.634375 0.02109375 0.0140625
0 0.21796875 0.5859375 0.08359375 0.0875
0 0.54765625 0.2640625 0.0171875 0.0171875
0 0.49140625 0.23671875 0.0125 0.0171875
0 0.5359375 0.19296875 0.0203125 0.0171875
0 0.24921875 0.04765625 0.0453125 0.0421875
0 0.3046875 0.025 0.04140625 0.0359375
0 0.821875 0.15078125 0.0171875 0.01328125
0 0.81875 0.7546875 0.04609375 0.0546875
0 0.7859375 0.740625 0.04609375 0.0171875
0 0.5828125 0.55703125 0.01875 0.01796875
0 0.803125 0.609375 0.07109375 0.059375
0 0.6078125 0.446875 0.0171875 0.01875