1 0.70390625 0.2796875 0.35 0.24375
0 0.61640625 0.8328125 0.06484375 0.03359375
1 0.7078125 0.1578125 0.3015625 0.134375
1 0.6171875 0.140625 0.2296875 0.07578125
0 0.1078125 0.74140625 0.02109375 0.01953125
0 0.26015625 0.60703125 0.0203125 0.015625
0 0.25234375 0.60078125 0.02265625 0.015625
0 0.53359375 0.7140625 0.025 0.0234375
0 0.4453125 0.871875 0.0375 0.025
0 0.47265625 0.84296875 0.04140625 0.0265625
0 0.5796875 0.546875 0.025 0.01796875
0 0.728125 0.55 0.0609375 0.0484375
0 0.6640625 0.23828125 0.0296875 0.0203125
0 0.390625 0.34453125 0.02734375 0.01796875
0 0.63828125 0.12109375 0.0265625 0.0203125
0 0.3546875 0.36484375 0.04375 0.028125
0 0.23984375 0.29453125 0.01640625 0.0171875
0 0.95 0.78984375 0.05390625 0.02734375
0 0.3796875 0.521875 0.0203125 0.01484375
0 0.6484375 0.58046875 0.0609375 0.0546875
0 0.6421875 0.58125 0.01640625 0.0140625
0 0.72734375 0.54453125 0.02109375 0.01484375
0 0.75703125 0.12734375 0.01015625 0.0078125
1 0.8046875 0.1140625 0.0578125 0.0453125
1 0.18828125 0.18359375 0.0671875 0.06875
1 0.2703125 0.203125 0.1125 0.07109375
1 0.2328125 0.221875 0.2546875 0.1015625
0 0.7984375 0.09921875 0.0265625 0.0109375