1 0.78671875 0.66015625 0.31484375 0.25546875
0 0.0515625 0.57578125 0.0421875 0.04765625
1 0.93203125 0.6671875 0.1359375 0.2234375
1 0.96328125 0.6 0.0734375 0.171875
0 0.1921875 0.19765625 0.025 0.015625
0 0.36484375 0.31640625 0.0203125 0.0140625
0 0.37421875 0.3109375 0.0203125 0.015625
0 0.2140625 0.51796875 0.0296875 0.01796875
0 0.0109375 0.44453125 0.021875 0.0265625
0 0.04375 0.4671875 0.03515625 0.0296875
0 0.434375 0.55859375 0.0234375 0.01796875
0 0.425 0.66953125 0.0640625 0.0453125
0 0.84375 0.63203125 0.0265625 0.02265625
0 0.7109375 0.4234375 0.0234375 0.01953125
0 0.99296875 0.61640625 0.0140625 0.01953125
0 0.68515625 0.39609375 0.0359375 0.03203125
0 0.7828125 0.31171875 0.02265625 0.0109375
0 0.09765625 0.82734375 0.03359375 0.0390625
0 0.88359375 0.8890625 0.0203125 0.0171875
0 0.47578125 0.409375 0.01875 0.0140625
0 0.3875 0.60859375 0.07109375 0.04375
0 0.3875 0.60390625 0.01875 0.0109375
0 0.4328125 0.66953125 0.01875 0.01484375
0 0.98828125 0.70546875 0.01015625 0.0078125
1 0.98671875 0.7421875 0.0265625 0.0421875
1 0.9328125 0.27734375 0.08984375 0.0484375
1 0.903125 0.33828125 0.0921875 0.0828125
1 0.88046875 0.309375 0.12734375 0.1890625
1 0.9921875 0.8578125 0.01484375 0.0359375