0 0.9296875 0.72578125 0.0796875 0.0578125
0 0.89609375 0.22890625 0.125 0.08984375
0 0.603125 0.515625 0.1015625 0.07421875
0 0.1421875 0.21328125 0.08984375 0.0640625
0 0.0703125 0.4984375 0.07734375 0.0609375
0 0.0359375 0.578125 0.06640625 0.05703125
0 0.76875 0.35078125 0.0484375 0.03203125
1 0.64921875 0.68828125 0.21640625 0.15625
0 0.50390625 0.80390625 0.0578125 0.0421875
0 0.5703125 0.73359375 0.0578125 0.040625
0 0.68828125 0.50390625 0.06015625 0.05625
0 0.38203125 0.615625 0.0453125 0.04765625
0 0.18515625 0.65703125 0.05625 0.04140625
0 0.1421875 0.54140625 0.0484375 0.04609375
0 0.75546875 0.47890625 0.05390625 0.06015625
0 0.7515625 0.5109375 0.05 0.0359375
0 0.02109375 0.621875 0.0421875 0.03828125
0 0.3484375 0.20703125 0.06015625 0.1015625
0 0.7671875 0.6328125 0.0328125 0.040625
0 0.015625 0.3109375 0.02265625 0.0265625
0 0.4546875 0.26484375 0.03515625 0.02421875
0 0.38984375 0.25859375 0.0359375 0.02421875
0 0.2484375 0.47109375 0.0171875 0.0203125
0 0.1875 0.43359375 0.02734375 0.01875
0 0.29296875 0.58125 0.0171875 0.0140625
0 0.0484375 0.63203125 0.03359375 0.021875
0 0.1890625 0.44375 0.025 0.0296875
0 0.0609375 0.6125 0.03359375 0.021875
0 0.4859375 0.52265625 0.0453125 0.0234375
0 0.49765625 0.40078125 0.07265625 0.01796875
0 0.459375 0.34375 0.06875 0.015625
0 0.490625 0.36640625 0.0453125 0.02734375
0 0.6234375 0.40234375 0.0359375 0.02734375
0 0.5484375 0.478125 0.03515625 0.028125
0 0.4796875 0.64453125 0.02734375 0.0203125
0 0.65 0.4546875 0.03359375 0.03359375
0 0.3484375 0.38984375 0.02890625 0.028125
0 0.3484375 0.43515625 0.0296875 0.03125
0 0.525 0.5765625 0.01875 0.009375
0 0.95625 0.38125 0.0375 0.028125
0 0.97578125 0.6296875 0.04140625 0.03203125
0 0.09609375 0.72421875 0.03125 0.0234375
0 0.18515625 0.70390625 0.0234375 0.03828125
1 0.0140625 0.68046875 0.028125 0.0328125
0 0.415625 0.7453125 0.0171875 0.01015625
0 0.3328125 0.6796875 0.01640625 0.009375
0 0.653125 0.8234375 0.025 0.03125
0 0.3953125 0.82109375 0.01015625 0.00859375
0 0.7078125 0.7765625 0.0359375 0.0234375
0 0.51484375 0.6234375 0.04375 0.03359375
1 0.7109375 0.675 0.06640625 0.0625
1 0.63046875 0.69140625 0.0875 0.0421875
0 0.0890625 0.54375 0.03984375 0.03125
0 0.18671875 0.4703125 0.0234375 0.0375
0 0.18984375 0.49609375 0.0046875 0.01328125
0 0.2015625 0.4984375 0.0140625 0.0109375
0 0.2109375 0.50625 0.0125 0.0125
0 0.2140625 0.38671875 0.03359375 0.05078125
0 0.52109375 0.41640625 0.0765625 0.01484375
1 0.26171875 0.44609375 0.14375 0.15859375
1 0.315625 0.4296875 0.12265625 0.16953125