0 0.5234375 0.28671875 0.1671875 0.12421875
0 0.41171875 0.61640625 0.2109375 0.1296875
0 0.659375 0.496875 0.12734375 0.0921875
0 0.10546875 0.759375 0.09375 0.0703125
0 0.95390625 0.65859375 0.0921875 0.1296875
0 0.7015625 0.7703125 0.2359375 0.115625
0 0.69375 0.434375 0.06875 0.06875
0 0.5578125 0.709375 0.16484375 0.1015625
0 0.0234375 0.33125 0.046875 0.046875
0 0.125 0.20859375 0.0703125 0.05
0 0.06484375 0.2546875 0.0671875 0.05
0 0.7359375 0.2515625 0.18125 0.08671875
0 0.684375 0.378125 0.06015625 0.0515625
0 0.1265625 0.34609375 0.06484375 0.0484375
0 0.2984375 0.390625 0.07109375 0.09453125
0 0.4234375 0.321875 0.0484375 0.04609375
0 0.80703125 0.31953125 0.0578125 0.04296875
0 0.6234375 0.35234375 0.0546875 0.05546875
0 0.22109375 0.265625 0.0546875 0.0484375
0 0.09140625 0.8546875 0.05390625 0.0484375
0 0.8859375 0.784375 0.17109375 0.115625
0 0.01328125 0.42890625 0.0265625 0.04375
0 0.5796875 0.36015625 0.0515625 0.05
0 0.9234375 0.2609375 0.04375 0.03671875
0 0.21796875 0.36640625 0.0453125 0.05390625
0 0.5578125 0.67578125 0.0640625 0.05078125
0 0.36328125 0.76328125 0.0453125 0.03671875
0 0.9375 0.37734375 0.03984375 0.03828125
0 0.81640625 0.82578125 0.03359375 0.021875
0 0.54453125 0.13203125 0.03984375 0.0390625
0 0.5921875 0.1234375 0.0359375 0.03203125
0 0.2734375 0.15078125 0.03125 0.0125
0 0.68203125 0.559375 0.0234375 0.0171875
0 0.5640625 0.4875 0.025 0.01875
0 0.0796875 0.81328125 0.0375 0.02734375
0 0.33828125 0.7515625 0.04140625 0.034375
0 0.15625 0.69453125 0.0140625 0.01328125
0 0.653125 0.575 0.04609375 0.04375
0 0.64453125 0.55390625 0.04140625 0.03828125
0 0.27421875 0.29375 0.04609375 0.0359375
0 0.96171875 0.36640625 0.03359375 0.040625
0 0.4828125 0.78515625 0.0265625 0.0203125