1 0.26875 0.25 0.24140625 0.20625
0 0.6515625 0.3171875 0.10390625 0.08671875
0 0.56171875 0.3265625 0.0953125 0.08671875
1 0.5 0.56015625 0.19375 0.27265625
0 0.2046875 0.28203125 0.09765625 0.07109375
1 0.41484375 0.7734375 0.18359375 0.203125
1 0.3921875 0.23359375 0.1984375 0.165625
1 0.66484375 0.58671875 0.10390625 0.1078125
0 0.54296875 0.7890625 0.12265625 0.1390625
0 0.7546875 0.17734375 0.0625 0.0515625
0 0.8921875 0.4015625 0.06875 0.0515625
0 0.265625 0.23046875 0.0625 0.0484375
0 0.290625 0.73125 0.0578125 0.1359375
0 0.1890625 0.39140625 0.0578125 0.0390625
0 0.96484375 0.22421875 0.04609375 0.02890625
1 0.7640625 0.496875 0.10390625 0.1109375
0 0.66484375 0.50546875 0.04609375 0.0296875
0 0.4109375 0.49375 0.04609375 0.06015625
0 0.2265625 0.35859375 0.04140625 0.03359375
0 0.678125 0.81953125 0.0296875 0.05625
0 0.30078125 0.82421875 0.0296875 0.05390625
0 0.615625 0.1359375 0.1421875 0.0234375
0 0.0765625 0.4265625 0.0671875 0.04296875
0 0.93203125 0.21484375 0.0296875 0.040625
0 0.74375 0.23828125 0.0390625 0.02734375
0 0.7546875 0.13203125 0.02734375 0.015625
0 0.9546875 0.1453125 0.02265625 0.021875
0 0.7484375 0.49375 0.0328125 0.03203125
0 0.76171875 0.521875 0.01015625 0.01796875
0 0.96640625 0.5984375 0.02109375 0.02421875
0 0.93984375 0.525 0.01640625 0.0125
0 0.8953125 0.61015625 0.01875 0.0109375
0 0.73984375 0.66171875 0.01640625 0.0234375
0 0.91640625 0.6875 0.0140625 0.0125
0 0.7953125 0.8609375 0.03125 0.02734375
0 0.9671875 0.7171875 0.01875 0.02734375
0 0.40078125 0.4546875 0.0171875 0.0140625
0 0.64765625 0.53203125 0.04140625 0.02890625
0 0.3765625 0.67890625 0.0109375 0.015625
0 0.84296875 0.3453125 0.04765625 0.03125
0 0.8828125 0.3484375 0.0375 0.02734375
0 0.99375 0.1359375 0.0125 0.02421875
0 0.48046875 0.7203125 0.00859375 0.0140625
0 0.46796875 0.72734375 0.0140625 0.02265625
0 0.4234375 0.58046875 0.0140625 0.015625
0 0.5453125 0.425 0.05234375 0.03125
0 0.6828125 0.61015625 0.0125 0.02890625
0 0.63359375 0.8375 0.0171875 0.015625
0 0.92890625 0.63984375 0.0140625 0.02265625
1 0.4328125 0.19375 0.1015625 0.0703125