1 0.75390625 0.73671875 0.26015625 0.21875
0 0.36640625 0.690625 0.1109375 0.0921875
0 0.4546875 0.6765625 0.10234375 0.09140625
1 0.49453125 0.43984375 0.21875 0.28203125
0 0.81484375 0.7015625 0.10390625 0.07578125
1 0.559375 0.22265625 0.20234375 0.2125
1 0.63203125 0.7609375 0.2140625 0.17578125
1 0.32734375 0.421875 0.1140625 0.11328125
0 0.4296875 0.21328125 0.13515625 0.14453125
0 0.2765625 0.83515625 0.0671875 0.0546875
0 0.1171875 0.61796875 0.0734375 0.05546875
0 0.75859375 0.75625 0.0671875 0.0515625
0 0.6875 0.25859375 0.0703125 0.1390625
0 0.8203125 0.5921875 0.0609375 0.0421875
0 0.06171875 0.79921875 0.0484375 0.03203125
1 0.23671875 0.51640625 0.1140625 0.11640625
0 0.33515625 0.503125 0.0484375 0.0328125
0 0.5890625 0.5015625 0.0515625 0.06171875
0 0.7859375 0.62734375 0.04375 0.0359375
0 0.2921875 0.19140625 0.03515625 0.05859375
0 0.66875 0.165625 0.03515625 0.05546875
0 0.41875 0.86875 0.14375 0.03125
0 0.92890625 0.55078125 0.07109375 0.046875
0 0.0953125 0.80703125 0.03359375 0.0421875
0 0.28125 0.7734375 0.04140625 0.02890625
0 0.28046875 0.8796875 0.02890625 0.0171875
0 0.0796875 0.87734375 0.025 0.02265625
0 0.253125 0.51953125 0.03515625 0.03359375
0 0.23671875 0.49140625 0.0109375 0.01875
0 0.02578125 0.4265625 0.0234375 0.025
0 0.05859375 0.4984375 0.0171875 0.01328125
0 0.0953125 0.4109375 0.0203125 0.0125
0 0.2453125 0.3515625 0.01875 0.02421875
0 0.0671875 0.334375 0.01484375 0.01328125
0 0.17265625 0.15546875 0.03359375 0.02890625
0 0.0140625 0.3078125 0.02109375 0.028125
0 0.603125 0.540625 0.01875 0.01484375
0 0.35 0.47578125 0.04375 0.03125
0 0.60703125 0.31484375 0.0125 0.0171875
0 0.171875 0.671875 0.05 0.03359375
0 0.1328125 0.67109375 0.03984375 0.02890625
0 0.04140625 0.8875 0.01484375 0.025
0 0.4984375 0.27890625 0.01015625 0.0140625
0 0.5109375 0.271875 0.01640625 0.0234375
0 0.56953125 0.415625 0.01484375 0.0171875
0 0.46171875 0.57734375 0.0546875 0.03359375
0 0.30703125 0.4 0.01484375 0.0296875
0 0.33515625 0.1703125 0.01875 0.0171875
0 0.059375 0.3828125 0.01640625 0.0234375
1 0.5953125 0.80234375 0.1078125 0.075