1 0.54375 0.39765625 0.2765625 0.18359375
1 0.1796875 0.246875 0.31875 0.18359375
1 0.759375 0.54609375 0.2546875 0.18359375
0 0.2671875 0.7625 0.09765625 0.07109375
1 0.23125 0.465625 0.3140625 0.1796875
0 0.7625 0.5015625 0.11484375 0.06484375
1 0.884375 0.3984375 0.15625 0.10703125
0 0.16484375 0.34765625 0.21875 0.096875
0 0.0984375 0.51328125 0.1390625 0.11171875
0 0.1875 0.63203125 0.0921875 0.109375
0 0.1234375 0.7515625 0.09765625 0.0625
0 0.753125 0.09765625 0.0578125 0.0421875
0 0.85625 0.165625 0.05 0.0390625
0 0.8890625 0.1859375 0.0484375 0.03671875
0 0.89921875 0.678125 0.05 0.0421875
0 0.334375 0.78203125 0.0640625 0.040625
0 0.1171875 0.9359375 0.05625 0.0359375
0 0.0375 0.44765625 0.075 0.06015625
0 0.2609375 0.17265625 0.1171875 0.16328125
0 0.96953125 0.6796875 0.0140625 0.00859375
0 0.4125 0.796875 0.0328125 0.01953125
0 0.4828125 0.8046875 0.02265625 0.0125
0 0.9484375 0.403125 0.02734375 0.0265625
0 0.8109375 0.61796875 0.02734375 0.01484375
0 0.85546875 0.3671875 0.0203125 0.0140625
0 0.60859375 0.34609375 0.0421875 0.02265625
0 0.371875 0.6234375 0.0140625 0.01953125
0 0.41640625 0.4 0.01484375 0.01953125
0 0.36875 0.6390625 0.0140625 0.01953125
0 0.4234375 0.384375 0.0140625 0.01875
0 0.121875 0.63046875 0.04609375 0.0296875
0 0.21484375 0.46796875 0.02265625 0.01484375
0 0.18828125 0.5484375 0.0125 0.01015625
0 0.228125 0.4578125 0.0140625 0.01015625
0 0.25 0.59453125 0.0171875 0.0125
0 0.759375 0.1921875 0.0265625 0.0171875
0 0.65625 0.2171875 0.0453125 0.0359375
0 0.328125 0.11328125 0.02265625 0.01484375
0 0.36875 0.3078125 0.02109375 0.0125
0 0.4171875 0.20703125 0.01875 0.0109375
0 0.40625 0.2140625 0.0171875 0.0109375
0 0.7515625 0.30546875 0.05234375 0.0375
0 0.7640625 0.328125 0.03125 0.02890625
0 0.76875 0.35 0.03359375 0.03359375
0 0.8390625 0.35625 0.03125 0.0140625
0 0.81953125 0.328125 0.04609375 0.0328125
0 0.884375 0.3703125 0.0109375 0.0078125
0 0.91953125 0.38828125 0.0171875 0.0171875
0 0.9 0.2578125 0.04765625 0.03671875
0 0.69609375 0.1015625 0.0453125 0.0359375
0 0.23984375 0.434375 0.15234375 0.0640625
0 0.19296875 0.4359375 0.0140625 0.01484375
0 0.2796875 0.6953125 0.02265625 0.0375
0 0.2703125 0.7125 0.02734375 0.0390625
0 0.7796875 0.54609375 0.01484375 0.01328125
0 0.684375 0.50234375 0.01640625 0.01484375
0 0.5109375 0.51328125 0.0140625 0.0078125
0 0.5140625 0.50234375 0.0140625 0.01953125