1 0.37109375 0.45390625 0.2125 0.1875
1 0.12109375 0.70234375 0.2078125 0.22109375
1 0.59765625 0.3140625 0.21640625 0.171875
0 0.8140625 0.709375 0.08359375 0.065625
1 0.4171875 0.69453125 0.20234375 0.2171875
0 0.5390625 0.30546875 0.07265625 0.0796875
1 0.4203125 0.20078125 0.125 0.10625
0 0.2515625 0.728125 0.1015625 0.15546875
0 0.46171875 0.8 0.13359375 0.0921875
0 0.63046875 0.75 0.1375 0.05625
0 0.7796875 0.81484375 0.07265625 0.06640625
0 0.0140625 0.2546875 0.028125 0.0375
0 0.1078125 0.1890625 0.04765625 0.03359375
0 0.1390625 0.1671875 0.04375 0.0328125
0 0.790625 0.228125 0.0515625 0.0328125
0 0.84921875 0.6625 0.04609375 0.04375
0 0.36640625 0.84375 0.06875 0.065625
0 0.0703125 0.63125 0.13515625 0.06640625
0 0.7453125 0.13203125 0.0234375 0.01953125
0 0.803125 0.1765625 0.01015625 0.009375
0 0.8796875 0.60625 0.02265625 0.021875
0 0.9 0.5546875 0.0140625 0.01484375
0 0.43515625 0.15390625 0.0328125 0.0171875
0 0.6984375 0.28515625 0.01640625 0.01875
0 0.3734375 0.2171875 0.01640625 0.01328125
0 0.3109375 0.39765625 0.025 0.02890625
0 0.6453125 0.6125 0.025 0.0078125
0 0.35703125 0.5484375 0.025 0.00859375
0 0.6640625 0.61640625 0.025 0.0078125
0 0.33671875 0.540625 0.0234375 0.0078125
0 0.61953125 0.79921875 0.03515625 0.03125
0 0.41796875 0.70703125 0.0171875 0.01484375
0 0.52109375 0.73828125 0.0125 0.00859375
0 0.40625 0.69609375 0.0125 0.009375
0 0.5890625 0.69921875 0.0140625 0.0109375
0 0.1296875 0.2640625 0.01875 0.01796875
0 0.1484375 0.34453125 0.04375 0.0296875
0 0.228125 0.57109375 0.0140625 0.0140625
0 0.1015625 0.5203125 0.0125 0.01328125
0 0.10859375 0.5296875 0.0125 0.0125
0 0.278125 0.2859375 0.0453125 0.0359375
0 0.309375 0.28046875 0.03515625 0.01953125
0 0.3390625 0.27890625 0.04140625 0.021875
0 0.3578125 0.228125 0.01484375 0.021875
0 0.3171875 0.2390625 0.0390625 0.03203125
0 0.3828125 0.19609375 0.00859375 0.0078125
0 0.4109375 0.17265625 0.0203125 0.0109375
0 0.23671875 0.16953125 0.04375 0.03203125
0 0.0109375 0.2984375 0.02109375 0.02890625
0 0.37734375 0.68359375 0.06484375 0.109375
0 0.3734375 0.71953125 0.01875 0.00859375
0 0.72734375 0.69140625 0.0484375 0.0125
0 0.7484375 0.7 0.05 0.015625
0 0.628125 0.1265625 0.03515625 0.00625
0 0.60078125 0.29921875 0.01640625 0.009375
0 0.52890625 0.36328125 0.0171875 0.01015625
0 0.51875 0.49375 0.00859375 0.009375
0 0.5046875 0.48984375 0.025 0.0078125