0 0.209375 0.51171875 0.09609375 0.07578125
1 0.0890625 0.6453125 0.17734375 0.11328125
1 0.115625 0.2296875 0.18125 0.171875
0 0.4984375 0.2671875 0.07265625 0.05703125
0 0.496875 0.56875 0.0625 0.0609375
0 0.5515625 0.28515625 0.03984375 0.05234375
1 0.10859375 0.3359375 0.1390625 0.06171875
0 0.18828125 0.36171875 0.0734375 0.0828125
0 0.4265625 0.66953125 0.07109375 0.05703125
0 0.47421875 0.35703125 0.0453125 0.05390625
0 0.84375 0.1109375 0.0359375 0.05
0 0.084375 0.0140625 0.04140625 0.028125
0 0.1578125 0.1796875 0.0296875 0.0203125
0 0.1796875 0.18671875 0.02265625 0.02421875
0 0.5765625 0.15 0.0296875 0.025
0 0.63203125 0.2078125 0.0234375 0.01953125
0 0.7015625 0.27109375 0.0390625 0.03125
0 0.6875 0.3015625 0.0390625 0.0328125
0 0.88359375 0.1125 0.0390625 0.028125
0 0.8015625 0.14140625 0.0375 0.03203125
0 0.8828125 0.29453125 0.01484375 0.0125
0 0.03359375 0.40859375 0.02109375 0.0140625
0 0.0296875 0.46796875 0.01875 0.015625
0 0.56484375 0.58203125 0.0390625 0.0328125
0 0.49296875 0.65 0.025 0.01875
0 0.49375 0.3890625 0.04140625 0.025
0 0.53984375 0.4890625 0.03984375 0.0328125
0 0.83671875 0.4125 0.03125 0.02421875
0 0.8953125 0.4015625 0.0125 0.0109375
0 0.25390625 0.67109375 0.02734375 0.0203125
0 0.51875 0.7015625 0.01484375 0.0125
0 0.83046875 0.51796875 0.0125 0.009375
0 0.5828125 0.534375 0.04140625 0.03125
0 0.48984375 0.48359375 0.04140625 0.03359375
0 0.20234375 0.51015625 0.01484375 0.0140625
0 0.89765625 0.28203125 0.0109375 0.01328125
0 0.8890625 0.28203125 0.0125 0.01015625
0 0.5234375 0.3484375 0.04765625 0.0328125
0 0.51640625 0.378125 0.0390625 0.02890625