0 0.5046875 0.28125 0.10625 0.07734375
1 0.3359375 0.17109375 0.1625 0.1609375
1 0.8828125 0.2296875 0.23359375 0.14609375
0 0.809375 0.51484375 0.0796875 0.05703125
0 0.40859375 0.4921875 0.08515625 0.05078125
0 0.78125 0.55390625 0.07265625 0.0328125
1 0.7453125 0.21796875 0.09140625 0.10703125
0 0.7046875 0.27578125 0.1140625 0.0609375
0 0.2796875 0.43359375 0.0796875 0.05625
0 0.6921875 0.490625 0.0734375 0.0375
0 0.94921875 0.265625 0.0296875 0.0234375
0 0.9390625 0.28203125 0.0328125 0.01875
0 0.959375 0.58203125 0.03515625 0.02421875
0 0.8796875 0.61953125 0.02734375 0.01875
0 0.78984375 0.6671875 0.0421875 0.03125
0 0.75 0.65390625 0.0453125 0.03125
0 0.9421875 0.74921875 0.0203125 0.0265625
0 0.74609375 0.80078125 0.0171875 0.0125
0 0.6546875 0.15703125 0.0203125 0.0171875
0 0.575 0.15 0.02265625 0.01484375
0 0.3859375 0.54296875 0.0453125 0.03125
0 0.3015625 0.484375 0.0265625 0.01953125
0 0.6484375 0.503125 0.0359375 0.0328125
0 0.5125 0.53046875 0.04609375 0.03203125
0 0.5921875 0.75859375 0.03515625 0.025
0 0.60234375 0.803125 0.01484375 0.01015625
0 0.290625 0.303125 0.02890625 0.021875
0 0.23125 0.5 0.0171875 0.0125
0 0.45234375 0.74609375 0.0125 0.009375
0 0.4484375 0.559375 0.04375 0.0328125
0 0.52265625 0.49375 0.04765625 0.0328125
0 0.50703125 0.2765625 0.0203125 0.0125
0 0.7625 0.81328125 0.0171875 0.009375
0 0.7625 0.80703125 0.0140625 0.01015625
0 0.69921875 0.52734375 0.04765625 0.0375
0 0.66015625 0.5203125 0.03984375 0.0296875