0 0.06796875 0.5375 0.12734375 0.0921875
0 0.4203125 0.34375 0.1515625 0.0828125
0 0.21015625 0.53984375 0.08359375 0.1140625
0 0.125 0.6734375 0.08125 0.0484375
1 0.42109375 0.7046875 0.29609375 0.17265625
0 0.4890625 0.865625 0.1328125 0.0546875
0 0.7515625 0.6421875 0.19375 0.06953125
0 0.3734375 0.2171875 0.18359375 0.090625
1 0.0703125 0.2078125 0.13984375 0.1578125
0 0.22265625 0.80546875 0.0359375 0.0359375
0 0.33984375 0.44375 0.05625 0.0703125
0 0.390625 0.1296875 0.2140625 0.103125
0 0.2 0.740625 0.0359375 0.03359375
0 0.3796875 0.85 0.0359375 0.0359375
0 0.32421875 0.88984375 0.13359375 0.034375
0 0.47421875 0.52265625 0.07265625 0.04140625
0 0.4703125 0.5640625 0.1140625 0.046875
1 0.434375 0.63515625 0.32734375 0.12109375
0 0.9296875 0.26171875 0.12734375 0.184375
1 0.075 0.3421875 0.15 0.15546875
0 0.03203125 0.75703125 0.04140625 0.03359375
0 0.72265625 0.540625 0.0625 0.0421875
0 0.6890625 0.39140625 0.04609375 0.0421875
1 0.43671875 0.55078125 0.3484375 0.1359375
0 0.51015625 0.52890625 0.01484375 0.01328125
0 0.2671875 0.725 0.01875 0.0171875
0 0.415625 0.6453125 0.0359375 0.015625
0 0.40078125 0.57109375 0.0171875 0.00859375
0 0.2296875 0.27734375 0.02265625 0.0203125
0 0.01015625 0.13984375 0.0203125 0.01875
0 0.16953125 0.08125 0.05234375 0.01015625
0 0.8609375 0.26953125 0.0171875 0.0140625
0 0.07421875 0.31875 0.03125 0.05703125
0 0.0390625 0.35546875 0.01875 0.02734375
0 0.0125 0.34296875 0.025 0.0171875
0 0.05625 0.5171875 0.02109375 0.0140625
0 0.25078125 0.5078125 0.01015625 0.0109375
0 0.51875 0.73984375 0.0140625 0.01875