0 0.0828125 0.8234375 0.15390625 0.04765625
0 0.8515625 0.1375 0.10625 0.06328125
0 0.2859375 0.7390625 0.13125 0.07265625
0 0.5828125 0.31640625 0.1234375 0.0875
0 0.5171875 0.81328125 0.14375 0.04140625
0 0.48828125 0.2640625 0.09765625 0.05859375
0 0.8828125 0.21328125 0.0671875 0.0453125
0 0.803125 0.35 0.05625 0.04765625
0 0.69921875 0.46796875 0.0484375 0.053125
0 0.11328125 0.4203125 0.0875 0.04375
0 0.2140625 0.08671875 0.03359375 0.03515625
0 0.18671875 0.084375 0.0265625 0.0265625
0 0.98203125 0.1984375 0.0359375 0.025
0 0.80390625 0.340625 0.0515625 0.028125
0 0.0671875 0.5328125 0.05859375 0.021875
0 0.9578125 0.59609375 0.03125 0.0171875
0 0.79609375 0.609375 0.0234375 0.0125
0 0.9125 0.60546875 0.02734375 0.01953125
0 0.8890625 0.65703125 0.0140625 0.01171875
0 0.21875 0.71015625 0.0546875 0.028125
0 0.7671875 0.7171875 0.02109375 0.0109375
1 0.2796875 0.31640625 0.3828125 0.17265625
1 0.15625 0.38203125 0.29140625 0.14140625
0 0.1765625 0.390625 0.3390625 0.15859375
0 0.2953125 0.334375 0.02734375 0.01640625
0 0.30078125 0.08359375 0.0984375 0.01875
0 0.97265625 0.34765625 0.05390625 0.0265625
0 0.08984375 0.08828125 0.0125 0.0234375