0 0.15546875 0.84921875 0.14609375 0.03828125
0 0.7703125 0.11640625 0.0953125 0.05703125
0 0.33984375 0.75234375 0.1171875 0.06484375
0 0.5421875 0.3125 0.1078125 0.08046875
0 0.58515625 0.81015625 0.1375 0.03203125
0 0.43671875 0.26640625 0.0859375 0.053125
0 0.81796875 0.1890625 0.05859375 0.04140625
0 0.76796875 0.33046875 0.04609375 0.0453125
0 0.69140625 0.4546875 0.0375 0.0515625
0 0.0984375 0.44765625 0.0796875 0.0390625
0 0.1265625 0.109375 0.0265625 0.03359375
0 0.09921875 0.109375 0.02109375 0.025
0 0.9234375 0.16796875 0.05 0.021875
0 0.7671875 0.3203125 0.04609375 0.025
0 0.98671875 0.234375 0.02109375 0.025
0 0.07734375 0.5625 0.0546875 0.01796875
0 0.97578125 0.5640625 0.02890625 0.01484375
0 0.81796875 0.58828125 0.02109375 0.0109375
0 0.93203125 0.57578125 0.0234375 0.01796875
0 0.9203125 0.6296875 0.0109375 0.0109375
0 0.26640625 0.72734375 0.05 0.025
0 0.81171875 0.696875 0.01875 0.01015625
1 0.24140625 0.3328125 0.35234375 0.15
1 0.1328125 0.40546875 0.265625 0.1234375
0 0.15546875 0.4140625 0.3109375 0.13828125
0 0.2609375 0.34921875 0.025 0.01484375
0 0.21171875 0.1 0.09609375 0.0125
0 0.9359375 0.31640625 0.0484375 0.0234375
0 0.00390625 0.11953125 0.0078125 0.0234375