0 0.0890625 0.36796875 0.12734375 0.07578125
0 0.82109375 0.55625 0.15859375 0.0734375
0 0.9203125 0.50546875 0.1078125 0.05703125
0 0.75 0.678125 0.0859375 0.03359375
0 0.54609375 0.6140625 0.09609375 0.0296875
0 0.6609375 0.28671875 0.08125 0.0515625
0 0.7671875 0.67890625 0.05234375 0.03046875
0 0.8796875 0.815625 0.04609375 0.01640625
0 0.4640625 0.2546875 0.04140625 0.03359375
0 0.3046875 0.75234375 0.03125 0.01796875
0 0.2890625 0.6609375 0.0234375 0.0140625
0 0.2921875 0.72578125 0.0359375 0.01640625
0 0.20078125 0.7109375 0.02109375 0.00859375
0 0.1421875 0.33125 0.0515625 0.03203125
0 0.1015625 0.63828125 0.0203125 0.01171875
1 0.83828125 0.3859375 0.3234375 0.221875
1 0.72734375 0.31328125 0.2625 0.16875
0 0.7109375 0.32421875 0.29609375 0.19609375
0 0.80546875 0.39375 0.0296875 0.01640625
0 0.74609375 0.7734375 0.0484375 0.03125