1 0.26796875 0.3375 0.09375 0.06484375
1 0.3078125 0.26171875 0.07734375 0.0625
1 0.18125 0.63984375 0.0796875 0.071875
0 0.6171875 0.75703125 0.05625 0.04765625
0 0.6859375 0.52578125 0.06015625 0.046875
1 0.38828125 0.22890625 0.0765625 0.065625
0 0.7171875 0.7765625 0.0671875 0.06171875
0 0.2 0.309375 0.04609375 0.03125
0 0.21640625 0.70234375 0.04765625 0.03125
1 0.1078125 0.5953125 0.08984375 0.0640625
0 0.1171875 0.35390625 0.04765625 0.03125
0 0.92734375 0.42578125 0.05390625 0.0359375
0 0.6390625 0.5734375 0.06015625 0.05078125
0 0.89609375 0.39140625 0.06015625 0.04296875
0 0.7421875 0.496875 0.04765625 0.05078125
1 0.31640625 0.4125 0.0953125 0.0625
0 0.6421875 0.59765625 0.04140625 0.03828125
0 0.3546875 0.6953125 0.08984375 0.0328125
0 0.9359375 0.69140625 0.03359375 0.02421875
0 0.98125 0.6953125 0.02109375 0.028125
0 0.5 0.73046875 0.025 0.0171875
0 0.4953125 0.7046875 0.0203125 0.0171875
0 0.2859375 0.6875 0.0359375 0.01484375
0 0.796875 0.47578125 0.03515625 0.03125
0 0.82265625 0.5109375 0.0296875 0.02421875
0 0.828125 0.42890625 0.0109375 0.0078125
0 0.95546875 0.62578125 0.03359375 0.0265625
0 0.9875 0.3546875 0.01875 0.0140625
0 0.73828125 0.6671875 0.01484375 0.0140625
0 0.7578125 0.5078125 0.03515625 0.03125
0 0.7109375 0.53515625 0.03359375 0.03125
0 0.8265625 0.4078125 0.0171875 0.01328125
0 0.48125 0.63203125 0.03359375 0.025
0 0.4078125 0.57109375 0.03984375 0.028125
0 0.39609375 0.58515625 0.0390625 0.025
0 0.3859375 0.39609375 0.0421875 0.0296875
0 0.465625 0.39765625 0.03515625 0.02265625
0 0.5265625 0.3421875 0.0265625 0.015625
0 0.49375 0.53046875 0.0265625 0.01953125
0 0.44296875 0.47265625 0.025 0.01796875
0 0.44609375 0.39765625 0.03125 0.02265625
0 0.37734375 0.60859375 0.0203125 0.01328125
0 0.3484375 0.64609375 0.0171875 0.01015625
0 0.4046875 0.49140625 0.0171875 0.01328125
0 0.26953125 0.596875 0.02109375 0.01796875
0 0.1046875 0.3828125 0.0421875 0.02265625
0 0.02265625 0.53203125 0.0296875 0.0234375
0 0.1890625 0.5921875 0.04140625 0.0296875
0 0.259375 0.64296875 0.0390625 0.03203125
0 0.19375 0.5625 0.0328125 0.02265625
0 0.1875 0.3671875 0.0390625 0.021875
0 0.1765625 0.49453125 0.02890625 0.0171875
0 0.26328125 0.45 0.03125 0.01796875
0 0.0171875 0.47265625 0.03359375 0.0203125
0 0.5015625 0.31953125 0.02734375 0.01796875
0 0.4515625 0.28046875 0.025 0.01484375
0 0.12734375 0.25078125 0.0171875 0.0125
0 0.1515625 0.24921875 0.0109375 0.00859375
0 0.2859375 0.25703125 0.0109375 0.0078125
0 0.903125 0.278125 0.01875 0.0140625
0 0.75859375 0.28828125 0.01875 0.0140625
0 0.6765625 0.37265625 0.01875 0.0140625
0 0.7234375 0.36796875 0.00859375 0.0078125
0 0.65390625 0.409375 0.0171875 0.01328125
0 0.6765625 0.56328125 0.0390625 0.034375
0 0.60390625 0.61328125 0.03515625 0.03359375
0 0.309375 0.4796875 0.02890625 0.0234375
0 0.33515625 0.478125 0.0265625 0.01796875
0 0.3546875 0.48671875 0.03125 0.01796875
0 0.32421875 0.49453125 0.0359375 0.021875
0 0.35390625 0.503125 0.03125 0.025
0 0.32265625 0.51484375 0.0328125 0.02734375
0 0.2546875 0.44140625 0.02109375 0.01328125
0 0.28515625 0.44921875 0.00859375 0.00625
0 0.32109375 0.3859375 0.00859375 0.00546875
1 0.2046875 0.4734375 0.09375 0.06484375
1 0.2109375 0.490625 0.20625 0.1375
1 0.390625 0.3890625 0.09375 0.0484375
0 0.13046875 0.40234375 0.0421875 0.03125
0 0.00703125 0.45703125 0.01015625 0.0109375