1 0.7390625 0.65625 0.09140625 0.06171875
1 0.70390625 0.73359375 0.075 0.0609375
1 0.81171875 0.3515625 0.0765625 0.0703125
0 0.3703125 0.246875 0.05390625 0.046875
0 0.3125 0.47890625 0.0578125 0.0453125
1 0.62421875 0.7671875 0.0734375 0.0640625
0 0.2703125 0.22890625 0.06484375 0.06015625
0 0.80859375 0.68203125 0.0453125 0.0296875
0 0.77421875 0.290625 0.04609375 0.0296875
1 0.8875 0.39453125 0.0875 0.06171875
0 0.8890625 0.63515625 0.04609375 0.0296875
0 0.0765625 0.58515625 0.05234375 0.034375
0 0.3578125 0.43046875 0.0578125 0.0484375
0 0.10859375 0.61875 0.0578125 0.04140625
0 0.2578125 0.509375 0.0453125 0.05
1 0.6875 0.5828125 0.0921875 0.06015625
0 0.35390625 0.40546875 0.03984375 0.0375
0 0.6359375 0.3015625 0.0890625 0.03125
0 0.0546875 0.3203125 0.0328125 0.0234375
0 0.01015625 0.3171875 0.0203125 0.02734375
0 0.4890625 0.26953125 0.0234375 0.015625
0 0.4953125 0.2953125 0.01875 0.015625
0 0.7046875 0.30703125 0.03515625 0.0140625
0 0.2046875 0.53203125 0.03359375 0.0296875
0 0.1765625 0.496875 0.02890625 0.0234375
0 0.17578125 0.57890625 0.0109375 0.0078125
0 0.0390625 0.38671875 0.0328125 0.025
0 0.01953125 0.6578125 0.01875 0.01328125
0 0.2546875 0.33984375 0.0140625 0.0140625
0 0.2421875 0.4984375 0.03359375 0.0296875
0 0.2875 0.4703125 0.0328125 0.0296875
0 0.17734375 0.60078125 0.0171875 0.01328125
0 0.5125 0.3671875 0.0328125 0.02421875
0 0.5890625 0.4265625 0.0390625 0.02734375
0 0.6 0.4125 0.0375 0.02421875
0 0.61953125 0.6 0.04140625 0.02890625
0 0.5390625 0.6015625 0.03359375 0.021875
0 0.48125 0.6578125 0.025 0.01484375
0 0.5046875 0.46953125 0.025 0.01875
0 0.5578125 0.52578125 0.0234375 0.0171875
0 0.55859375 0.6015625 0.0296875 0.021875
0 0.6171875 0.38828125 0.0203125 0.0125
0 0.6453125 0.35 0.0171875 0.01015625
0 0.59609375 0.50625 0.0171875 0.01328125
0 0.7265625 0.39765625 0.0203125 0.0171875
0 0.90078125 0.60703125 0.04140625 0.021875
0 0.97578125 0.45546875 0.02890625 0.02265625
0 0.80625 0.4 0.03984375 0.02890625
0 0.73359375 0.35078125 0.0375 0.03125
0 0.803125 0.4296875 0.03125 0.021875
0 0.81875 0.62421875 0.0375 0.0203125
0 0.8234375 0.496875 0.02734375 0.015625
0 0.7390625 0.54375 0.0296875 0.0171875
0 0.98359375 0.51484375 0.0328125 0.01953125
0 0.50703125 0.68046875 0.0265625 0.0171875
0 0.5578125 0.71875 0.0234375 0.0140625
0 0.88359375 0.7390625 0.0171875 0.0125
0 0.859375 0.7421875 0.0109375 0.00859375
0 0.72578125 0.7375 0.0109375 0.0078125
0 0.1078125 0.73203125 0.0171875 0.0140625
0 0.2515625 0.71796875 0.0171875 0.0140625
0 0.3296875 0.63203125 0.0171875 0.0140625
0 0.2828125 0.6375 0.00859375 0.0078125
0 0.35078125 0.59453125 0.0171875 0.01328125
0 0.3203125 0.44140625 0.0375 0.03359375
0 0.39140625 0.3890625 0.03359375 0.0328125
0 0.69140625 0.51484375 0.02734375 0.02265625
0 0.665625 0.51796875 0.025 0.0171875
0 0.6453125 0.51015625 0.0296875 0.0171875
0 0.67578125 0.50078125 0.03515625 0.0203125
0 0.64609375 0.49296875 0.0296875 0.02421875
0 0.6765625 0.48046875 0.03125 0.0265625
0 0.74765625 0.55234375 0.02109375 0.0125
0 0.7171875 0.5453125 0.00859375 0.00625
0 0.68359375 0.609375 0.00859375 0.00546875
1 0.796875 0.51875 0.09140625 0.06171875
1 0.7890625 0.5015625 0.2 0.1328125
1 0.6140625 0.60859375 0.09140625 0.04609375
0 0.8734375 0.58828125 0.04140625 0.0296875
0 0.99453125 0.52890625 0.0109375 0.0109375