1 0.6953125 0.3125 0.0875 0.07109375
1 0.8 0.33515625 0.08515625 0.059375
1 0.2859375 0.27421875 0.09765625 0.0609375
0 0.16953125 0.61015625 0.06484375 0.04296875
0 0.48203125 0.64140625 0.0625 0.0453125
1 0.85 0.39296875 0.0890625 0.0578125
0 0.15078125 0.68671875 0.08359375 0.0515625
0 0.7265625 0.259375 0.0421875 0.0359375
0 0.20703125 0.30546875 0.0421875 0.03671875
1 0.3390625 0.215625 0.0875 0.06875
0 0.66015625 0.2015625 0.0421875 0.03671875
0 0.6359375 0.81328125 0.0484375 0.04140625
0 0.4140625 0.61015625 0.0671875 0.04609375
0 0.678125 0.78671875 0.0578125 0.0453125
0 0.525 0.68125 0.06875 0.03671875
1 0.60078125 0.35546875 0.08515625 0.071875
0 0.3828125 0.6140625 0.05234375 0.03203125
0 0.228125 0.40859375 0.04609375 0.06875
0 0.28359375 0.8421875 0.0328125 0.025
0 0.2828125 0.8765625 0.0375 0.015625
0 0.19375 0.5203125 0.02265625 0.01875
0 0.228125 0.5140625 0.02265625 0.01484375
0 0.23203125 0.35625 0.0203125 0.02734375
0 0.55859375 0.71953125 0.04140625 0.02734375
0 0.51328125 0.7421875 0.0328125 0.02265625
0 0.62265625 0.73828125 0.01015625 0.00859375
0 0.3734375 0.8515625 0.03515625 0.025
0 0.7359375 0.8515625 0.01875 0.01484375
0 0.29921875 0.6921875 0.0203125 0.0109375
0 0.51171875 0.69375 0.04140625 0.02734375
0 0.471875 0.6609375 0.04140625 0.0265625
0 0.6515625 0.7359375 0.01875 0.0140625
0 0.32265625 0.49765625 0.03359375 0.025
0 0.3984375 0.43671875 0.0390625 0.0296875
0 0.378125 0.4296875 0.03515625 0.02890625
0 0.62734375 0.40546875 0.04140625 0.0328125
0 0.6328125 0.465625 0.0296875 0.0265625
0 0.7109375 0.50546875 0.02109375 0.01953125
0 0.459375 0.49765625 0.0265625 0.01953125
0 0.53125 0.4546875 0.0234375 0.01875
0 0.63203125 0.45078125 0.0296875 0.0234375
0 0.3453125 0.41796875 0.0171875 0.015625
0 0.2921875 0.39921875 0.01484375 0.0140625
0 0.503125 0.428125 0.01875 0.0140625
0 0.3515625 0.3359375 0.0234375 0.015625
0 0.62109375 0.19453125 0.03125 0.03203125
0 0.415625 0.14609375 0.03125 0.02265625
0 0.35078125 0.27578125 0.04140625 0.03203125
0 0.2890625 0.3328125 0.04375 0.0296875
0 0.390625 0.2765625 0.0296875 0.02421875
0 0.6484375 0.2546875 0.0296875 0.02890625
0 0.4796875 0.2578125 0.02265625 0.021875
0 0.5453125 0.31875 0.0234375 0.0234375
0 0.49453125 0.13671875 0.02734375 0.025
0 0.73984375 0.48515625 0.0234375 0.0203125
0 0.7875 0.4453125 0.0203125 0.01875
0 0.7984375 0.2 0.0171875 0.0140625
0 0.803125 0.21875 0.0109375 0.00859375
0 0.8046875 0.31875 0.01015625 0.00859375
0 0.8296875 0.78125 0.0203125 0.0140625
0 0.803125 0.675 0.0203125 0.0140625
0 0.684375 0.6203125 0.0203125 0.0140625
0 0.6953125 0.65546875 0.01015625 0.00625
0 0.63359375 0.60703125 0.01875 0.0140625
0 0.43125 0.6375 0.04765625 0.0296875
0 0.3578125 0.5875 0.0453125 0.02734375
0 0.51015625 0.35625 0.03125 0.021875
0 0.51484375 0.375 0.0234375 0.01953125
0 0.50546875 0.390625 0.0234375 0.0234375
0 0.4921875 0.36796875 0.02890625 0.02734375
0 0.4828125 0.390625 0.03359375 0.0234375
0 0.46484375 0.36875 0.0359375 0.02421875
0 0.55625 0.31171875 0.0171875 0.0171875
0 0.5484375 0.334375 0.00859375 0.00625
0 0.6359375 0.35625 0.0078125 0.00625
1 0.509375 0.2765625 0.0875 0.07109375
1 0.4875 0.28359375 0.1875 0.15625
1 0.63828125 0.40859375 0.06640625 0.0703125
0 0.59765625 0.215625 0.0421875 0.0328125
0 0.5140625 0.128125 0.01484375 0.00859375