0 0.8140625 0.42578125 0.11640625 0.05703125
0 0.76875 0.459375 0.0796875 0.0390625
0 0.2390625 0.50703125 0.1453125 0.04296875
0 0.578125 0.4453125 0.09375 0.0296875
0 0.65234375 0.28359375 0.09765625 0.021875
0 0.6578125 0.2625 0.0828125 0.01953125
0 0.296875 0.4265625 0.0640625 0.02265625
0 0.66953125 0.49296875 0.06640625 0.0203125
0 0.6625 0.65234375 0.07734375 0.02265625
0 0.88359375 0.5390625 0.0671875 0.02109375
0 0.2171875 0.68515625 0.17265625 0.01875
0 0.72890625 0.5234375 0.075 0.0171875
0 0.1015625 0.44765625 0.1640625 0.01328125
0 0.29375 0.65390625 0.14765625 0.01640625
0 0.603125 0.33359375 0.04140625 0.0234375
0 0.109375 0.60703125 0.0515625 0.0203125
0 0.29765625 0.62421875 0.0375 0.01796875
0 0.1515625 0.65078125 0.0390625 0.0140625
0 0.1859375 0.4640625 0.03125 0.0109375
0 0.1421875 0.59140625 0.02734375 0.01328125
0 0.203125 0.5375 0.0234375 0.025
0 0.2796875 0.4796875 0.06640625 0.0109375
0 0.3109375 0.4953125 0.0234375 0.009375
0 0.0140625 0.41171875 0.028125 0.0140625
0 0.56328125 0.38828125 0.04140625 0.021875
0 0.471875 0.590625 0.02890625 0.01953125
0 0.353125 0.5265625 0.04140625 0.0140625
0 0.715625 0.55859375 0.04140625 0.01953125
0 0.75 0.3671875 0.0453125 0.02109375
0 0.83515625 0.47421875 0.0375 0.01796875
0 0.965625 0.60078125 0.0515625 0.0234375
0 0.69296875 0.4046875 0.0390625 0.02109375
0 0.8125 0.61875 0.0375 0.015625
0 0.74296875 0.5890625 0.0484375 0.009375
0 0.10703125 0.73359375 0.0390625 0.01953125
0 0.328125 0.67109375 0.17265625 0.01171875
0 0.40078125 0.71640625 0.05390625 0.0171875
0 0.465625 0.75234375 0.05390625 0.00859375
0 0.78203125 0.71796875 0.0359375 0.01171875
0 0.8734375 0.7046875 0.01484375 0.00703125
0 0.99140625 0.7359375 0.01484375 0.00625
0 0.97734375 0.3765625 0.0453125 0.01953125
0 0.68671875 0.50625 0.08125 0.01953125
0 0.73125 0.5203125 0.02109375 0.00546875