0 0.82734375 0.43828125 0.1265625 0.06171875
0 0.77578125 0.4703125 0.0875 0.04140625
0 0.23828125 0.496875 0.15234375 0.04921875
0 0.5890625 0.4484375 0.0984375 0.03359375
0 0.69375 0.290625 0.1015625 0.02578125
0 0.703125 0.26953125 0.0859375 0.0234375
0 0.31171875 0.41953125 0.0671875 0.025
0 0.6703125 0.49921875 0.0703125 0.02265625
0 0.6328125 0.65859375 0.08125 0.025
0 0.875 0.55390625 0.07109375 0.0234375
0 0.1828125 0.6734375 0.175 0.025
0 0.7234375 0.5328125 0.07734375 0.01953125
0 0.1140625 0.43203125 0.16640625 0.01953125
0 0.26484375 0.6453125 0.15 0.021875
0 0.63515625 0.3390625 0.04609375 0.025
0 0.08984375 0.59140625 0.0546875 0.021875
0 0.27421875 0.615625 0.04140625 0.01953125
0 0.1234375 0.6359375 0.04140625 0.015625
0 0.19375 0.4515625 0.03359375 0.01171875
0 0.1265625 0.57734375 0.0296875 0.01484375
0 0.196875 0.52578125 0.02890625 0.025
0 0.284375 0.47109375 0.0671875 0.01328125
0 0.3125 0.48828125 0.025 0.01015625
0 0.0328125 0.39296875 0.03125 0.015625
0 0.584375 0.39140625 0.0453125 0.0234375
0 0.4546875 0.5890625 0.0328125 0.0203125
0 0.3484375 0.5203125 0.04375 0.015625
0 0.70390625 0.56640625 0.0453125 0.02109375
0 0.775 0.37734375 0.0484375 0.02265625
0 0.8390625 0.4875 0.04140625 0.01953125
0 0.94453125 0.61875 0.05625 0.025
0 0.7109375 0.4125 0.0421875 0.02265625
0 0.78828125 0.63046875 0.03984375 0.0171875
0 0.725 0.5984375 0.05 0.0109375
0 0.06328125 0.7171875 0.0421875 0.02109375
0 0.2953125 0.66328125 0.1734375 0.01875
0 0.359375 0.71171875 0.0578125 0.01953125
0 0.4171875 0.75 0.0546875 0.0109375
0 0.7390625 0.728125 0.0390625 0.01328125
0 0.8328125 0.71796875 0.01640625 0.00703125
0 0.94375 0.75390625 0.01640625 0.00703125
0 0.9875 0.3953125 0.025 0.02109375
0 0.68515625 0.51328125 0.08515625 0.0234375
0 0.7265625 0.5296875 0.02265625 0.00625