1 0.7828125 0.46328125 0.3640625 0.2359375
1 0.3453125 0.2796875 0.27734375 0.14765625
1 0.55234375 0.28515625 0.11015625 0.15703125
0 0.18515625 0.54609375 0.05390625 0.0359375
0 0.56328125 0.5625 0.06484375 0.0421875
0 0.61328125 0.55625 0.05625 0.04296875
0 0.15078125 0.35703125 0.02109375 0.021875
0 0.1515625 0.11328125 0.0359375 0.0171875
0 0.41015625 0.4984375 0.0359375 0.025
0 0.365625 0.12578125 0.06015625 0.01953125
0 0.73984375 0.1421875 0.03984375 0.0140625
0 0.85859375 0.57421875 0.02734375 0.021875
0 0.88671875 0.5484375 0.0296875 0.0265625
0 0.6953125 0.15 0.0375 0.034375
0 0.6578125 0.1359375 0.02109375 0.00859375
0 0.2765625 0.22734375 0.00859375 0.00546875
0 0.4 0.4671875 0.0453125 0.0296875