1 0.56875 0.709375 0.28984375 0.25859375
1 0.7828125 0.36875 0.17734375 0.2
1 0.7890625 0.52421875 0.20234375 0.07265625
0 0.4171875 0.2671875 0.04375 0.03828125
0 0.42109375 0.5515625 0.05234375 0.04609375
0 0.4328125 0.5890625 0.05390625 0.0390625
0 0.8515625 0.10625 0.0796875 0.02734375
0 0.66484375 0.228125 0.02734375 0.01484375
0 0.9890625 0.2125 0.0203125 0.0265625
0 0.4953125 0.43203125 0.03125 0.025
0 0.9875 0.3734375 0.02265625 0.04375
0 0.99140625 0.65390625 0.0171875 0.0296875
0 0.4265625 0.77421875 0.02734375 0.01953125
0 0.5078125 0.90625 0.0296875 0.0203125
0 0.46171875 0.79375 0.03359375 0.0203125
0 0.9875 0.9296875 0.025 0.0234375
0 0.978125 0.621875 0.04375 0.0265625
0 0.99453125 0.59140625 0.0109375 0.0140625
0 0.846875 0.31328125 0.0078125 0.00625
0 0.86953125 0.10234375 0.02890625 0.009375
0 0.85703125 0.09296875 0.075 0.03203125
0 0.53671875 0.42265625 0.0375 0.03203125