1 0.63515625 0.64453125 0.1046875 0.07890625
1 0.48515625 0.54140625 0.0921875 0.0953125
1 0.5390625 0.47578125 0.09765625 0.0984375
0 0.03984375 0.51015625 0.07734375 0.06640625
1 0.7671875 0.47265625 0.1109375 0.08984375
0 0.73125 0.7640625 0.0703125 0.03359375
0 0.8890625 0.290625 0.07109375 0.04296875
0 0.86953125 0.34453125 0.06640625 0.059375
1 0.378125 0.26015625 0.125 0.22890625
0 0.28671875 0.78203125 0.04609375 0.06484375
0 0.92109375 0.2453125 0.0796875 0.04609375
1 0.4703125 0.24140625 0.08984375 0.09453125
0 0.96875 0.1921875 0.0625 0.04296875
0 0.97265625 0.334375 0.0546875 0.0375
0 0.17109375 0.63203125 0.0453125 0.07109375
0 0.415625 0.496875 0.04140625 0.034375
0 0.778125 0.26484375 0.04140625 0.03828125
1 0.7171875 0.2828125 0.1359375 0.2171875
1 0.6640625 0.3625 0.0984375 0.090625
0 0.4046875 0.46875 0.05234375 0.028125
1 0.71328125 0.20234375 0.05625 0.04140625
0 0.59609375 0.36015625 0.0578125 0.046875
0 0.81796875 0.6796875 0.03359375 0.01484375
0 0.5359375 0.70234375 0.0328125 0.021875
0 0.3640625 0.703125 0.0328125 0.01484375
0 0.0171875 0.803125 0.025 0.028125
0 0.1140625 0.68359375 0.0265625 0.01796875
0 0.0859375 0.74921875 0.0328125 0.015625
0 0.1609375 0.6921875 0.01875 0.034375
0 0.8203125 0.60234375 0.03515625 0.01953125
0 0.80859375 0.56015625 0.025 0.0203125
0 0.8078125 0.47265625 0.0296875 0.0328125
0 0.76171875 0.378125 0.0390625 0.0234375
0 0.64296875 0.59609375 0.02890625 0.0171875
0 0.1296875 0.49375 0.0203125 0.02734375
0 0.2984375 0.5859375 0.0203125 0.01484375
0 0.14609375 0.57578125 0.0171875 0.021875
0 0.22109375 0.578125 0.0171875 0.01484375
0 0.17421875 0.3953125 0.0109375 0.00859375
0 0.14375 0.65859375 0.0125 0.0171875
0 0.3671875 0.1890625 0.01640625 0.0171875
0 0.171875 0.33203125 0.03125 0.0109375
0 0.0796875 0.33671875 0.01875 0.0140625
0 0.8046875 0.74296875 0.0328125 0.01796875
0 0.7640625 0.2421875 0.02890625 0.02421875
0 0.35625 0.1640625 0.0265625 0.01328125
0 0.4484375 0.24296875 0.0234375 0.02734375
0 0.36640625 0.3765625 0.04140625 0.03359375
0 0.28828125 0.34609375 0.03359375 0.01328125
0 0.2578125 0.3421875 0.0296875 0.01328125
0 0.0703125 0.3828125 0.00859375 0.01015625
0 0.04765625 0.2078125 0.00859375 0.0140625
0 0.0453125 0.24921875 0.01015625 0.01328125
0 0.05546875 0.21015625 0.01640625 0.2171875
0 0.0796875 0.415625 0.05859375 0.19296875
0 0.1015625 0.45390625 0.05859375 0.21640625
0 0.1765625 0.71640625 0.01640625 0.00625
0 0.15234375 0.6375 0.0609375 0.15078125
0 0.41796875 0.34375 0.01015625 0.02265625