1 0.26171875 0.34375 0.16875 0.22890625
1 0.8546875 0.675 0.05625 0.046875
0 0.5421875 0.79453125 0.05 0.0421875
1 0.8265625 0.25546875 0.1421875 0.1921875
1 0.57109375 0.7390625 0.05859375 0.0421875
0 0.00546875 0.71640625 0.0109375 0.02890625
0 0.0546875 0.79765625 0.05 0.03125
0 0.48515625 0.44765625 0.0578125 0.06171875
0 0.09140625 0.63125 0.02265625 0.01953125
0 0.1296875 0.68203125 0.0171875 0.01484375
0 0.14453125 0.62265625 0.01875 0.01328125
0 0.14296875 0.75625 0.0125 0.025
0 0.3765625 0.72734375 0.03984375 0.02734375
0 0.3703125 0.1765625 0.02265625 0.01875
0 0.37265625 0.21953125 0.01875 0.0171875
0 0.53828125 0.19453125 0.01640625 0.0125
0 0.390625 0.2375 0.01484375 0.0125
0 0.38984375 0.20546875 0.0171875 0.0171875
0 0.384375 0.17421875 0.0125 0.0125
0 0.35859375 0.2171875 0.0140625 0.0125
0 0.7546875 0.315625 0.0265625 0.01953125
0 0.1234375 0.8609375 0.0296875 0.01796875
0 0.1015625 0.8625 0.0171875 0.01484375
0 0.153125 0.59140625 0.0140625 0.0109375
1 0.15078125 0.1328125 0.05390625 0.025
1 0.23671875 0.1421875 0.21015625 0.04296875
1 0.2046875 0.25546875 0.1828125 0.1953125
0 0.41171875 0.571875 0.0453125 0.06640625
0 0.59296875 0.38671875 0.0171875 0.0171875
0 0.58125 0.37109375 0.01015625 0.00625
0 0.64765625 0.33984375 0.01484375 0.00625
0 0.6140625 0.1578125 0.0125 0.01015625
1 0.54140625 0.28359375 0.1046875 0.1515625
1 0.62890625 0.246875 0.11015625 0.22421875
1 0.59609375 0.2671875 0.26875 0.2859375
1 0.60234375 0.26875 0.2703125 0.28828125
1 0.4046875 0.63828125 0.1484375 0.19765625
1 0.46875 0.5140625 0.27109375 0.28828125
1 0.39921875 0.484375 0.23125 0.17265625
0 0.378125 0.19609375 0.01640625 0.0203125
0 0.3109375 0.33046875 0.0109375 0.0109375
0 0.303125 0.3359375 0.0140625 0.0125
0 0.2421875 0.2484375 0.01484375 0.01015625
0 0.24375 0.2375 0.0171875 0.0140625
0 0.2046875 0.3828125 0.01875 0.0125
0 0.228125 0.153125 0.0171875 0.009375
0 0.21484375 0.14609375 0.03125 0.00859375
0 0.20703125 0.140625 0.01875 0.0078125
0 0.8390625 0.1890625 0.0171875 0.015625