1 0.70390625 0.31875 0.30234375 0.12265625
1 0.2734375 0.76875 0.0609375 0.04140625
0 0.1078125 0.53671875 0.0546875 0.03671875
1 0.83125 0.740625 0.25390625 0.103125
1 0.1828125 0.5578125 0.0546875 0.04296875
0 0.2015625 0.1203125 0.0390625 0.0359375
0 0.95390625 0.109375 0.03984375 0.034375
0 0.0953125 0.17109375 0.03984375 0.03671875
0 0.56953125 0.4875 0.08125 0.0421875
0 0.2828125 0.1046875 0.0390625 0.03203125
0 0.31796875 0.19609375 0.0265625 0.0171875
0 0.2515625 0.22578125 0.0203125 0.01328125
0 0.3296875 0.2359375 0.0171875 0.0140625
0 0.1515625 0.2375 0.03359375 0.009375
0 0.1953125 0.41171875 0.03515625 0.0296875
0 0.92890625 0.39765625 0.025 0.0171875
0 0.87109375 0.4 0.02265625 0.0140625
0 0.9078125 0.5234375 0.01640625 0.0125
0 0.8484375 0.41328125 0.01640625 0.0109375
0 0.89140625 0.4125 0.02265625 0.01328125
0 0.9328125 0.4078125 0.01640625 0.009375
0 0.87421875 0.3890625 0.01640625 0.01015625
0 0.75078125 0.6875 0.0265625 0.01953125
0 0.01171875 0.22421875 0.0234375 0.02265625
0 0.01015625 0.2078125 0.0203125 0.01328125
0 0.371875 0.24140625 0.01484375 0.01015625
0 0.32734375 0.08671875 0.0296875 0.0109375
1 0.98515625 0.09296875 0.0296875 0.028125
1 0.98359375 0.23125 0.0328125 0.040625
1 0.97265625 0.296875 0.0546875 0.15625
1 0.8203125 0.27421875 0.2578125 0.1328125
0 0.40234375 0.43515625 0.0875 0.0328125
0 0.65234375 0.56796875 0.02265625 0.01328125
0 0.6734375 0.55859375 0.00859375 0.0078125
0 0.71640625 0.6078125 0.00859375 0.0109375
0 0.95859375 0.57890625 0.0140625 0.009375
1 0.7890625 0.52734375 0.2015625 0.07578125
1 0.83984375 0.5921875 0.29765625 0.07890625
1 0.81171875 0.56796875 0.3765625 0.196875
1 0.81015625 0.57265625 0.3796875 0.19765625
1 0.3140625 0.43046875 0.2609375 0.1078125
1 0.48046875 0.47734375 0.3796875 0.1984375
1 0.51875 0.42421875 0.2265625 0.1703125
0 0.903125 0.403125 0.02734375 0.0125
0 0.7234375 0.35546875 0.01484375 0.00859375
0 0.71484375 0.34921875 0.01640625 0.01015625
0 0.83125 0.30234375 0.0140625 0.0109375
0 0.84609375 0.303125 0.01875 0.01328125
0 0.6515625 0.2765625 0.01640625 0.0140625
0 0.9578125 0.28984375 0.0125 0.01328125
0 0.9671875 0.28046875 0.0109375 0.0234375
0 0.97421875 0.27421875 0.01015625 0.0140625
0 0.9203125 0.74921875 0.02109375 0.01328125