0 0.63515625 0.58515625 0.08515625 0.0671875
0 0.0828125 0.2 0.165625 0.128125
0 0.5546875 0.4609375 0.10859375 0.06640625
0 0.37890625 0.70703125 0.075 0.04765625
0 0.64921875 0.5484375 0.11640625 0.0671875
0 0.11640625 0.5875 0.08515625 0.08125
0 0.9234375 0.4078125 0.0625 0.0453125
0 0.0734375 0.3234375 0.075 0.065625
0 0.93046875 0.45390625 0.05859375 0.0453125
0 0.5671875 0.5828125 0.0625 0.0703125
0 0.70234375 0.2640625 0.0453125 0.040625
0 0.5671875 0.51328125 0.04609375 0.0390625
0 0.5765625 0.29921875 0.08359375 0.04765625
0 0.5046875 0.4453125 0.0828125 0.0859375
0 0.53203125 0.503125 0.04609375 0.05
0 0.0609375 0.6015625 0.0953125 0.0765625
0 0.375 0.759375 0.06484375 0.025
0 0.409375 0.7390625 0.0640625 0.02734375
0 0.64609375 0.28515625 0.05234375 0.04140625
0 0.02890625 0.3359375 0.0578125 0.12109375
0 0.1265625 0.36875 0.03359375 0.0515625
0 0.271875 0.27265625 0.0265625 0.01875
0 0.52578125 0.32109375 0.02890625 0.01796875
0 0.65703125 0.2296875 0.03125 0.0296875
0 0.9109375 0.2890625 0.0296875 0.02890625
0 0.7625 0.17109375 0.03515625 0.0328125
0 0.8640625 0.184375 0.025 0.01796875
0 0.690625 0.28828125 0.0234375 0.015625
0 0.7734375 0.23203125 0.01875 0.0125
0 0.31640625 0.51953125 0.0296875 0.01796875
0 0.01171875 0.63828125 0.0234375 0.0484375
0 0.146875 0.37734375 0.0234375 0.0328125
0 0.5171875 0.646875 0.0328125 0.01796875
0 0.38203125 0.49375 0.0265625 0.0234375
0 0.3796875 0.4546875 0.0203125 0.040625
0 0.61171875 0.490625 0.0390625 0.025
0 0.54453125 0.63515625 0.04375 0.0203125
0 0.3671875 0.5015625 0.02109375 0.04140625
0 0.3375 0.53828125 0.01015625 0.0140625
0 0.971875 0.4453125 0.03125 0.028125
0 0.90703125 0.48125 0.02109375 0.0140625
0 0.215625 0.80078125 0.0265625 0.0140625
0 0.44140625 0.71640625 0.0328125 0.0171875
0 0.6890625 0.72890625 0.0203125 0.00859375
0 0.0453125 0.56015625 0.0453125 0.03125
0 0.8046875 0.5578125 0.00859375 0.00859375
0 0.6640625 0.30390625 0.025 0.01484375
0 0.7703125 0.23984375 0.02265625 0.00859375
0 0.7578125 0.2453125 0.0484375 0.01328125
0 0.759375 0.2578125 0.04609375 0.0140625