0 0.6328125 0.58671875 0.0859375 0.06875
0 0.08984375 0.1953125 0.16875 0.13046875
0 0.5546875 0.46171875 0.11015625 0.06875
0 0.3734375 0.70546875 0.0765625 0.0484375
0 0.6484375 0.55 0.1171875 0.06953125
0 0.1140625 0.58203125 0.0875 0.0828125
0 0.92578125 0.41328125 0.0640625 0.04609375
0 0.078125 0.31796875 0.0765625 0.06640625
0 0.93203125 0.459375 0.06015625 0.04609375
0 0.565625 0.58359375 0.0640625 0.07109375
0 0.7078125 0.26640625 0.04609375 0.04140625
0 0.56640625 0.51484375 0.04765625 0.040625
0 0.58125 0.3 0.08515625 0.0484375
0 0.50625 0.4453125 0.08515625 0.0875
0 0.53203125 0.503125 0.04765625 0.05078125
0 0.05859375 0.59609375 0.09609375 0.078125
0 0.36875 0.7578125 0.06484375 0.0265625
0 0.40390625 0.7375 0.0640625 0.028125
0 0.6515625 0.28671875 0.05390625 0.0421875
0 0.0328125 0.3296875 0.06015625 0.121875
0 0.1296875 0.3640625 0.03515625 0.0515625
0 0.27734375 0.26953125 0.0265625 0.01875
0 0.5296875 0.32109375 0.02890625 0.01796875
0 0.66328125 0.23125 0.0328125 0.0296875
0 0.91640625 0.29453125 0.03125 0.02890625
0 0.7703125 0.17421875 0.0359375 0.0328125
0 0.87109375 0.1890625 0.025 0.01796875
0 0.6953125 0.290625 0.0234375 0.015625
0 0.7796875 0.2359375 0.01875 0.0125
0 0.315625 0.5171875 0.0296875 0.01796875
0 0.0109375 0.63203125 0.02109375 0.0484375
0 0.15 0.37265625 0.025 0.0328125
0 0.5140625 0.646875 0.0328125 0.01796875
0 0.38203125 0.4921875 0.0265625 0.0234375
0 0.38125 0.45390625 0.02109375 0.040625
0 0.61171875 0.4921875 0.0390625 0.0265625
0 0.54140625 0.6359375 0.04375 0.021875
0 0.3671875 0.49921875 0.02265625 0.04140625
0 0.33671875 0.5359375 0.01015625 0.0140625
0 0.9734375 0.4515625 0.0328125 0.028125
0 0.9078125 0.48671875 0.02109375 0.0140625
0 0.20859375 0.796875 0.0265625 0.0140625
0 0.4359375 0.71484375 0.0328125 0.0171875
0 0.6828125 0.73125 0.0203125 0.00859375
0 0.04375 0.5546875 0.04609375 0.03203125
0 0.80390625 0.56171875 0.00859375 0.00859375
0 0.66796875 0.30625 0.025 0.01484375
0 0.7765625 0.24375 0.02265625 0.00859375
0 0.7640625 0.2484375 0.0484375 0.0140625
0 0.76484375 0.26171875 0.04609375 0.01484375