0 0.80546875 0.43203125 0.0984375 0.0984375
0 0.91953125 0.11328125 0.08359375 0.05703125
0 0.9078125 0.70078125 0.06640625 0.04609375
0 0.6890625 0.403125 0.10234375 0.0546875
0 0.8953125 0.4671875 0.0703125 0.05546875
0 0.74609375 0.53203125 0.0671875 0.04765625
0 0.959375 0.346875 0.08125 0.08359375
0 0.41171875 0.525 0.07109375 0.0546875
0 0.1515625 0.6453125 0.06015625 0.04609375
0 0.46171875 0.55390625 0.06875 0.05
0 0.3828125 0.24765625 0.08359375 0.0328125
1 0.7015625 0.7859375 0.04609375 0.0375
0 0.46796875 0.36953125 0.06875 0.03671875
0 0.3015625 0.575 0.06484375 0.046875
0 0.4171875 0.4203125 0.0640625 0.05078125
0 0.34453125 0.60390625 0.0640625 0.04140625
0 0.9671875 0.4203125 0.06484375 0.05625
0 0.03984375 0.665625 0.05625 0.0296875
0 0.1546875 0.20390625 0.0484375 0.0421875
0 0.65390625 0.29765625 0.075 0.05859375
0 0.965625 0.63046875 0.0640625 0.078125
0 0.9703125 0.23984375 0.05859375 0.06484375
0 0.1828125 0.60234375 0.05859375 0.0296875
0 0.3109375 0.7796875 0.0890625 0.0203125
0 0.6109375 0.0875 0.06484375 0.02421875
1 0.7109375 0.73515625 0.04765625 0.0375
0 0.675 0.42890625 0.09140625 0.04609375
0 0.39140625 0.62421875 0.0625 0.0234375
0 0.26796875 0.67265625 0.0703125 0.0203125
0 0.396875 0.7109375 0.08984375 0.01953125
0 0.5078125 0.5734375 0.04375 0.115625
0 0.46328125 0.26015625 0.07890625 0.05859375
0 0.05859375 0.29921875 0.05 0.02421875
0 0.5484375 0.13828125 0.0375 0.02421875
0 0.4671875 0.18984375 0.0390625 0.0265625
0 0.621875 0.25390625 0.02109375 0.040625
0 0.30625 0.4828125 0.0421875 0.0265625
0 0.14453125 0.36015625 0.03125 0.01953125
0 0.30703125 0.5140625 0.0515625 0.0234375
0 0.1859375 0.35859375 0.02890625 0.021875
0 0.265625 0.4203125 0.02890625 0.0203125
0 0.425 0.340625 0.0453125 0.02265625
0 0.38828125 0.48515625 0.03125 0.0203125
0 0.3484375 0.48515625 0.0296875 0.02265625
0 0.659375 0.50078125 0.03359375 0.025
0 0.65625 0.45546875 0.0265625 0.0203125
0 0.665625 0.59375 0.02890625 0.01953125
0 0.83828125 0.5984375 0.04375 0.02734375
0 0.671875 0.640625 0.03125 0.0203125
0 0.2421875 0.7796875 0.03359375 0.0203125
0 0.8765625 0.77265625 0.04375 0.025
0 0.8421875 0.84609375 0.03515625 0.0140625
0 0.0671875 0.58828125 0.01875 0.0109375
0 0.4265625 0.53046875 0.0125 0.0109375
0 0.4796875 0.665625 0.02265625 0.0421875
0 0.36875 0.69296875 0.01484375 0.009375