0 0.3734375 0.28046875 0.1421875 0.08515625
0 0.715625 0.17109375 0.06875 0.05546875
0 0.3484375 0.37109375 0.08515625 0.0828125
0 0.40859375 0.209375 0.08125 0.059375
0 0.51171875 0.3125 0.07109375 0.05625
0 0.2421875 0.17578125 0.1203125 0.0703125
0 0.54375 0.5625 0.08125 0.06015625
0 0.73515625 0.7421875 0.0671875 0.05078125
0 0.57578125 0.521875 0.0734375 0.05703125
0 0.18046875 0.61796875 0.05390625 0.06640625
1 0.853125 0.31484375 0.0546875 0.0390625
0 0.33125 0.5390625 0.05625 0.05546875
0 0.6234375 0.6390625 0.0703125 0.0546875
0 0.4046875 0.571875 0.075 0.05390625
0 0.65625 0.603125 0.0625 0.05234375
0 0.33828125 0.1609375 0.0828125 0.05546875
0 0.775 0.82265625 0.04609375 0.04609375
0 0.1515625 0.79375 0.0609375 0.04140625
0 0.2140625 0.41015625 0.0859375 0.06328125
0 0.615625 0.13671875 0.1109375 0.05703125
0 0.0984375 0.18046875 0.0921875 0.0515625
0 0.6734375 0.72421875 0.04609375 0.04765625
0 0.8921875 0.60703125 0.0375 0.06875
1 0.78515625 0.31328125 0.0546875 0.040625
0 0.384375 0.378125 0.07265625 0.0734375
0 0.6765625 0.56640625 0.0390625 0.05
0 0.75625 0.6515625 0.0359375 0.0546875
0 0.79140625 0.5515625 0.0375 0.06953125
0 0.5953125 0.48515625 0.1578125 0.046875
0 0.1875 0.55703125 0.0859375 0.065625
0 0.2890625 0.85390625 0.0390625 0.040625
0 0.0171875 0.5078125 0.03359375 0.03125
0 0.09375 0.5625 0.03984375 0.03203125
0 0.16015625 0.4390625 0.05625 0.0203125
0 0.50078125 0.64609375 0.03984375 0.034375
0 0.35859375 0.78203125 0.0296875 0.025
0 0.5421875 0.6421875 0.0375 0.04140625
0 0.3515625 0.7515625 0.0328125 0.02421875
0 0.4234375 0.684375 0.03125 0.02421875
0 0.2984375 0.575 0.03515625 0.03671875
0 0.49453125 0.58515625 0.03125 0.025
0 0.49921875 0.61484375 0.03359375 0.025
0 0.48203125 0.38125 0.0375 0.028125
0 0.421875 0.3890625 0.0296875 0.02265625
0 0.60390625 0.365625 0.0296875 0.0234375
0 0.5890625 0.2359375 0.04140625 0.0359375
0 0.6640625 0.3546875 0.03125 0.025
0 0.90078125 0.65859375 0.03125 0.02734375
0 0.8140625 0.1859375 0.0390625 0.0359375
0 0.91640625 0.20234375 0.02265625 0.028125
0 0.66953125 0.81171875 0.0171875 0.01484375
0 0.54921875 0.55078125 0.01640625 0.01015625
0 0.72109375 0.4953125 0.05859375 0.021875
0 0.77109375 0.57421875 0.0140625 0.0125