0 0.19140625 0.559375 0.10390625 0.1015625
0 0.06328125 0.87578125 0.0859375 0.059375
0 0.1015625 0.28828125 0.06875 0.04765625
0 0.30703125 0.5921875 0.1046875 0.05703125
0 0.10390625 0.52265625 0.07265625 0.05703125
0 0.25546875 0.46171875 0.0703125 0.05
0 0.03828125 0.640625 0.0765625 0.08515625
0 0.5890625 0.47734375 0.0734375 0.05625
0 0.8546875 0.3640625 0.0625 0.04765625
0 0.540625 0.44765625 0.07109375 0.0515625
0 0.6046875 0.75546875 0.08515625 0.034375
1 0.3109375 0.20859375 0.04765625 0.03828125
0 0.52578125 0.63125 0.0703125 0.03828125
0 0.7015625 0.43046875 0.0671875 0.0484375
0 0.5796875 0.58203125 0.06640625 0.05234375
0 0.6609375 0.40078125 0.06640625 0.04296875
0 0.03125 0.5671875 0.0625 0.05859375
0 0.9671875 0.34609375 0.0578125 0.03203125
0 0.83203125 0.8046875 0.0515625 0.04296875
0 0.33671875 0.6984375 0.07734375 0.06015625
0 0.040625 0.35703125 0.0671875 0.0796875
0 0.0234375 0.74609375 0.046875 0.0671875
0 0.82109375 0.40625 0.06015625 0.03203125
0 0.70234375 0.22578125 0.08984375 0.02265625
0 0.36953125 0.909375 0.06640625 0.0265625
1 0.3 0.259375 0.0484375 0.03828125
0 0.321875 0.56640625 0.09375 0.0484375
0 0.6140625 0.37890625 0.0640625 0.025
0 0.73984375 0.33359375 0.07109375 0.02265625
0 0.61328125 0.2921875 0.09140625 0.021875
0 0.4953125 0.4265625 0.0484375 0.11640625
0 0.52578125 0.740625 0.08125 0.06015625
0 0.93203125 0.71171875 0.0515625 0.025
0 0.434375 0.8609375 0.0390625 0.025
0 0.51875 0.8109375 0.03984375 0.02734375
0 0.3671875 0.74296875 0.02265625 0.04140625
0 0.69296875 0.52265625 0.04375 0.02734375
0 0.8484375 0.64921875 0.0328125 0.0203125
0 0.69375 0.49140625 0.05234375 0.02421875
0 0.8078125 0.65 0.0296875 0.02265625
0 0.73046875 0.58515625 0.0296875 0.021875
0 0.5671875 0.6609375 0.04609375 0.0234375
0 0.6109375 0.5171875 0.0328125 0.021875
0 0.65078125 0.51796875 0.03125 0.0234375
0 0.340625 0.49453125 0.03515625 0.0265625
0 0.3421875 0.540625 0.02734375 0.021875
0 0.3390625 0.4015625 0.0296875 0.0203125
0 0.1671875 0.3921875 0.0453125 0.028125
0 0.33515625 0.35546875 0.0328125 0.021875
0 0.77109375 0.22734375 0.03515625 0.021875
0 0.1359375 0.21796875 0.0453125 0.0265625
0 0.1734375 0.14453125 0.0359375 0.01484375
0 0.9359375 0.42265625 0.01875 0.0125
0 0.57421875 0.47109375 0.0125 0.0109375
0 0.528125 0.334375 0.025 0.04296875
0 0.63984375 0.3109375 0.01484375 0.009375