1 0.56796875 0.5484375 0.2125 0.20625
0 0.20625 0.38515625 0.0515625 0.0375
0 0.36015625 0.740625 0.05234375 0.0359375
0 0.44921875 0.43515625 0.06484375 0.0578125
0 0.3140625 0.125 0.05625 0.05234375
1 0.65234375 0.82265625 0.0890625 0.0890625
0 0.82421875 0.359375 0.0765625 0.05
1 0.4890625 0.36484375 0.2140625 0.1859375
0 0.65 0.7546875 0.0859375 0.0453125
0 0.77265625 0.584375 0.05234375 0.0421875
0 0.48515625 0.45546875 0.06875 0.06171875
0 0.60703125 0.64453125 0.0734375 0.06484375
0 0.4734375 0.73125 0.15390625 0.03828125
1 0.3859375 0.2171875 0.07265625 0.0671875
0 0.19453125 0.5921875 0.03515625 0.0296875
0 0.1921875 0.51015625 0.03359375 0.028125
0 0.1828125 0.459375 0.0296875 0.0390625
0 0.1578125 0.42734375 0.03984375 0.02890625
0 0.2609375 0.41875 0.05859375 0.02265625
0 0.23125 0.68359375 0.0359375 0.03125
0 0.34296875 0.3828125 0.03125 0.0234375
0 0.30546875 0.5484375 0.0625 0.025
0 0.2890625 0.53046875 0.0671875 0.0265625
0 0.6390625 0.21484375 0.0421875 0.025
0 0.6140625 0.1890625 0.03984375 0.02265625
0 0.58359375 0.19375 0.04375 0.021875
0 0.70703125 0.15546875 0.07109375 0.0234375
0 0.74765625 0.1609375 0.01875 0.01484375
0 0.81171875 0.7765625 0.02734375 0.021875
0 0.8890625 0.8296875 0.0296875 0.02265625
0 0.940625 0.58984375 0.02109375 0.0140625
0 0.959375 0.2078125 0.03515625 0.0328125
0 0.81484375 0.2828125 0.04140625 0.028125
0 0.9171875 0.25078125 0.0234375 0.0203125
0 0.98828125 0.19453125 0.0234375 0.0234375
0 0.65703125 0.56328125 0.02109375 0.01796875
0 0.6203125 0.4875 0.0234375 0.0171875
0 0.1984375 0.459375 0.0109375 0.015625