1 0.55859375 0.4453125 0.2625 0.1453125
0 0.3734375 0.72890625 0.04609375 0.03671875
0 0.45859375 0.0953125 0.075 0.059375
0 0.83125 0.58359375 0.04375 0.0375
0 0.4171875 0.54375 0.0734375 0.0453125
0 0.02578125 0.671875 0.0515625 0.03828125
0 0.35234375 0.0390625 0.0703125 0.05546875
1 0.915625 0.3578125 0.1140625 0.06015625
0 0.284375 0.26953125 0.0609375 0.0546875
1 0.321875 0.5203125 0.23515625 0.1484375
0 0.825 0.365625 0.05234375 0.0625
0 0.58828125 0.2890625 0.05234375 0.03671875
0 0.4421875 0.51484375 0.07890625 0.046875
0 0.6828125 0.4078125 0.08125 0.05078125
0 0.81015625 0.49921875 0.0375 0.1140625
1 0.13359375 0.609375 0.0859375 0.0484375
0 0.6484375 0.72109375 0.0375 0.0234375
0 0.53984375 0.72890625 0.03515625 0.0234375
0 0.4734375 0.73984375 0.0515625 0.01875
0 0.43359375 0.7625 0.0359375 0.028125
0 0.41328125 0.68515625 0.025 0.04296875
0 0.7671875 0.684375 0.0390625 0.02421875
0 0.3578125 0.62734375 0.02890625 0.02265625
0 0.58046875 0.640625 0.02890625 0.0453125
0 0.55859375 0.65546875 0.02890625 0.0484375
0 0.10859375 0.42109375 0.03125 0.03125
0 0.0765625 0.4421875 0.0265625 0.02890625
0 0.0859375 0.4640625 0.0265625 0.03125
0 0.0234375 0.37578125 0.0265625 0.05234375
0 0.02734375 0.34453125 0.01875 0.01328125
0 0.83984375 0.24296875 0.02734375 0.01953125
0 0.9046875 0.18046875 0.02890625 0.021875
0 0.58125 0.16328125 0.0171875 0.01484375
0 0.20390625 0.11875 0.0375 0.0359375
0 0.07265625 0.18203125 0.04140625 0.02421875
0 0.1828125 0.28359375 0.03359375 0.02890625
0 0.1328125 0.21015625 0.0265625 0.0171875
0 0.05234375 0.15703125 0.02890625 0.02421875
0 0.5703125 0.37734375 0.02265625 0.0140625
0 0.4734375 0.41171875 0.0203125 0.0171875
0 0.47265625 0.72890625 0.0203125 0.00625