1 0.51875 0.3515625 0.2296875 0.31796875
0 0.5046875 0.83828125 0.0859375 0.0578125
0 0.68125 0.05703125 0.0984375 0.0890625
1 0.496875 0.69765625 0.13515625 0.1140625
0 0.3234375 0.78671875 0.0640625 0.05234375
0 0.215625 0.6234375 0.1015625 0.06484375
0 0.22734375 0.56953125 0.0859375 0.10234375
0 0.7953125 0.90078125 0.0484375 0.040625
1 0.16484375 0.51953125 0.1 0.09375
0 0.0765625 0.353125 0.04609375 0.03671875
0 0.52578125 0.45078125 0.0546875 0.04140625
0 0.43046875 0.47109375 0.04375 0.0546875
1 0.6390625 0.4703125 0.0609375 0.09921875
0 0.05 0.44921875 0.04609375 0.04375
0 0.8109375 0.7296875 0.0515625 0.0453125
0 0.0203125 0.57421875 0.040625 0.0546875
0 0.76171875 0.17734375 0.04609375 0.03671875
0 0.08984375 0.5265625 0.05234375 0.04609375
0 0.1125 0.46015625 0.06015625 0.08984375
1 0.24765625 0.73359375 0.1 0.08046875
0 0.6171875 0.30234375 0.03984375 0.04296875
0 0.5796875 0.24453125 0.0421875 0.03828125
1 0.24921875 0.69140625 0.04609375 0.04609375
0 0.48046875 0.409375 0.07265625 0.146875
0 0.20078125 0.68125 0.04765625 0.03671875
0 0.59921875 0.27109375 0.0375 0.04375
0 0.10234375 0.128125 0.11484375 0.0765625
0 0.425 0.11328125 0.03984375 0.0890625
0 0.64921875 0.53828125 0.06484375 0.08125
0 0.73671875 0.52734375 0.05234375 0.0640625
0 0.4328125 0.17734375 0.04140625 0.090625
0 0.5796875 0.24375 0.04140625 0.034375
0 0.03203125 0.3421875 0.02890625 0.0296875
0 0.2359375 0.27890625 0.05390625 0.103125
0 0.12109375 0.54609375 0.01640625 0.0140625
0 0.003125 0.5484375 0.00625 0.02421875
0 0.84609375 0.36171875 0.04140625 0.034375
0 0.9234375 0.58984375 0.0375 0.0328125
0 0.98515625 0.440625 0.0296875 0.03203125
0 0.93671875 0.38984375 0.0421875 0.02890625
0 0.86640625 0.65625 0.0359375 0.0328125
0 0.89765625 0.53046875 0.03125 0.01953125
0 0.9265625 0.61875 0.02734375 0.02421875
0 0.8796875 0.46171875 0.0359375 0.02421875
0 0.95859375 0.5953125 0.025 0.01484375
0 0.96640625 0.69296875 0.01875 0.01953125
0 0.9828125 0.596875 0.01484375 0.040625
0 0.17421875 0.65859375 0.03359375 0.034375
0 0.0359375 0.63203125 0.0234375 0.028125
0 0.00703125 0.67265625 0.0140625 0.0140625
0 0.2265625 0.65078125 0.0625 0.0140625
0 0.03125 0.6796875 0.01875 0.02734375
0 0.28828125 0.84140625 0.01875 0.01875
0 0.4546875 0.91171875 0.02109375 0.0171875
0 0.5109375 0.69296875 0.025 0.01796875
0 0.934375 0.85390625 0.0359375 0.02734375
0 0.81328125 0.78671875 0.0390625 0.0296875
0 0.79609375 0.840625 0.02890625 0.021875
0 0.84296875 0.8546875 0.0171875 0.0140625
0 0.8765625 0.7859375 0.01484375 0.0125
0 0.94921875 0.72109375 0.0390625 0.028125
0 0.94609375 0.77890625 0.0375 0.0390625
0 0.20234375 0.23046875 0.07734375 0.0921875
0 0.1078125 0.14375 0.01875 0.0140625
0 0.0484375 0.18828125 0.0171875 0.028125
0 0.140625 0.40546875 0.0375 0.0390625
0 0.1015625 0.5140625 0.02109375 0.01875
0 0.01953125 0.66484375 0.0109375 0.0078125
0 0.45078125 0.48515625 0.01875 0.0171875
0 0.7046875 0.67265625 0.04140625 0.03359375
0 0.74453125 0.64609375 0.0375 0.040625
0 0.7203125 0.66171875 0.11640625 0.096875
0 0.9109375 0.703125 0.02890625 0.02265625
0 0.8890625 0.70234375 0.0328125 0.01953125
0 0.5546875 0.68125 0.06484375 0.0578125
1 0.39453125 0.93515625 0.11015625 0.0890625