1 0.4984375 0.35078125 0.1890625 0.3046875
0 0.5515625 0.8359375 0.07890625 0.05234375
0 0.61875 0.0453125 0.0875 0.0828125
1 0.52421875 0.69609375 0.12109375 0.1046875
0 0.3640625 0.79921875 0.0578125 0.04765625
0 0.234375 0.6453125 0.09375 0.05703125
0 0.2390625 0.590625 0.07265625 0.09765625
0 0.84921875 0.875 0.04375 0.0375
1 0.16953125 0.54609375 0.0890625 0.0875
0 0.0578125 0.38671875 0.04140625 0.03359375
0 0.51875 0.44921875 0.05 0.0375
0 0.4265625 0.4765625 0.0359375 0.0515625
1 0.634375 0.459375 0.0484375 0.0953125
0 0.0453125 0.484375 0.04140625 0.04140625
0 0.840625 0.70390625 0.04609375 0.04140625
0 0.02890625 0.6125 0.0453125 0.0515625
0 0.715625 0.15859375 0.04140625 0.03359375
0 0.0953125 0.5578125 0.04609375 0.0421875
0 0.10859375 0.490625 0.04765625 0.0875
1 0.28125 0.75234375 0.08984375 0.07421875
0 0.5890625 0.29453125 0.03515625 0.040625
0 0.54375 0.23984375 0.0375 0.0359375
1 0.27734375 0.71015625 0.03984375 0.04296875
0 0.46796875 0.4109375 0.05234375 0.14375
0 0.22734375 0.70390625 0.0421875 0.03359375
0 0.5671875 0.26484375 0.03125 0.0421875
0 0.053125 0.1609375 0.10625 0.06953125
0 0.37109375 0.12109375 0.02734375 0.0875
0 0.65390625 0.5265625 0.0546875 0.078125
0 0.7390625 0.50859375 0.04375 0.0609375
0 0.38828125 0.184375 0.02890625 0.0890625
0 0.54375 0.2390625 0.0375 0.03203125
0 0.0125 0.3796875 0.025 0.028125
0 0.20625 0.3015625 0.03984375 0.1
0 0.1296875 0.57578125 0.01484375 0.01328125
0 0.00703125 0.58828125 0.0140625 0.0234375
0 0.825 0.33515625 0.0375 0.03203125
0 0.9328125 0.55546875 0.03359375 0.0296875
0 0.9796875 0.40234375 0.0359375 0.02890625
0 0.91953125 0.35625 0.0390625 0.0265625
0 0.8859375 0.62734375 0.0328125 0.0296875
0 0.89921875 0.49921875 0.02890625 0.01796875
0 0.94140625 0.58515625 0.025 0.02265625
0 0.871875 0.4328125 0.03359375 0.021875
0 0.96953125 0.55859375 0.0234375 0.01328125
0 0.990625 0.65546875 0.01640625 0.01875
0 0.99375 0.55859375 0.01015625 0.0390625
0 0.1984375 0.68359375 0.02890625 0.0328125
0 0.05625 0.6671875 0.0203125 0.0265625
0 0.03203125 0.71015625 0.01640625 0.01328125
0 0.00859375 0.66796875 0.0171875 0.015625
0 0.24921875 0.67109375 0.0609375 0.009375
0 0.05859375 0.71484375 0.01484375 0.0265625
0 0.33671875 0.85625 0.01640625 0.01796875
0 0.51171875 0.91328125 0.01875 0.015625
0 0.5375 0.69140625 0.02265625 0.015625
0 0.98125 0.81796875 0.0328125 0.02421875
0 0.8515625 0.76015625 0.03515625 0.02734375
0 0.8421875 0.815625 0.0265625 0.01953125
0 0.890625 0.82578125 0.01640625 0.01328125
0 0.9140625 0.75546875 0.0140625 0.0109375
0 0.97734375 0.684375 0.03515625 0.025
0 0.9828125 0.74296875 0.0328125 0.03671875
0 0.16640625 0.2546875 0.06640625 0.0875
0 0.06015625 0.1765625 0.0171875 0.01328125
0 0.00703125 0.225 0.0140625 0.02734375
0 0.1296875 0.43359375 0.0328125 0.0375
0 0.10625 0.5453125 0.01875 0.01796875
0 0.0453125 0.70078125 0.01015625 0.00625
0 0.4484375 0.4890625 0.01640625 0.015625
0 0.72734375 0.65546875 0.0375 0.03125
0 0.76328125 0.62578125 0.0328125 0.03828125
0 0.7421875 0.64375 0.1046875 0.0890625
0 0.93671875 0.6703125 0.0265625 0.021875
0 0.91484375 0.6703125 0.0296875 0.01796875
0 0.5796875 0.67578125 0.0578125 0.0546875
1 0.45546875 0.940625 0.0984375 0.08125