1 0.303125 0.48046875 0.42890625 0.1828125
0 0.9515625 0.50859375 0.0796875 0.065625
1 0.7625 0.509375 0.1546875 0.1046875
0 0.87578125 0.64296875 0.07109375 0.05
0 0.6546875 0.7171875 0.0890625 0.078125
0 0.5828125 0.70703125 0.1390625 0.0671875
1 0.5140625 0.7515625 0.12734375 0.078125
0 0.2890625 0.8125 0.05 0.0359375
0 0.43515625 0.47890625 0.05625 0.0421875
0 0.45859375 0.55078125 0.0734375 0.03359375
1 0.46484375 0.39453125 0.1328125 0.05
0 0.41640625 0.83515625 0.06015625 0.03671875
0 0.8171875 0.27578125 0.0609375 0.040625
0 0.5828125 0.865625 0.0734375 0.040625
0 0.07890625 0.2921875 0.05 0.0359375
0 0.5203125 0.80859375 0.0625 0.040625
0 0.4328125 0.7890625 0.12109375 0.04765625
1 0.80234375 0.69765625 0.11015625 0.0765625
0 0.24140625 0.40546875 0.0578125 0.03203125
0 0.1625 0.43125 0.05234375 0.0328125
1 0.746875 0.69453125 0.0625 0.0359375
0 0.378125 0.5109375 0.19609375 0.059375
0 0.73125 0.73046875 0.05 0.03671875
0 0.1984375 0.4171875 0.06015625 0.02890625
0 0.021875 0.784375 0.04375 0.08828125
0 0.0203125 0.54453125 0.040625 0.0265625
0 0.55625 0.3890625 0.11015625 0.0515625
0 0.54453125 0.3234375 0.0859375 0.04140625
0 0.0671875 0.5390625 0.12109375 0.03359375
0 0.1609375 0.43125 0.04765625 0.03203125
0 0.2734375 0.8453125 0.03984375 0.02265625
0 0.196875 0.690625 0.1375 0.04375
0 0.5484375 0.78515625 0.0203125 0.01328125
0 0.54765625 0.878125 0.0328125 0.01328125
0 0.328125 0.2359375 0.04765625 0.03203125
0 0.63359375 0.1859375 0.04375 0.02890625
0 0.43828125 0.13046875 0.04375 0.03125
0 0.36796875 0.16875 0.03984375 0.0328125
0 0.72109375 0.23125 0.04375 0.028125
0 0.5546875 0.203125 0.02734375 0.0234375
0 0.6734375 0.184375 0.03359375 0.021875
0 0.4625 0.21484375 0.03359375 0.028125
0 0.6421875 0.16015625 0.02109375 0.01953125
0 0.7734375 0.1578125 0.02734375 0.01484375
0 0.64609375 0.14140625 0.05390625 0.01328125
0 0.70078125 0.75 0.04765625 0.0265625
0 0.659375 0.853125 0.0375 0.01875
0 0.7125 0.8765625 0.0203125 0.0140625
0 0.653125 0.88828125 0.02265625 0.01484375
0 0.69140625 0.71015625 0.02109375 0.046875
0 0.72265625 0.8578125 0.0359375 0.01484375
0 0.94765625 0.6703125 0.0265625 0.01484375
0 0.7578125 0.4984375 0.0234375 0.01875
0 0.984375 0.18671875 0.03125 0.02734375
0 0.89296875 0.27578125 0.04140625 0.0296875
0 0.96484375 0.28984375 0.0296875 0.02265625
0 0.984375 0.25546875 0.0203125 0.0140625
0 0.8953125 0.228125 0.01640625 0.0125
0 0.81015625 0.17109375 0.0390625 0.02890625
0 0.8875 0.17578125 0.05234375 0.02890625
0 0.1296875 0.7140625 0.1234375 0.0609375
0 0.01171875 0.78125 0.0203125 0.01484375
0 0.06796875 0.828125 0.0375 0.0140625
0 0.3609375 0.76640625 0.05390625 0.02890625
0 0.5046875 0.7984375 0.0265625 0.015625
0 0.70234375 0.865625 0.01015625 0.00859375
0 0.478125 0.53671875 0.0234375 0.0140625
0 0.73671875 0.353125 0.04609375 0.03203125
0 0.70234375 0.321875 0.0546875 0.02890625
0 0.7234375 0.33984375 0.1328125 0.08984375
0 0.78515625 0.19921875 0.03125 0.02265625
0 0.7828125 0.215625 0.02734375 0.02421875
0 0.74296875 0.46484375 0.0796875 0.05078125