1 0.57421875 0.36953125 0.3 0.2046875
0 0.5296875 0.8390625 0.09765625 0.05625
1 0.5421875 0.5515625 0.2984375 0.215625
0 0.67109375 0.7859375 0.06484375 0.06171875
1 0.3609375 0.50703125 0.225 0.14609375
1 0.22421875 0.653125 0.24609375 0.128125
0 0.35234375 0.2421875 0.0796875 0.053125
1 0.1546875 0.534375 0.11875 0.12734375
0 0.5703125 0.746875 0.07109375 0.075
0 0.53203125 0.7171875 0.05859375 0.0578125
0 0.23984375 0.16484375 0.0578125 0.04609375
0 0.3859375 0.29921875 0.0859375 0.0546875
0 0.23203125 0.2109375 0.04375 0.0296875
0 0.865625 0.75 0.0421875 0.028125
0 0.36171875 0.28359375 0.05625 0.04140625
0 0.77578125 0.85078125 0.04140625 0.028125
0 0.29609375 0.7109375 0.05625 0.0328125
0 0.38359375 0.784375 0.07734375 0.028125
1 0.521875 0.42890625 0.18984375 0.08984375
0 0.0953125 0.1015625 0.0484375 0.03359375
0 0.6203125 0.278125 0.05 0.02734375
0 0.5828125 0.3 0.08515625 0.0359375
0 0.071875 0.21484375 0.06015625 0.02421875
1 0.3203125 0.54453125 0.1625 0.19609375
0 0.5953125 0.57265625 0.075 0.05
0 0.2328125 0.76875 0.0390625 0.0296875
0 0.1546875 0.60078125 0.0234375 0.01015625
0 0.23984375 0.26953125 0.0171875 0.0140625
0 0.296875 0.85078125 0.0171875 0.0140625
0 0.24375 0.840625 0.0171875 0.0125
0 0.70078125 0.4921875 0.02265625 0.01796875
0 0.39140625 0.48046875 0.03984375 0.01328125
0 0.57109375 0.4125 0.0140625 0.01484375
0 0.32109375 0.4421875 0.08359375 0.015625
0 0.64453125 0.26171875 0.0203125 0.0171875
0 0.7609375 0.1953125 0.0171875 0.0125
0 0.5234375 0.3203125 0.0203125 0.01328125
0 0.8640625 0.50390625 0.0203125 0.0171875
0 0.0296875 0.596875 0.0421875 0.028125
0 0.1203125 0.765625 0.0421875 0.03125
0 0.1671875 0.5953125 0.0296875 0.00859375
0 0.4234375 0.44375 0.0140625 0.00859375
0 0.440625 0.45078125 0.0125 0.00546875
0 0.49453125 0.634375 0.04140625 0.02421875
0 0.621875 0.55 0.0140625 0.01015625
1 0.3390625 0.4828125 0.16875 0.0890625