1 0.3125 0.4796875 0.2765625 0.228125
0 0.92890625 0.390625 0.07734375 0.07421875
1 0.55546875 0.45625 0.29140625 0.2265625
0 0.82421875 0.30234375 0.08359375 0.05
1 0.5453125 0.59921875 0.1984375 0.1703125
1 0.76796875 0.66015625 0.1734375 0.1859375
0 0.20546875 0.6734375 0.07265625 0.06015625
1 0.634375 0.740625 0.17265625 0.090625
0 0.8 0.3859375 0.1015625 0.0546875
0 0.771875 0.42109375 0.07890625 0.0453125
0 0.13515625 0.775 0.0609375 0.04375
0 0.2703125 0.63515625 0.0734375 0.06484375
0 0.196875 0.76875 0.03984375 0.03359375
0 0.72734375 0.1703125 0.0375 0.03203125
0 0.2578125 0.65625 0.0546875 0.04296875
0 0.88046875 0.209375 0.0390625 0.03125
0 0.82421875 0.59296875 0.0453125 0.04296875
0 0.89609375 0.5109375 0.0390625 0.059375
1 0.40234375 0.503125 0.12265625 0.14375
0 0.090625 0.89609375 0.04609375 0.03671875
0 0.1828125 0.4703125 0.0375 0.0375
0 0.2203125 0.49140625 0.0484375 0.06484375
0 0.24453125 0.88515625 0.03515625 0.0484375
1 0.60390625 0.61796875 0.2625 0.125
0 0.56875 0.41171875 0.0671875 0.05703125
0 0.91484375 0.62421875 0.04140625 0.0296875
0 0.71953125 0.72421875 0.0140625 0.01796875
0 0.5875 0.9265625 0.0203125 0.015625
0 0.2703125 0.74765625 0.0203125 0.01328125
0 0.996875 0.55546875 0.00625 0.01328125
0 0.99765625 0.59609375 0.0046875 0.0140625
0 0.43828125 0.35625 0.0234375 0.0171875
0 0.50390625 0.58359375 0.0171875 0.0296875
0 0.36875 0.47109375 0.0203125 0.01015625
0 0.471875 0.64453125 0.02265625 0.0625
0 0.15625 0.45703125 0.02265625 0.01484375
0 0.03984375 0.3890625 0.0171875 0.0140625
0 0.26171875 0.5296875 0.0171875 0.015625
0 0.4109375 0.23515625 0.02265625 0.01484375
0 0.7453125 0.815625 0.0375 0.03203125
0 0.9953125 0.815625 0.00859375 0.0375
0 0.940625 0.70546875 0.04140625 0.0328125
0 0.70859375 0.71640625 0.0109375 0.02265625
0 0.44765625 0.5703125 0.0109375 0.01015625
0 0.4515625 0.55546875 0.0078125 0.009375
0 0.675 0.46875 0.03359375 0.03125
0 0.5328125 0.39921875 0.0140625 0.01015625
1 0.51953125 0.62109375 0.12109375 0.12734375