0 0.378125 0.46875 0.075 0.06484375
0 0.89765625 0.57578125 0.08359375 0.07109375
0 0.50859375 0.30625 0.0546875 0.05234375
0 0.3265625 0.44765625 0.06484375 0.040625
0 0.85234375 0.44921875 0.0625 0.0359375
0 0.8203125 0.4640625 0.05859375 0.03828125
0 0.9578125 0.5640625 0.05390625 0.0484375
0 0.440625 0.709375 0.1234375 0.09296875
0 0.3734375 0.6625 0.14140625 0.103125
0 0.3171875 0.2359375 0.0328125 0.028125
0 0.675 0.28359375 0.03125 0.02890625
0 0.62421875 0.259375 0.01875 0.0140625
0 0.690625 0.3109375 0.0125 0.01015625
0 0.53515625 0.3109375 0.02109375 0.015625
0 0.590625 0.32734375 0.01640625 0.0109375
0 0.4125 0.2421875 0.01640625 0.025
0 0.2765625 0.5171875 0.03359375 0.01875
0 0.2515625 0.3984375 0.0234375 0.01953125
0 0.2015625 0.390625 0.02265625 0.0203125
0 0.17109375 0.4421875 0.02109375 0.015625
0 0.62109375 0.459375 0.0375 0.025
0 0.5984375 0.4734375 0.0359375 0.02734375
0 0.54921875 0.5390625 0.03515625 0.028125
0 0.63671875 0.56796875 0.0296875 0.021875
0 0.415625 0.36640625 0.0171875 0.01484375
0 0.4828125 0.51015625 0.01640625 0.01328125
0 0.69140625 0.390625 0.0359375 0.02890625
0 0.56953125 0.46875 0.01484375 0.0109375
0 0.40546875 0.35859375 0.0140625 0.0140625
0 0.33203125 0.5734375 0.01640625 0.01015625
0 0.4109375 0.62265625 0.0265625 0.01796875
0 0.75703125 0.49609375 0.04140625 0.02890625
0 0.95078125 0.4078125 0.0375 0.028125
0 0.728125 0.51171875 0.03984375 0.028125
0 0.83671875 0.6109375 0.05 0.03125
0 0.97578125 0.5421875 0.01484375 0.009375
0 0.0859375 0.634375 0.0328125 0.028125
0 0.1109375 0.62421875 0.0171875 0.0140625
0 0.1265625 0.62109375 0.0234375 0.01484375
0 0.13125 0.61015625 0.02734375 0.01796875
0 0.1375 0.59609375 0.02890625 0.01953125
0 0.14375 0.57890625 0.0328125 0.0234375
0 0.16640625 0.5453125 0.04609375 0.034375
0 0.1265625 0.52734375 0.02109375 0.02265625
0 0.16015625 0.51484375 0.0078125 0.00859375
0 0.25234375 0.54140625 0.0578125 0.028125
0 0.16875 0.45859375 0.0203125 0.0203125
0 0.19609375 0.346875 0.0109375 0.009375
0 0.2234375 0.33203125 0.0921875 0.0828125
0 0.35234375 0.42578125 0.01875 0.01875
0 0.7578125 0.35859375 0.03125 0.0265625
0 0.78671875 0.4828125 0.0484375 0.0328125
0 0.9890625 0.553125 0.0203125 0.03359375
0 0.94453125 0.58984375 0.0140625 0.00859375
0 0.51171875 0.67890625 0.0125 0.00625