0 0.37265625 0.48515625 0.0625 0.05703125
0 0.90859375 0.52265625 0.0703125 0.0625
0 0.4640625 0.3078125 0.0453125 0.04765625
0 0.3171875 0.47109375 0.0578125 0.03359375
0 0.8359375 0.4046875 0.05625 0.02890625
0 0.8078125 0.42265625 0.05234375 0.03203125
0 0.96640625 0.503125 0.0453125 0.04296875
0 0.48984375 0.7140625 0.1078125 0.0796875
0 0.4125 0.6765625 0.12265625 0.08828125
0 0.25859375 0.2640625 0.02734375 0.025
0 0.62265625 0.2640625 0.025 0.0265625
0 0.5671875 0.246875 0.01640625 0.0125
0 0.64375 0.28828125 0.01015625 0.009375
0 0.490625 0.30859375 0.01875 0.0140625
0 0.54921875 0.31796875 0.0140625 0.009375
0 0.3546875 0.2578125 0.0109375 0.02421875
0 0.284375 0.5453125 0.03125 0.01484375
0 0.23125 0.43203125 0.0203125 0.0171875
0 0.18046875 0.43125 0.01875 0.01875
0 0.16328125 0.4859375 0.01875 0.0140625
0 0.61015625 0.44453125 0.0328125 0.021875
0 0.590625 0.46171875 0.03125 0.0234375
0 0.5578125 0.53203125 0.0296875 0.02421875
0 0.65078125 0.54921875 0.0265625 0.01875
0 0.3859375 0.3796875 0.01484375 0.01328125
0 0.4859375 0.51171875 0.0140625 0.0109375
0 0.66328125 0.3671875 0.03125 0.025
0 0.5609375 0.46015625 0.0125 0.009375
0 0.37421875 0.37265625 0.0109375 0.01328125
0 0.3515625 0.59375 0.01484375 0.00859375
0 0.44140625 0.6328125 0.02265625 0.01484375
0 0.7515625 0.46328125 0.0359375 0.02421875
0 0.92265625 0.35078125 0.0328125 0.02421875
0 0.72734375 0.48203125 0.03515625 0.02421875
0 0.8578125 0.565625 0.0453125 0.025
0 0.978125 0.4796875 0.0140625 0.0078125
0 0.1234375 0.68671875 0.02734375 0.025
0 0.1453125 0.67265625 0.01484375 0.0125
0 0.1609375 0.66796875 0.02109375 0.0125
0 0.1625 0.65625 0.025 0.01484375
0 0.16484375 0.6421875 0.025 0.0171875
0 0.1671875 0.6234375 0.02890625 0.01953125
0 0.18203125 0.58828125 0.03984375 0.0296875
0 0.13828125 0.57578125 0.01640625 0.0203125
0 0.16875 0.559375 0.00625 0.0078125
0 0.265625 0.5734375 0.05390625 0.021875
0 0.1640625 0.5015625 0.01640625 0.01875
0 0.165625 0.38828125 0.01015625 0.00859375
0 0.1890625 0.3703125 0.0765625 0.07421875
0 0.3375 0.44609375 0.01484375 0.0171875
0 0.72109375 0.32734375 0.0265625 0.0234375
0 0.77890625 0.44609375 0.0421875 0.028125
0 0.99375 0.4890625 0.0125 0.0328125
0 0.9578125 0.53046875 0.0125 0.00625
0 0.553125 0.675 0.0109375 0.00546875