1 0.7078125 0.5734375 0.13515625 0.11015625
0 0.11796875 0.5203125 0.08515625 0.05546875
0 0.55625 0.415625 0.1015625 0.06796875
0 0.1421875 0.48125 0.08515625 0.05703125
0 0.79375 0.46328125 0.075 0.0546875
1 0.66640625 0.496875 0.1046875 0.08671875
0 0.9265625 0.68359375 0.1078125 0.05546875
1 0.959375 0.40625 0.08125 0.07265625
0 0.4515625 0.20859375 0.04765625 0.03203125
0 0.4234375 0.40859375 0.06015625 0.0484375
0 0.31015625 0.61484375 0.0546875 0.0328125
0 0.16796875 0.39453125 0.12265625 0.0328125
0 0.05 0.3796875 0.04765625 0.04765625
1 0.23046875 0.325 0.3453125 0.28515625
0 0.065625 0.503125 0.0421875 0.103125
0 0.83125 0.70078125 0.02890625 0.01484375
0 0.896875 0.77890625 0.03125 0.03125
0 0.72421875 0.78671875 0.0328125 0.02890625
0 0.65546875 0.796875 0.0109375 0.00859375
0 0.47265625 0.76875 0.04375 0.028125
0 0.47265625 0.69375 0.03984375 0.02890625
0 0.60078125 0.69921875 0.0203125 0.01484375
0 0.5953125 0.71328125 0.01640625 0.0125
0 0.328125 0.678125 0.03125 0.02734375
0 0.409375 0.74609375 0.0328125 0.02890625
0 0.6359375 0.6984375 0.01484375 0.01328125
0 0.1953125 0.67734375 0.0265625 0.0140625
0 0.89296875 0.56640625 0.04375 0.03203125
0 0.84765625 0.6328125 0.0328125 0.0265625
0 0.99765625 0.4171875 0.0046875 0.015625
0 0.82421875 0.55859375 0.02109375 0.0171875
0 0.71171875 0.44453125 0.01484375 0.0125
0 0.99140625 0.39921875 0.01484375 0.0109375
0 0.38671875 0.4625 0.04140625 0.02890625
0 0.371875 0.325 0.04140625 0.0421875
0 0.31171875 0.41640625 0.03125 0.015625
0 0.2640625 0.33671875 0.0328125 0.0203125
0 0.0828125 0.3171875 0.01875 0.0140625
0 0.26328125 0.38203125 0.025 0.01484375
0 0.87265625 0.2875 0.03359375 0.025
0 0.371875 0.25078125 0.0390625 0.040625
0 0.284375 0.265625 0.0296875 0.0140625
0 0.34765625 0.25390625 0.0140625 0.0125
0 0.084375 0.24140625 0.01015625 0.009375
0 0.88984375 0.365625 0.0203125 0.015625
0 0.6796875 0.54765625 0.0125 0.0078125
0 0.0203125 0.4359375 0.03125 0.0296875
0 0.1296875 0.20859375 0.0390625 0.01953125
0 0.896875 0.38671875 0.0671875 0.09296875