0 0.17578125 0.59296875 0.19375 0.1015625
0 0.3046875 0.29921875 0.1109375 0.084375
0 0.30703125 0.56015625 0.09765625 0.0640625
0 0.978125 0.6421875 0.04375 0.06953125
0 0.46640625 0.50390625 0.0546875 0.04296875
0 0.75859375 0.3390625 0.10390625 0.06953125
0 0.946875 0.68359375 0.0640625 0.05078125
0 0.05703125 0.4796875 0.1140625 0.128125
0 0.465625 0.27265625 0.0921875 0.0796875
0 0.8890625 0.6875 0.07109375 0.05546875
0 0.9421875 0.58125 0.1125 0.071875
0 0.38203125 0.16953125 0.13125 0.08125
0 0.2453125 0.5125 0.09609375 0.05546875
0 0.38984375 0.284375 0.09609375 0.08359375
0 0.97109375 0.728125 0.0578125 0.05625
0 0.81953125 0.69765625 0.0546875 0.0328125
0 0.6 0.665625 0.07109375 0.0515625
0 0.6296875 0.63203125 0.0578125 0.02890625
0 0.7015625 0.30078125 0.05390625 0.0390625
0 0.48203125 0.14609375 0.08125 0.0546875
0 0.86875 0.7515625 0.07109375 0.05234375
0 0.8328125 0.2859375 0.05234375 0.040625
0 0.95390625 0.79921875 0.0671875 0.05546875
0 0.6484375 0.171875 0.05234375 0.040625
0 0.5921875 0.140625 0.05859375 0.046875
0 0.80390625 0.26171875 0.05234375 0.034375
0 0.2953125 0.71640625 0.0375 0.01953125
0 0.09296875 0.403125 0.04609375 0.028125
0 0.1203125 0.3890625 0.025 0.01875
0 0.0609375 0.25703125 0.02890625 0.021875
0 0.00625 0.42734375 0.0125 0.01484375
0 0.5171875 0.8484375 0.0359375 0.02734375
0 0.64140625 0.66640625 0.03515625 0.02421875
0 0.6140625 0.84375 0.0109375 0.00859375
0 0.3703125 0.75234375 0.05 0.03203125
0 0.34296875 0.75390625 0.02890625 0.01953125
0 0.5390625 0.85703125 0.0140625 0.00859375
0 0.7203125 0.62265625 0.03359375 0.0296875
0 0.4234375 0.78046875 0.0390625 0.02890625
0 0.60703125 0.75 0.02265625 0.01328125
0 0.73984375 0.61171875 0.0265625 0.025
0 0.59453125 0.815625 0.01484375 0.0109375
0 0.640625 0.69453125 0.0171875 0.0125
0 0.603125 0.8453125 0.0125 0.01015625
0 0.53671875 0.8265625 0.0140625 0.01015625
0 0.565625 0.8203125 0.0140625 0.00859375
0 0.63203125 0.70234375 0.02109375 0.0203125
0 0.7515625 0.66796875 0.01875 0.021875
0 0.73125 0.65546875 0.02265625 0.02421875
0 0.55078125 0.85546875 0.0109375 0.00859375
0 0.61796875 0.7046875 0.02265625 0.01953125
0 0.384375 0.73984375 0.0203125 0.0125
0 0.34609375 0.6484375 0.0453125 0.03203125
0 0.559375 0.85390625 0.01015625 0.0078125
0 0.44140625 0.8078125 0.02734375 0.01953125
0 0.62109375 0.84140625 0.01015625 0.00859375
0 0.31640625 0.69296875 0.03359375 0.02265625
0 0.5953125 0.846875 0.01015625 0.00859375
0 0.5859375 0.84921875 0.01015625 0.0078125
0 0.58046875 0.81875 0.0109375 0.009375
0 0.56875 0.85234375 0.0109375 0.00859375
0 0.578125 0.85078125 0.01015625 0.00859375
0 0.7453125 0.6546875 0.01640625 0.0140625
0 0.51015625 0.50546875 0.01640625 0.0171875
0 0.784375 0.68203125 0.0421875 0.03125
0 0.81953125 0.72109375 0.0453125 0.0296875
0 0.85390625 0.31796875 0.0484375 0.0328125
0 0.78828125 0.24453125 0.0109375 0.0078125
0 0.8171875 0.48984375 0.02890625 0.028125
0 0.84453125 0.496875 0.0390625 0.03359375
0 0.66640625 0.52265625 0.02734375 0.02265625
0 0.6453125 0.5328125 0.02890625 0.0203125
0 0.6203125 0.5703125 0.0703125 0.04296875
0 0.53125 0.62734375 0.01015625 0.009375
0 0.5421875 0.6234375 0.01875 0.0125
0 0.5359375 0.60703125 0.00859375 0.0125
0 0.5484375 0.61171875 0.02890625 0.03125
0 0.409375 0.66015625 0.01875 0.0125
0 0.41796875 0.6671875 0.0109375 0.01015625
0 0.4265625 0.6625 0.02109375 0.01953125
0 0.4484375 0.81796875 0.02265625 0.01484375