0 0.5171875 0.76015625 0.13515625 0.1453125
0 0.1859375 0.5765625 0.1125 0.08359375
0 0.51640625 0.65625 0.08515625 0.0734375
0 0.8359375 0.1859375 0.09375 0.0671875
0 0.49375 0.525 0.0578125 0.04140625
0 0.37578125 0.265625 0.0921875 0.078125
0 0.0734375 0.83203125 0.14609375 0.06484375
0 0.8703125 0.23828125 0.0671875 0.04765625
0 0.3296875 0.8375 0.1796875 0.14375
0 0.20078125 0.45390625 0.10625 0.06953125
0 0.8578125 0.28046875 0.0734375 0.053125
0 0.740625 0.21015625 0.09609375 0.084375
0 0.0484375 0.48046875 0.096875 0.0984375
0 0.4375 0.6859375 0.0734375 0.071875
0 0.1921875 0.51171875 0.1109375 0.071875
0 0.9359375 0.23125 0.075 0.05
0 0.01796875 0.78828125 0.0359375 0.0390625
0 0.85 0.3328125 0.04375 0.04140625
0 0.74140625 0.4796875 0.06875 0.053125
0 0.97578125 0.20546875 0.0484375 0.0375
1 0.9625 0.13828125 0.075 0.1375
0 0.7078125 0.44921875 0.0390625 0.04296875
0 0.31015625 0.29453125 0.05234375 0.040625
0 0.0453125 0.40390625 0.07265625 0.0609375
0 0.9328125 0.31484375 0.0703125 0.053125
0 0.33125 0.19609375 0.05390625 0.0390625
0 0.99140625 0.26875 0.0171875 0.05078125
0 0.903125 0.19140625 0.06640625 0.0375
0 0.1296875 0.2921875 0.05390625 0.0390625
0 0.0734375 0.32265625 0.0625 0.04375
0 0.2921875 0.209375 0.04609375 0.0390625
0 0.7109375 0.7125 0.0265625 0.028125
0 0.2515625 0.76015625 0.0375 0.034375
0 0.2421875 0.7375 0.025 0.01875
0 0.05625 0.73828125 0.02890625 0.021875
0 0.24921875 0.85546875 0.02734375 0.0609375
0 0.94765625 0.5953125 0.0359375 0.02734375
0 0.7546875 0.45 0.0328125 0.0265625
0 0.9703125 0.525 0.0109375 0.00859375
0 0.7796875 0.6703125 0.0421875 0.0375
0 0.7734375 0.690625 0.0265625 0.021875
0 0.96484375 0.5828125 0.0109375 0.01015625
0 0.7234375 0.38046875 0.03984375 0.025
0 0.8328125 0.64140625 0.0390625 0.02890625
0 0.85 0.5015625 0.0171875 0.0171875
0 0.715625 0.36328125 0.03359375 0.01953125
0 0.92890625 0.5296875 0.01484375 0.0109375
0 0.78984375 0.46015625 0.01640625 0.01328125
0 0.9703125 0.53359375 0.0140625 0.009375
0 0.92578125 0.575 0.0140625 0.01015625
0 0.9265625 0.55234375 0.0109375 0.01015625
0 0.79765625 0.46875 0.02734375 0.015625
0 0.790625 0.37265625 0.02890625 0.0140625
0 0.76875 0.38359375 0.0328125 0.0171875
0 0.9671875 0.57421875 0.0109375 0.00859375
0 0.79609375 0.4796875 0.0265625 0.0171875
0 0.76875 0.65625 0.01640625 0.01484375
0 0.64140625 0.65546875 0.0421875 0.03359375
0 0.9671875 0.5671875 0.01015625 0.0078125
0 0.87265625 0.6375 0.0265625 0.0203125
0 0.9703125 0.51875 0.0109375 0.0078125
0 0.6875 0.690625 0.0296875 0.025
0 0.9703125 0.53984375 0.0109375 0.0078125
0 0.96953125 0.54609375 0.01015625 0.0078125
0 0.9296875 0.54140625 0.0125 0.00859375
0 0.96796875 0.56015625 0.0109375 0.00859375
0 0.96875 0.553125 0.0109375 0.0078125
0 0.771875 0.37265625 0.01875 0.0125
0 0.51015625 0.49453125 0.02265625 0.0125
0 0.81875 0.353125 0.04140625 0.03203125
0 0.87890625 0.340625 0.03984375 0.03359375
0 0.378125 0.19140625 0.04375 0.03671875
0 0.2640625 0.215625 0.01015625 0.00859375
0 0.5859375 0.2703125 0.0375 0.021875
0 0.6015625 0.253125 0.0453125 0.02890625
0 0.5796875 0.38828125 0.0296875 0.0203125
0 0.5859375 0.40703125 0.02734375 0.021875
0 0.6265625 0.4359375 0.0578125 0.05234375
0 0.6703125 0.5171875 0.0125 0.0078125
0 0.6703125 0.50859375 0.01640625 0.0140625
0 0.646875 0.5078125 0.01640625 0.00625
0 0.65625 0.49921875 0.04140625 0.021875
0 0.67421875 0.6140625 0.01640625 0.0140625
0 0.68671875 0.61015625 0.0140625 0.00859375
0 0.6828125 0.60234375 0.0265625 0.015625
0 0.8875 0.63515625 0.0203125 0.0171875