0 0.428125 0.2453125 0.10859375 0.134375
0 0.79453125 0.38671875 0.0984375 0.0734375
0 0.4515625 0.34765625 0.07265625 0.065625
0 0.23359375 0.85 0.0828125 0.0578125
0 0.50078125 0.47421875 0.0515625 0.0359375
0 0.671875 0.7171875 0.07890625 0.06953125
0 0.8546875 0.121875 0.1421875 0.0484375
0 0.1890625 0.80234375 0.06015625 0.04140625
0 0.59765625 0.146875 0.1546875 0.1265625
0 0.8046875 0.51015625 0.0953125 0.059375
0 0.1921875 0.75859375 0.06484375 0.04609375
0 0.3234375 0.81484375 0.08125 0.07578125
0 0.95390625 0.46328125 0.0921875 0.0890625
0 0.5234375 0.309375 0.0609375 0.065625
0 0.8015625 0.45234375 0.1 0.0609375
0 0.125 0.81640625 0.0671875 0.0421875
0 0.9203125 0.1578125 0.03984375 0.034375
0 0.1890625 0.70546875 0.0359375 0.0375
0 0.26640625 0.5484375 0.06015625 0.046875
0 0.0828125 0.84765625 0.05859375 0.03125
1 0.07265625 0.91640625 0.1453125 0.121875
0 0.30546875 0.575 0.03125 0.040625
0 0.73046875 0.68046875 0.04609375 0.0359375
0 0.96875 0.54140625 0.0625 0.0546875
0 0.1109375 0.73359375 0.0609375 0.046875
0 0.7296875 0.78046875 0.04765625 0.034375
0 0.03515625 0.7890625 0.06484375 0.04296875
0 0.16640625 0.85234375 0.06015625 0.03125
0 0.90859375 0.66171875 0.04765625 0.03359375
0 0.95859375 0.625 0.0546875 0.03828125
0 0.76640625 0.7625 0.03984375 0.034375
0 0.246875 0.31484375 0.02109375 0.0265625
0 0.690625 0.2140625 0.03125 0.03203125
0 0.7046875 0.2359375 0.02265625 0.015625
0 0.8890625 0.2125 0.025 0.01875
0 0.6734375 0.1203125 0.01484375 0.06015625
0 0.03828125 0.4578125 0.03125 0.0234375
0 0.25859375 0.57890625 0.02734375 0.0234375
0 0.0296875 0.53046875 0.01015625 0.0078125
0 0.18828125 0.36484375 0.0359375 0.03359375
0 0.18984375 0.34375 0.02265625 0.01875
0 0.0234375 0.4734375 0.01015625 0.009375
0 0.3046875 0.64453125 0.0359375 0.021875
0 0.1421875 0.4 0.03359375 0.025
0 0.15390625 0.53984375 0.01484375 0.01484375
0 0.315625 0.66015625 0.03125 0.015625
0 0.0703125 0.5203125 0.0125 0.01015625
0 0.221875 0.5734375 0.0140625 0.0109375
0 0.02890625 0.52265625 0.0125 0.00859375
0 0.0640625 0.47578125 0.0125 0.009375
0 0.0671875 0.4984375 0.01015625 0.009375
0 0.2125 0.56640625 0.025 0.01328125
0 0.2390625 0.66015625 0.0265625 0.0109375
0 0.25859375 0.646875 0.0296875 0.01328125
0 0.0234375 0.48203125 0.01015625 0.0078125
0 0.21171875 0.55546875 0.0234375 0.0140625
0 0.2015625 0.3765625 0.0140625 0.01328125
0 0.328125 0.3625 0.0359375 0.0296875
0 0.02421875 0.4890625 0.00859375 0.00625
0 0.10390625 0.4078125 0.02265625 0.01796875
0 0.03125 0.53671875 0.01015625 0.00625
0 0.275 0.33359375 0.025 0.02265625
0 0.02734375 0.515625 0.01015625 0.00625
0 0.0265625 0.509375 0.00859375 0.00625
0 0.0671875 0.51015625 0.0109375 0.0078125
0 0.025 0.49609375 0.01015625 0.0078125
0 0.0265625 0.503125 0.01015625 0.00625
0 0.2578125 0.6578125 0.01640625 0.01015625
0 0.49140625 0.50625 0.0203125 0.01015625
0 0.215625 0.68203125 0.0359375 0.028125
0 0.159375 0.70234375 0.03359375 0.0296875
0 0.68515625 0.790625 0.0375 0.0328125
0 0.7921875 0.753125 0.00859375 0.0078125
0 0.46328125 0.73671875 0.03359375 0.01796875
0 0.45078125 0.75546875 0.03984375 0.02421875
0 0.44453125 0.61953125 0.0265625 0.01796875
0 0.434375 0.60234375 0.0234375 0.01875
0 0.3890625 0.578125 0.0484375 0.04765625
0 0.328125 0.503125 0.0109375 0.00625
0 0.33046875 0.51171875 0.0140625 0.0125
0 0.353125 0.51015625 0.01484375 0.0046875
0 0.3453125 0.51875 0.0375 0.01796875
0 0.30390625 0.4078125 0.0140625 0.0125
0 0.2921875 0.41328125 0.0125 0.0078125
0 0.29765625 0.4203125 0.0234375 0.01328125
0 0.0890625 0.41171875 0.0171875 0.01484375