1 0.853125 0.2859375 0.16640625 0.0890625
1 0.75078125 0.2890625 0.1640625 0.08671875
1 0.34375 0.3984375 0.20625 0.1015625
1 0.89375 0.37578125 0.2125 0.12265625
1 0.43359375 0.56796875 0.31640625 0.09921875
0 0.14375 0.33671875 0.0828125 0.04375
0 0.97265625 0.51953125 0.0546875 0.0578125
1 0.65 0.4484375 0.13984375 0.06875
0 0.09765625 0.6265625 0.0875 0.053125
1 0.22734375 0.33828125 0.13125 0.06953125
0 0.2703125 0.70390625 0.14765625 0.06015625
1 0.57109375 0.63828125 0.1421875 0.06328125
0 0.02109375 0.69453125 0.0421875 0.0453125
1 0.5328125 0.34453125 0.28125 0.1546875
0 0.26484375 0.675 0.0625 0.03515625
0 0.590625 0.43984375 0.08125 0.05625
1 0.2984375 0.5671875 0.1796875 0.065625
0 0.9265625 0.584375 0.04140625 0.021875
0 0.9234375 0.4921875 0.04375 0.0234375
0 0.9078125 0.6203125 0.05234375 0.02109375
0 0.96484375 0.52109375 0.0171875 0.0109375
0 0.75 0.73515625 0.0578125 0.02421875
0 0.78828125 0.73671875 0.0625 0.0234375
0 0.7453125 0.6921875 0.02890625 0.01796875
0 0.77734375 0.25 0.05390625 0.0234375
0 0.41640625 0.25625 0.0234375 0.01328125
0 0.54296875 0.43203125 0.04140625 0.025
0 0.75 0.54609375 0.0484375 0.03203125
0 0.8203125 0.45234375 0.04375 0.0234375
0 0.7140625 0.53828125 0.01640625 0.00859375
0 0.7140625 0.77734375 0.04140625 0.02578125
0 0.709375 0.72578125 0.05 0.02421875
0 0.48125 0.60234375 0.0359375 0.01796875
0 0.2609375 0.59375 0.0359375 0.01796875
0 0.5984375 0.628125 0.02890625 0.0125
0 0.14140625 0.7390625 0.03984375 0.02578125
0 0.57421875 0.62265625 0.03515625 0.0125
0 0.05546875 0.584375 0.0234375 0.0109375
1 0.3546875 0.39140625 0.0609375 0.0375
1 0.5640625 0.35703125 0.13125 0.0796875