1 0.94296875 0.63125 0.1140625 0.09140625
1 0.92734375 0.57734375 0.1453125 0.08984375
1 0.63046875 0.3875 0.1734375 0.1140625
1 0.8265625 0.68828125 0.2109375 0.1375
1 0.365625 0.4828125 0.16640625 0.1765625
0 0.68125 0.2625 0.0765625 0.0453125
0 0.5984375 0.771875 0.10625 0.0484375
1 0.6296875 0.5671875 0.11875 0.0765625
0 0.1734375 0.3171875 0.09140625 0.04765625
1 0.7015625 0.3078125 0.12109375 0.07265625
0 0.0890625 0.43203125 0.10234375 0.08203125
1 0.28359375 0.5765625 0.10859375 0.07890625
0 0.03359375 0.28359375 0.0671875 0.04609375
1 0.77421875 0.475 0.2671875 0.1546875
0 0.1359375 0.42109375 0.0609375 0.034375
0 0.628125 0.53203125 0.09765625 0.04375
1 0.33046875 0.409375 0.1109375 0.1
0 0.98671875 0.78671875 0.0265625 0.10390625
0 0.4734375 0.75390625 0.0375 0.02265625
0 0.63046875 0.7265625 0.04140625 0.02421875
0 0.40703125 0.75390625 0.0359375 0.0296875
0 0.59140625 0.75703125 0.01875 0.01015625
0 0.1671875 0.7 0.04140625 0.03203125
0 0.17421875 0.72109375 0.03984375 0.03515625
0 0.2390625 0.6859375 0.03125 0.01640625
0 0.99140625 0.58046875 0.0171875 0.0296875
0 0.89296875 0.3875 0.0234375 0.01328125
0 0.628125 0.5046875 0.04375 0.02265625
0 0.490625 0.64765625 0.0546875 0.0265625
0 0.6703125 0.66015625 0.04140625 0.02421875
0 0.49375 0.6265625 0.0140625 0.009375
0 0.0859375 0.6921875 0.0453125 0.02265625
0 0.17109375 0.67578125 0.04140625 0.02734375
0 0.3203125 0.51796875 0.0296875 0.01953125
0 0.2734375 0.396875 0.0296875 0.01953125
0 0.3078125 0.58828125 0.02109375 0.01640625
0 0.0078125 0.371875 0.01484375 0.021875
0 0.3109375 0.57421875 0.02109375 0.01953125
0 0.23359375 0.2828125 0.0203125 0.01328125
1 0.6453125 0.39140625 0.06484375 0.0328125
1 0.76171875 0.4953125 0.1375 0.071875