0 0.55859375 0.459375 0.1015625 0.0734375
1 0.52890625 0.15703125 0.1328125 0.07109375
0 0.96953125 0.54609375 0.0609375 0.0578125
0 0.88671875 0.29296875 0.08984375 0.0328125
1 0.19296875 0.26875 0.3 0.1375
0 0.70078125 0.36484375 0.09765625 0.03359375
1 0.15625 0.2234375 0.12890625 0.0765625
1 0.440625 0.1421875 0.12734375 0.04296875
0 0.4140625 0.6765625 0.10390625 0.025
0 0.73203125 0.12578125 0.0328125 0.028125
0 0.76171875 0.2328125 0.02734375 0.0265625
0 0.88046875 0.42421875 0.02734375 0.0265625
0 0.784375 0.40703125 0.02734375 0.021875
0 0.97421875 0.48203125 0.04140625 0.01953125
0 0.7859375 0.375 0.04765625 0.015625
0 0.7453125 0.3859375 0.02734375 0.01328125
0 0.3015625 0.37734375 0.02265625 0.0234375
0 0.61953125 0.32578125 0.02265625 0.015625
0 0.6140625 0.27421875 0.02109375 0.015625
0 0.3046875 0.31875 0.02109375 0.02265625
0 0.30625 0.30078125 0.0203125 0.02265625
0 0.384375 0.3703125 0.0109375 0.01015625
0 0.334375 0.24453125 0.04375 0.0296875
0 0.3859375 0.4390625 0.01484375 0.00859375
0 0.5890625 0.58515625 0.0125 0.0171875
0 0.60234375 0.57421875 0.04140625 0.0125
0 0.46484375 0.6828125 0.0390625 0.01484375
0 0.103125 0.2859375 0.0234375 0.0140625
0 0.1671875 0.22109375 0.02734375 0.02421875
0 0.07109375 0.3015625 0.03125 0.025
0 0.2125 0.48203125 0.01484375 0.009375
0 0.3234375 0.4390625 0.02265625 0.0125
0 0.1609375 0.4953125 0.01875 0.01015625
0 0.1421875 0.73046875 0.01640625 0.0109375
0 0.63046875 0.67890625 0.01875 0.0265625
0 0.4890625 0.55546875 0.02109375 0.00859375
0 0.49609375 0.54921875 0.0125 0.0078125
0 0.62734375 0.378125 0.02890625 0.01328125
0 0.5203125 0.39375 0.0390625 0.01484375
0 0.81796875 0.365625 0.0125 0.01328125
0 0.4796875 0.20625 0.0484375 0.03203125
0 0.4453125 0.21484375 0.0421875 0.0375
0 0.28515625 0.209375 0.025 0.01015625
0 0.13984375 0.78515625 0.17109375 0.0375
0 0.15390625 0.7234375 0.22265625 0.0390625
0 0.453125 0.69453125 0.34375 0.053125
0 0.4546875 0.7 0.01015625 0.00390625
0 0.4734375 0.41484375 0.2890625 0.059375
0 0.71328125 0.37734375 0.20390625 0.034375
0 0.425 0.43359375 0.25625 0.053125
0 0.16484375 0.4890625 0.2890625 0.07421875