0 0.45625 0.45 0.08515625 0.06640625
1 0.05234375 0.425 0.07734375 0.090625
0 0.6359375 0.15625 0.0671875 0.04296875
0 0.28828125 0.18125 0.03125 0.06484375
1 0.146875 0.69140625 0.14140625 0.2109375
0 0.353125 0.33046875 0.03125 0.0703125
1 0.08125 0.71171875 0.08515625 0.08828125
1 0.01953125 0.4875 0.0390625 0.0921875
0 0.71875 0.59140625 0.0171875 0.0765625
0 0.04296875 0.26953125 0.03359375 0.0203125
0 0.1890625 0.2640625 0.0328125 0.0171875
0 0.46015625 0.20625 0.0328125 0.0171875
0 0.42265625 0.275 0.025 0.01796875
0 0.55 0.14609375 0.0203125 0.02890625
0 0.38046875 0.26875 0.0140625 0.034375
0 0.38828125 0.3 0.0140625 0.01953125
0 0.3078125 0.62734375 0.02890625 0.0140625
0 0.2890625 0.384375 0.01875 0.01484375
0 0.2203125 0.3796875 0.01875 0.0140625
0 0.23125 0.61640625 0.02734375 0.01328125
0 0.2078125 0.6125 0.02734375 0.0125
0 0.3109375 0.56484375 0.0125 0.0078125
0 0.13671875 0.5828125 0.03359375 0.02890625
0 0.4015625 0.575 0.00859375 0.01015625
0 0.62578125 0.44765625 0.02109375 0.00625
0 0.6140625 0.4359375 0.01015625 0.0296875
0 0.73515625 0.5546875 0.01484375 0.02734375
0 0.15546875 0.76015625 0.01640625 0.015625
0 0.08046875 0.70234375 0.02890625 0.01796875
0 0.17109375 0.7859375 0.0296875 0.0203125
0 0.43125 0.71015625 0.01015625 0.01015625
0 0.3921875 0.62109375 0.0140625 0.01484375
0 0.440625 0.75 0.0109375 0.01328125
0 0.746875 0.8015625 0.0125 0.0109375
0 0.75546875 0.43125 0.03359375 0.01015625
0 0.57109375 0.51640625 0.00859375 0.01484375
0 0.5640625 0.51015625 0.00859375 0.00859375
0 0.359375 0.38671875 0.0140625 0.0203125
0 0.36328125 0.46875 0.01484375 0.02734375
0 0.3734375 0.24296875 0.01640625 0.0078125
0 0.11015625 0.46875 0.0359375 0.0328125
0 0.115625 0.49609375 0.0453125 0.02734375
0 0.08359375 0.6140625 0.01015625 0.01796875
0 0.81953125 0.81484375 0.0234375 0.13515625
0 0.73984375 0.81640625 0.0171875 0.2171875
0 0.7484375 0.56484375 0.0171875 0.25859375
0 0.75546875 0.56484375 0.00390625 0.0078125
0 0.384375 0.50625 0.03359375 0.215625
0 0.37265625 0.32265625 0.01484375 0.153125
0 0.40078125 0.5453125 0.0328125 0.190625
0 0.4328125 0.746875 0.0546875 0.2125