0 0.534375 0.55390625 0.09609375 0.075
1 0.9296875 0.62109375 0.09375 0.0984375
0 0.3015625 0.82578125 0.075 0.05
0 0.65078125 0.8375 0.0421875 0.0671875
1 0.88515625 0.34765625 0.17890625 0.22421875
0 0.6140625 0.68359375 0.04375 0.0734375
1 0.9515625 0.334375 0.09609375 0.096875
1 0.97265625 0.5609375 0.0546875 0.09375
0 0.30078125 0.38671875 0.03125 0.078125
0 0.91015625 0.77578125 0.0375 0.02421875
0 0.7640625 0.765625 0.03515625 0.01953125
0 0.48515625 0.7953125 0.03515625 0.01953125
0 0.53515625 0.73125 0.02734375 0.0203125
0 0.38515625 0.84609375 0.025 0.03125
0 0.575 0.7421875 0.0203125 0.0359375
0 0.5734375 0.709375 0.0171875 0.0203125
0 0.7140625 0.39375 0.03125 0.0171875
0 0.68671875 0.63671875 0.02109375 0.0171875
0 0.7546875 0.6484375 0.02109375 0.015625
0 0.7875 0.4125 0.0296875 0.015625
0 0.8109375 0.41875 0.0296875 0.01484375
0 0.6984375 0.4546875 0.0140625 0.00859375
0 0.875 0.45625 0.0390625 0.03203125
0 0.6109375 0.4359375 0.01015625 0.0109375
0 0.365625 0.5390625 0.02265625 0.00859375
0 0.37578125 0.5515625 0.01484375 0.03125
0 0.27734375 0.421875 0.0203125 0.028125
0 0.8890625 0.278125 0.01875 0.01796875
0 0.953125 0.34375 0.03125 0.0203125
0 0.87890625 0.25078125 0.03359375 0.0234375
0 0.60703125 0.29921875 0.0109375 0.0109375
0 0.6296875 0.39140625 0.01640625 0.015625
0 0.6046875 0.2578125 0.0140625 0.0140625
0 0.3109375 0.17578125 0.01484375 0.0125
0 0.234375 0.54140625 0.03515625 0.0140625
0 0.4328125 0.47578125 0.0109375 0.015625
0 0.43828125 0.4828125 0.01015625 0.009375
0 0.61796875 0.62734375 0.0171875 0.021875
0 0.6296875 0.5453125 0.0203125 0.028125
0 0.578125 0.7671875 0.0171875 0.009375
0 0.88046875 0.57109375 0.0421875 0.03671875
0 0.8796875 0.54453125 0.05 0.03203125
0 0.9328125 0.43046875 0.0140625 0.01875
0 0.2421875 0.1546875 0.0484375 0.1359375
0 0.32109375 0.1609375 0.0578125 0.2171875
0 0.265625 0.409375 0.06484375 0.2578125
0 0.25859375 0.409375 0.0046875 0.0078125
0 0.615625 0.50546875 0.0734375 0.2171875
0 0.59296875 0.6890625 0.04375 0.153125
0 0.60703125 0.465625 0.0671875 0.1921875
0 0.6125 0.2625 0.09375 0.21640625