1 0.4984375 0.7484375 0.35234375 0.2140625
1 0.18203125 0.7640625 0.29765625 0.178125
1 0.8390625 0.37265625 0.16875 0.14375
0 0.0765625 0.51015625 0.05390625 0.03828125
1 0.76953125 0.675 0.2234375 0.24765625
0 0.32421875 0.0171875 0.10625 0.03359375
0 0.7796875 0.665625 0.0609375 0.04375
0 0.0265625 0.62421875 0.05234375 0.04375
0 0.0234375 0.553125 0.04609375 0.05234375
0 0.16796875 0.01875 0.0484375 0.0375
0 0.2359375 0.35234375 0.04765625 0.04296875
1 0.8765625 0.7296875 0.15 0.1015625
0 0.20390625 0.478125 0.05 0.04296875
0 0.74296875 0.25625 0.03984375 0.0421875
0 0.15078125 0.425 0.0421875 0.05546875
0 0.1390625 0.39453125 0.0640625 0.103125
0 0.1078125 0.3484375 0.04140625 0.0609375
0 0.0640625 0.353125 0.04375 0.06171875
0 0.0609375 0.12734375 0.04375 0.04375
0 0.2453125 0.1171875 0.0375 0.02890625
0 0.21875 0.09921875 0.03359375 0.025
0 0.1296875 0.11640625 0.03984375 0.01875
0 0.82734375 0.178125 0.0328125 0.0234375
0 0.73671875 0.19296875 0.03515625 0.0296875
0 0.92109375 0.18828125 0.01640625 0.0109375
0 0.1421875 0.334375 0.03125 0.0265625
0 0.17265625 0.38125 0.0171875 0.01875
0 0.63359375 0.4375 0.01640625 0.0125
0 0.56875 0.60859375 0.0140625 0.00859375
0 0.58203125 0.61484375 0.0109375 0.0078125
0 0.525 0.63359375 0.0125 0.01015625
0 0.81328125 0.36015625 0.025 0.01484375
0 0.88046875 0.36796875 0.0359375 0.03125
0 0.92578125 0.57578125 0.0234375 0.01875
0 0.7390625 0.3875 0.03359375 0.03828125
0 0.984375 0.47109375 0.02890625 0.02421875
0 0.69765625 0.6765625 0.04609375 0.034375
0 0.96015625 0.49453125 0.01640625 0.0171875
0 0.971875 0.50390625 0.02890625 0.02421875
0 0.88203125 0.55390625 0.0125 0.01015625
0 0.83359375 0.65 0.01640625 0.0140625
0 0.9171875 0.6484375 0.01484375 0.01484375
0 0.9765625 0.54296875 0.0171875 0.0109375
0 0.83203125 0.59296875 0.02265625 0.021875
0 0.89140625 0.5375 0.01875 0.01796875
0 0.77578125 0.521875 0.01015625 0.01015625
0 0.8953125 0.396875 0.0109375 0.0125
0 0.7046875 0.50859375 0.01015625 0.009375
0 0.9546875 0.65390625 0.01484375 0.0109375
0 0.2046875 0.79921875 0.02109375 0.01484375
0 0.1390625 0.7734375 0.0203125 0.01484375
0 0.546875 0.71484375 0.0265625 0.021875
0 0.546875 0.74375 0.03125 0.0171875
0 0.56484375 0.76640625 0.02734375 0.0171875
0 0.61796875 0.7640625 0.0125 0.0109375
0 0.55546875 0.7609375 0.01484375 0.009375
0 0.640625 0.78125 0.0140625 0.0125
1 0.96875 0.7109375 0.02265625 0.0390625
0 0.975 0.60546875 0.02109375 0.0203125
1 0.86875 0.66875 0.11875 0.13515625
1 0.953125 0.6609375 0.06640625 0.0546875
1 0.9140625 0.66328125 0.15 0.1296875
0 0.1890625 0.3421875 0.04609375 0.034375
0 0.89453125 0.2265625 0.0125 0.009375
0 0.8671875 0.1765625 0.025 0.0109375
0 0.8828125 0.35859375 0.01015625 0.00625
0 0.815625 0.353125 0.01015625 0.00625
0 0.98828125 0.52265625 0.0234375 0.02734375
0 0.97890625 0.51875 0.02734375 0.0296875
0 0.96328125 0.521875 0.025 0.0265625
0 0.9734375 0.4859375 0.02265625 0.01875
0 0.996875 0.39609375 0.00625 0.0359375
0 0.99453125 0.371875 0.0109375 0.0375
0 0.7453125 0.3640625 0.0375 0.04765625
0 0.74921875 0.35390625 0.03359375 0.03203125
0 0.74609375 0.3203125 0.04375 0.040625
0 0.746875 0.30625 0.0390625 0.03125
0 0.75 0.29453125 0.02109375 0.0140625