0 0.76328125 0.43359375 0.1640625 0.146875
0 0.76875 0.65390625 0.12265625 0.08828125
0 0.8390625 0.603125 0.11484375 0.08515625
0 0.1875 0.12890625 0.13984375 0.1
0 0.2484375 0.55234375 0.0921875 0.0890625
0 0.7890625 0.325 0.06875 0.04375
0 0.6734375 0.20234375 0.0703125 0.04765625
0 0.5890625 0.5109375 0.0953125 0.0765625
0 0.4171875 0.29453125 0.0546875 0.0453125
0 0.9203125 0.61640625 0.06875 0.04765625
0 0.16484375 0.0296875 0.12734375 0.059375
0 0.7953125 0.16875 0.07890625 0.0546875
0 0.5875 0.2046875 0.0578125 0.0421875
0 0.60625 0.04296875 0.05 0.0265625
0 0.4296875 0.421875 0.1109375 0.1171875
0 0.328125 0.40859375 0.04609375 0.05078125
0 0.865625 0.671875 0.0640625 0.1
0 0.8203125 0.73828125 0.04375 0.0296875
0 0.9421875 0.39375 0.1125 0.09375
0 0.50390625 0.46640625 0.11015625 0.109375
0 0.9515625 0.2671875 0.0609375 0.04140625
0 0.28203125 0.0109375 0.0953125 0.021875
0 0.2640625 0.1453125 0.0703125 0.0265625
0 0.97890625 0.46875 0.0421875 0.07109375
0 0.30078125 0.14140625 0.07109375 0.0328125
0 0.565625 0.18359375 0.01640625 0.015625
0 0.4078125 0.00546875 0.05234375 0.0109375
0 0.196875 0.809375 0.0390625 0.01953125
0 0.1328125 0.7375 0.0171875 0.0140625
0 0.21640625 0.9796875 0.025 0.0140625
0 0.78125 0.91796875 0.0328125 0.025
0 0.8734375 0.884375 0.0296875 0.02421875
0 0.5765625 0.45390625 0.02265625 0.0171875
0 0.571875 0.4359375 0.0203125 0.01875
0 0.55234375 0.43203125 0.01875 0.0125