0 0.6203125 0.68828125 0.21484375 0.13984375
0 0.32890625 0.71875 0.13125 0.10234375
0 0.4046875 0.76484375 0.12734375 0.0953125
0 0.921875 0.22421875 0.0890625 0.1109375
0 0.4 0.31953125 0.12890625 0.0796875
0 0.7671875 0.69375 0.06640625 0.05625
0 0.915625 0.59296875 0.07109375 0.0578125
0 0.49609375 0.5671875 0.1140625 0.0796875
0 0.7625 0.41328125 0.06640625 0.046875
0 0.39765625 0.82734375 0.07109375 0.05703125
0 0.96640625 0.6796875 0.0671875 0.065625
0 0.9015625 0.52890625 0.0625 0.04765625
0 0.59453125 0.43828125 0.16875 0.09765625
0 0.6 0.3609375 0.07265625 0.040625
0 0.3171875 0.79296875 0.13984375 0.06015625
0 0.2234375 0.7671875 0.0453125 0.03671875
0 0.6953125 0.81640625 0.1375 0.0953125
0 0.5453125 0.4984375 0.15859375 0.0953125
0 0.86328125 0.8078125 0.0625 0.05078125
0 0.940625 0.28125 0.04375 0.05546875
0 0.6 0.85234375 0.1 0.040625
0 0.95 0.30703125 0.05234375 0.05703125
0 0.92734375 0.51015625 0.02265625 0.0140625
0 0.05390625 0.31171875 0.03125 0.03125
0 0.14140625 0.25546875 0.02109375 0.01484375
0 0.5703125 0.5515625 0.025 0.01875
0 0.59375 0.5453125 0.02734375 0.0171875
0 0.59609375 0.53125 0.01875 0.01484375