1 0.21640625 0.61875 0.2046875 0.08515625
1 0.25859375 0.321875 0.2046875 0.09140625
1 0.17890625 0.48828125 0.18125 0.07578125
1 0.440625 0.721875 0.20625 0.05703125
0 0.62421875 0.24375 0.06640625 0.03515625
0 0.7296875 0.29609375 0.02734375 0.015625
0 0.828125 0.25 0.0359375 0.0140625
0 0.53984375 0.390625 0.0203125 0.00859375
0 0.446875 0.25 0.0265625 0.0140625
0 0.578125 0.38984375 0.01640625 0.0078125
0 0.5453125 0.38203125 0.02265625 0.00859375
0 0.30078125 0.234375 0.01640625 0.01015625
0 0.6828125 0.3859375 0.0171875 0.00546875
0 0.76328125 0.4828125 0.01484375 0.009375
0 0.69921875 0.50703125 0.01640625 0.0078125
0 0.3390625 0.5109375 0.0109375 0.0078125
0 0.6828125 0.5046875 0.0171875 0.00703125
0 0.2359375 0.50859375 0.01875 0.00859375
0 0.3609375 0.46796875 0.0125 0.00390625
0 0.6671875 0.590625 0.01640625 0.009375
0 0.6875 0.55625 0.0125 0.0078125
0 0.3109375 0.7265625 0.0515625 0.03203125
0 0.34453125 0.69453125 0.05625 0.02578125
0 0.3484375 0.66484375 0.0453125 0.0296875
0 0.2359375 0.71328125 0.02109375 0.0140625
0 0.20390625 0.74453125 0.0125 0.0078125
0 0.6390625 0.6890625 0.0234375 0.01171875
0 0.4 0.74296875 0.06484375 0.01875
0 0.6015625 0.66640625 0.03125 0.01484375
0 0.19453125 0.6671875 0.0125 0.00625
0 0.49375 0.76875 0.0171875 0.009375
0 0.03125 0.69375 0.0296875 0.01484375
0 0.10859375 0.725 0.0203125 0.0109375
0 0.0875 0.6546875 0.0125 0.00703125
0 0.13984375 0.67734375 0.0203125 0.01015625
0 0.00625 0.71171875 0.0109375 0.00703125
0 0.14296875 0.20234375 0.0984375 0.0453125
0 0.13125 0.1921875 0.0203125 0.0109375
0 0.30390625 0.31328125 0.0078125 0.00390625
0 0.2890625 0.3609375 0.00859375 0.00390625
0 0.1453125 0.49453125 0.0078125 0.00390625
0 0.4609375 0.74296875 0.0125 0.00390625
0 0.53828125 0.73515625 0.00625 0.00703125
0 0.69921875 0.3875 0.01640625 0.0046875
0 0.6140625 0.6296875 0.0078125 0.00390625
0 0.0171875 0.47265625 0.00625 0.00390625