1 0.64375 0.55 0.275 0.184375
1 0.78359375 0.5109375 0.13984375 0.090625
1 0.83984375 0.51796875 0.1953125 0.1640625
0 0.9265625 0.6 0.05625 0.06953125
0 0.2125 0.5609375 0.0515625 0.0390625
1 0.80859375 0.65390625 0.0703125 0.05
1 0.56796875 0.503125 0.14375 0.171875
1 0.2046875 0.68515625 0.27109375 0.17421875
0 0.7609375 0.284375 0.0734375 0.053125
0 0.06875 0.53125 0.0453125 0.0359375
0 0.19296875 0.24296875 0.0265625 0.01484375
0 0.51875 0.2453125 0.0375 0.0328125
0 0.3984375 0.29921875 0.0359375 0.03203125
0 0.575 0.18359375 0.01640625 0.015625
0 0.9875 0.28359375 0.025 0.03671875
0 0.9609375 0.240625 0.0171875 0.01484375
0 0.86015625 0.21875 0.0203125 0.0109375
0 0.7203125 0.30703125 0.01484375 0.01015625
0 0.10625 0.38203125 0.0296875 0.025
0 0.03515625 0.5359375 0.04140625 0.0328125
0 0.22109375 0.503125 0.0234375 0.0234375
0 0.08515625 0.5640625 0.04140625 0.03125
0 0.12734375 0.6 0.02109375 0.0171875
0 0.184375 0.42890625 0.01875 0.0171875
0 0.0890625 0.52421875 0.0171875 0.01484375
0 0.3796875 0.6125 0.0109375 0.00859375
0 0.86484375 0.63046875 0.0203125 0.01484375
0 0.85546875 0.640625 0.02109375 0.01328125
0 0.1078125 0.7125 0.04140625 0.0328125
0 0.115625 0.6703125 0.03125 0.02421875
0 0.8 0.79140625 0.01875 0.01328125
0 0.4953125 0.74296875 0.01484375 0.0140625
0 0.21171875 0.74453125 0.0171875 0.0140625
0 0.2078125 0.56171875 0.02734375 0.021875
0 0.08125 0.51484375 0.01484375 0.01015625
0 0.06796875 0.51015625 0.01484375 0.0109375
0 0.7609375 0.28125 0.06484375 0.028125
0 0.7734375 0.29296875 0.0375 0.02421875
0 0.80859375 0.29296875 0.04609375 0.03359375
0 0.8140625 0.64765625 0.01015625 0.0078125
0 0.5703125 0.58203125 0.0109375 0.009375
0 0.63515625 0.58046875 0.0546875 0.03671875
0 0.8453125 0.50390625 0.0109375 0.00859375
0 0.609375 0.4546875 0.00859375 0.00625