1 0.3421875 0.4859375 0.275 0.184375
1 0.22578125 0.5546875 0.13984375 0.090625
1 0.16953125 0.56171875 0.1953125 0.1640625
0 0.053125 0.50390625 0.05625 0.06953125
0 0.7484375 0.37578125 0.0515625 0.0390625
1 0.14296875 0.425 0.0703125 0.05
1 0.43359375 0.5125 0.14375 0.171875
1 0.7046875 0.25546875 0.27109375 0.17421875
0 0.34140625 0.765625 0.0734375 0.053125
0 0.89765625 0.3703125 0.0453125 0.0359375
0 0.8984375 0.67265625 0.0265625 0.01484375
0 0.58671875 0.746875 0.0375 0.0328125
0 0.67890625 0.6671875 0.0359375 0.03203125
0 0.55859375 0.81875 0.01640625 0.015625
0 0.1171875 0.8203125 0.04140625 0.03671875
0 0.16875 0.85390625 0.0171875 0.01484375
0 0.2734375 0.85078125 0.0203125 0.0109375
0 0.3703125 0.73515625 0.01484375 0.01015625
0 0.92265625 0.5203125 0.0296875 0.025
0 0.92734375 0.3578125 0.04140625 0.0328125
0 0.7640625 0.4328125 0.0234375 0.0234375
0 0.86875 0.34375 0.04140625 0.03125
0 0.8125 0.31796875 0.02109375 0.0171875
0 0.8296875 0.49453125 0.01875 0.0171875
0 0.88125 0.38203125 0.0171875 0.01484375
0 0.5671875 0.365625 0.0109375 0.00859375
0 0.09921875 0.4609375 0.0203125 0.01484375
0 0.10390625 0.44921875 0.02109375 0.01328125
0 0.7859375 0.20703125 0.04140625 0.0328125
0 0.7953125 0.24921875 0.03125 0.02421875
0 0.0953125 0.2921875 0.01875 0.01328125
0 0.4046875 0.2671875 0.01484375 0.0140625
0 0.6734375 0.20078125 0.0171875 0.0140625
0 0.75234375 0.37421875 0.02734375 0.021875
0 0.8921875 0.3890625 0.01484375 0.01015625
0 0.90625 0.390625 0.01484375 0.0109375
0 0.3421875 0.76796875 0.06484375 0.028125
0 0.32421875 0.76015625 0.0375 0.02421875
0 0.29140625 0.76796875 0.04609375 0.03359375
0 0.13984375 0.4328125 0.01015625 0.0078125
0 0.3984375 0.43828125 0.0109375 0.009375
0 0.3390625 0.4546875 0.0546875 0.03671875
0 0.16953125 0.5765625 0.0109375 0.00859375
0 0.4140625 0.56875 0.00859375 0.00625