1 0.65234375 0.53203125 0.2453125 0.1578125
1 0.7828125 0.478125 0.125 0.0765625
1 0.8390625 0.478125 0.16640625 0.14609375
0 0.9421875 0.5484375 0.04375 0.06484375
0 0.22890625 0.59375 0.0453125 0.034375
1 0.83671875 0.615625 0.0609375 0.04296875
1 0.56796875 0.4953125 0.1109375 0.16015625
1 0.246875 0.7171875 0.24375 0.146875
0 0.7125 0.25625 0.06484375 0.04609375
0 0.08046875 0.58125 0.0390625 0.03203125
0 0.14296875 0.2828125 0.0234375 0.0125
0 0.465625 0.24609375 0.03125 0.02890625
0 0.3578125 0.3140625 0.03125 0.028125
0 0.5078125 0.17890625 0.0140625 0.0140625
0 0.9453125 0.228125 0.03515625 0.0328125
0 0.9015625 0.1890625 0.01484375 0.01328125
0 0.796875 0.1796875 0.01875 0.009375
0 0.6765625 0.28359375 0.0140625 0.00859375
0 0.08671875 0.43046875 0.0265625 0.02265625
0 0.0484375 0.58984375 0.0359375 0.02890625
0 0.225 0.5359375 0.0203125 0.021875
0 0.103125 0.61171875 0.0359375 0.02734375
0 0.153125 0.64296875 0.01875 0.01484375
0 0.1734375 0.46640625 0.01640625 0.01484375
0 0.0984375 0.571875 0.01484375 0.01328125
0 0.4046875 0.625 0.01015625 0.0078125
0 0.8875 0.5859375 0.0171875 0.01328125
0 0.88046875 0.596875 0.01875 0.0109375
0 0.15703125 0.75546875 0.0359375 0.02890625
0 0.15625 0.7140625 0.02734375 0.021875
0 0.85703125 0.75234375 0.01640625 0.0109375
0 0.54609375 0.740625 0.0125 0.01328125
0 0.26640625 0.77578125 0.01484375 0.0125
0 0.22421875 0.5953125 0.0234375 0.01875
0 0.0890625 0.5640625 0.0140625 0.00859375
0 0.07578125 0.56015625 0.0140625 0.009375
0 0.71171875 0.25390625 0.0609375 0.021875
0 0.72734375 0.2640625 0.03359375 0.0203125
0 0.76171875 0.259375 0.04140625 0.02890625
0 0.84140625 0.60859375 0.00859375 0.00625
0 0.58671875 0.57265625 0.01015625 0.00859375
0 0.65 0.56328125 0.0484375 0.03125
0 0.8421875 0.46328125 0.01015625 0.0078125
0 0.5984375 0.4421875 0.0078125 0.00546875