0 0.5015625 0.6640625 0.1 0.07890625
0 0.375 0.6828125 0.0796875 0.06484375
0 0.75625 0.534375 0.1140625 0.084375
0 0.4921875 0.24921875 0.09140625 0.05625
0 0.85703125 0.2046875 0.075 0.06875
0 0.66875 0.30859375 0.07109375 0.05703125
0 0.36640625 0.46640625 0.0859375 0.05546875
0 0.321875 0.8359375 0.04765625 0.040625
0 0.478125 0.80390625 0.06875 0.028125
0 0.4671875 0.1953125 0.0546875 0.0296875
0 0.47578125 0.771875 0.0390625 0.0390625
0 0.45625 0.47578125 0.0609375 0.0328125
0 0.2125 0.80546875 0.0390625 0.05625
0 0.56328125 0.45703125 0.06484375 0.03203125
0 0.12265625 0.78984375 0.04140625 0.05703125
0 0.209375 0.3421875 0.07734375 0.02421875
0 0.4140625 0.48828125 0.0296875 0.05078125
0 0.7515625 0.23671875 0.02109375 0.0109375
0 0.7796875 0.834375 0.02734375 0.02421875
0 0.7875 0.628125 0.0171875 0.015625
0 0.46875 0.1703125 0.03515625 0.02734375
0 0.371875 0.30078125 0.0375 0.0265625
0 0.4578125 0.315625 0.0375 0.02734375
0 0.46015625 0.3578125 0.03359375 0.01796875
0 0.53671875 0.34609375 0.0359375 0.02421875
0 0.6265625 0.2921875 0.01875 0.01328125
0 0.4453125 0.228125 0.0140625 0.009375
0 0.56328125 0.53671875 0.03515625 0.02890625
0 0.703125 0.4703125 0.0375 0.034375
0 0.6421875 0.55 0.0234375 0.01953125
0 0.57421875 0.4140625 0.03515625 0.021875
0 0.36875 0.534375 0.0328125 0.02890625
0 0.3359375 0.4984375 0.02734375 0.01953125
0 0.4734375 0.38359375 0.0359375 0.01953125
0 0.66796875 0.50625 0.04140625 0.01796875
0 0.72265625 0.8109375 0.03359375 0.0390625
0 0.6359375 0.671875 0.0171875 0.0140625
0 0.5296875 0.6984375 0.01875 0.0109375
0 0.1671875 0.28828125 0.01640625 0.015625
0 0.2484375 0.465625 0.04140625 0.03125
0 0.1328125 0.47578125 0.02265625 0.0203125
0 0.23828125 0.54375 0.0234375 0.0171875
0 0.15546875 0.4609375 0.0125 0.009375
0 0.30078125 0.796875 0.0203125 0.01328125
0 0.1359375 0.66875 0.01640625 0.0140625
0 0.22421875 0.296875 0.0421875 0.03203125
0 0.3359375 0.34375 0.11015625 0.02890625
0 0.38671875 0.34921875 0.1125 0.0515625
0 0.44453125 0.3953125 0.03359375 0.01796875
0 0.12109375 0.80859375 0.0078125 0.00625
0 0.2125 0.82265625 0.01015625 0.009375
0 0.86640625 0.8546875 0.01640625 0.0046875