0 0.71796875 0.51015625 0.0984375 0.0703125
0 0.734375 0.60625 0.08125 0.05625
0 0.5640625 0.3109375 0.1046875 0.0796875
0 0.165625 0.4890625 0.06875 0.06484375
0 0.13203125 0.2125 0.0859375 0.0515625
0 0.25703125 0.36015625 0.07109375 0.05
0 0.4453125 0.59765625 0.06875 0.0609375
0 0.934375 0.65625 0.0515625 0.0328125
0 0.90234375 0.5375 0.0328125 0.05
0 0.0921875 0.503125 0.0359375 0.0390625
0 0.86015625 0.53671875 0.05 0.0265625
0 0.46484375 0.53125 0.03984375 0.04375
0 0.8859375 0.7359375 0.07265625 0.025
0 0.446875 0.45 0.0390625 0.046875
0 0.859375 0.80234375 0.0734375 0.02734375
0 0.2703125 0.70625 0.02734375 0.05703125
0 0.47890625 0.56328125 0.06640625 0.01875
0 0.1671875 0.29296875 0.0140625 0.01484375
0 0.9640625 0.3140625 0.03125 0.01875
0 0.68984375 0.29375 0.0203125 0.0125
0 0.059375 0.50078125 0.03359375 0.02421875
0 0.2265625 0.58203125 0.0328125 0.0265625
0 0.2515625 0.51796875 0.03359375 0.0265625
0 0.3078125 0.5203125 0.02109375 0.02421875
0 0.29765625 0.46171875 0.0296875 0.025
0 0.23203125 0.390625 0.01640625 0.01328125
0 0.134375 0.521875 0.0109375 0.009375
0 0.553125 0.45546875 0.0359375 0.02421875
0 0.47421875 0.34609375 0.04375 0.0265625
0 0.5765625 0.39765625 0.025 0.0171875
0 0.390625 0.43828125 0.0265625 0.025
0 0.53671875 0.60078125 0.0359375 0.02265625
0 0.4859375 0.62265625 0.025 0.01953125
0 0.34296875 0.51171875 0.0234375 0.0265625
0 0.5203125 0.375 0.02109375 0.0296875
0 0.92890625 0.35546875 0.05 0.02265625
0 0.7375 0.41015625 0.0171875 0.0125
0 0.765625 0.4921875 0.0140625 0.01328125
0 0.1953125 0.73359375 0.0203125 0.0109375
0 0.43671875 0.6859375 0.0390625 0.02890625
0 0.4421875 0.77265625 0.0265625 0.015625
0 0.540625 0.69921875 0.02109375 0.0171875
0 0.42421875 0.7546875 0.0109375 0.00859375
0 0.88046875 0.66953125 0.01640625 0.0140625
0 0.6984375 0.784375 0.0171875 0.0109375
0 0.2109375 0.6921875 0.03984375 0.0296875
0 0.28046875 0.61171875 0.03125 0.08046875
0 0.29140625 0.57421875 0.0609375 0.08125
0 0.3578125 0.534375 0.02109375 0.02421875
0 0.884375 0.8046875 0.00859375 0.00546875
0 0.90859375 0.7375 0.0125 0.00625
0 0.99765625 0.25078125 0.0046875 0.0125