0 0.4484375 0.21640625 0.10390625 0.09765625
1 0.6671875 0.2234375 0.2265625 0.190625
1 0.7734375 0.32890625 0.14609375 0.1109375
1 0.59453125 0.68671875 0.30859375 0.17734375
0 0.7328125 0.56328125 0.10859375 0.0609375
1 0.60390625 0.4578125 0.2078125 0.159375
0 0.34375 0.15859375 0.08359375 0.065625
0 0.9671875 0.20546875 0.05234375 0.07265625
0 0.8578125 0.21015625 0.05625 0.03671875
1 0.0921875 0.63203125 0.1828125 0.1796875
0 0.22109375 0.23125 0.0453125 0.04296875
1 0.26015625 0.5078125 0.1921875 0.1453125
0 0.02109375 0.175 0.0421875 0.046875
0 0.13984375 0.16484375 0.04609375 0.0421875
0 0.37421875 0.49609375 0.0640625 0.0515625
0 0.6984375 0.50390625 0.075 0.04296875
0 0.221875 0.86171875 0.04765625 0.0328125
1 0.4171875 0.55234375 0.20390625 0.15625
0 0.778125 0.16328125 0.06875 0.03828125
0 0.63125 0.1796875 0.0390625 0.0421875
0 0.3734375 0.70859375 0.025 0.05546875
0 0.753125 0.1375 0.0671875 0.03359375
0 0.5453125 0.5234375 0.0578125 0.0296875
0 0.4296875 0.77421875 0.0296875 0.05625
0 0.4703125 0.4734375 0.09765625 0.021875
0 0.36640625 0.54140625 0.04765625 0.0375
0 0.9609375 0.121875 0.025 0.0078125
0 0.846875 0.5109375 0.0171875 0.0125
0 0.72890625 0.503125 0.01484375 0.040625
0 0.859375 0.49609375 0.075 0.0140625
0 0.9953125 0.5109375 0.00859375 0.0109375
0 0.99609375 0.6515625 0.0078125 0.00859375
0 0.40625 0.5515625 0.01640625 0.0140625
0 0.1125 0.57109375 0.0328125 0.01875
0 0.2296875 0.559375 0.0203125 0.0171875
0 0.07265625 0.60546875 0.01875 0.0109375
0 0.9875 0.7546875 0.025 0.02734375
0 0.9203125 0.84140625 0.0453125 0.02734375
0 0.803125 0.55546875 0.02265625 0.01015625
0 0.8125 0.5625 0.0328125 0.00625
0 0.6859375 0.125 0.0171875 0.00625
0 0.421875 0.57265625 0.0140625 0.01328125
0 0.55078125 0.6921875 0.0140625 0.01484375
0 0.5703125 0.66953125 0.0109375 0.0125
0 0.59375 0.71484375 0.01640625 0.01484375
0 0.6265625 0.67734375 0.02109375 0.00859375
0 0.6984375 0.69609375 0.0171875 0.00546875
1 0.234375 0.5515625 0.0765625 0.02890625