0 0.121875 0.53359375 0.12890625 0.07578125
1 0.13515625 0.3703125 0.25 0.1671875
1 0.27734375 0.29140625 0.1453125 0.1078125
1 0.75078125 0.43203125 0.23125 0.22890625
0 0.5875 0.32578125 0.0796875 0.08046875
1 0.4453125 0.42109375 0.20859375 0.153125
0 0.04296875 0.6109375 0.0859375 0.06171875
0 0.11640625 0.13515625 0.0953125 0.0546875
0 0.1203125 0.2265625 0.04765625 0.04140625
1 0.66875 0.8265625 0.2359375 0.17109375
0 0.1375 0.7046875 0.05625 0.0328125
1 0.50625 0.68046875 0.18984375 0.14140625
0 0.059375 0.85859375 0.0609375 0.04140625
0 0.04765625 0.7640625 0.0546875 0.03359375
0 0.4921875 0.59453125 0.0671875 0.046875
0 0.509375 0.35078125 0.05625 0.05546875
0 0.6265625 0.10390625 0.0390625 0.0359375
0 0.9765625 0.71484375 0.0421875 0.034375
1 0.56796875 0.56328125 0.20390625 0.15
0 0.05625 0.28515625 0.05 0.05078125
0 0.0765625 0.39609375 0.0546875 0.028125
0 0.775 0.5984375 0.0734375 0.01796875
0 0.021875 0.30390625 0.04375 0.05
0 0.53203125 0.46640625 0.0390625 0.0421875
0 0.8640625 0.5578125 0.075 0.021875
0 0.4640625 0.521875 0.02734375 0.0734375
0 0.55390625 0.6015625 0.0484375 0.034375
0 0.05390625 0.03125 0.0328125 0.03203125
0 0.04609375 0.05703125 0.0171875 0.01328125
0 0.0046875 0.146875 0.009375 0.01875
0 0.5203125 0.2390625 0.01640625 0.01328125
0 0.5078125 0.328125 0.05390625 0.01015625
0 0.5015625 0.2296875 0.0171875 0.05625
0 0.5234375 0.11953125 0.01484375 0.02265625
0 0.7328125 0.1078125 0.025 0.01796875
0 0.68828125 0.1203125 0.01640625 0.0109375
0 0.71015625 0.12890625 0.0109375 0.0078125
0 0.5671875 0.57109375 0.01875 0.0125
0 0.5875 0.7921875 0.025 0.02421875
0 0.5734375 0.70390625 0.02265625 0.01484375
0 0.6328125 0.82265625 0.01484375 0.0140625
0 0.84765625 0.1296875 0.0359375 0.0328125
0 0.96171875 0.18984375 0.03515625 0.03359375
0 0.57890625 0.2734375 0.0140625 0.0171875
0 0.5890625 0.26640625 0.00859375 0.02421875
0 0.0046875 0.35390625 0.00859375 0.01328125
0 0.5953125 0.56015625 0.0171875 0.01015625
0 0.75703125 0.465625 0.0203125 0.01015625
0 0.7265625 0.45 0.01640625 0.00859375
0 0.78828125 0.43359375 0.0203125 0.0125
0 0.7375 0.4078125 0.0109375 0.015625
0 0.7640625 0.3546875 0.0078125 0.01328125
1 0.5640625 0.70078125 0.0375 0.05625