0 0.6203125 0.47578125 0.12890625 0.0828125
0 0.12421875 0.53203125 0.05859375 0.0390625
0 0.4984375 0.22890625 0.09375 0.06484375
0 0.0734375 0.4078125 0.09140625 0.053125
0 0.16796875 0.43046875 0.0765625 0.05625
0 0.21328125 0.76796875 0.06875 0.0453125
0 0.8671875 0.16640625 0.04765625 0.0265625
0 0.06328125 0.5390625 0.0640625 0.03671875
0 0.84765625 0.77421875 0.1 0.04375
0 0.36796875 0.43828125 0.0484375 0.03125
0 0.940625 0.775 0.05625 0.0375
0 0.0640625 0.6796875 0.05625 0.04296875
0 0.6453125 0.29921875 0.08359375 0.025
0 0.08125 0.26796875 0.05234375 0.034375
0 0.97890625 0.61484375 0.0421875 0.0328125
0 0.3015625 0.271875 0.0390625 0.0234375
0 0.45546875 0.32890625 0.0390625 0.021875
0 0.6234375 0.29609375 0.0296875 0.0109375
0 0.75234375 0.2734375 0.03984375 0.0234375
0 0.77421875 0.29140625 0.04375 0.02421875
0 0.9890625 0.2703125 0.02109375 0.0265625
0 0.67265625 0.32734375 0.02734375 0.0125
0 0.27734375 0.36328125 0.0453125 0.0265625
0 0.0546875 0.6515625 0.0234375 0.009375
0 0.2078125 0.33359375 0.0375 0.02109375
0 0.2578125 0.54296875 0.0203125 0.0109375
0 0.3171875 0.5703125 0.01484375 0.01171875
0 0.00703125 0.3453125 0.0140625 0.02421875
0 0.32265625 0.59921875 0.0203125 0.015625
0 0.50703125 0.6390625 0.0484375 0.025
0 0.628125 0.4328125 0.04375 0.02578125
0 0.3578125 0.46015625 0.0328125 0.01796875
0 0.64453125 0.521875 0.0390625 0.01953125
0 0.36328125 0.61640625 0.01640625 0.01015625
0 0.6390625 0.565625 0.01484375 0.009375
0 0.4875 0.48828125 0.0171875 0.009375
0 0.5421875 0.6453125 0.0140625 0.01015625
0 0.55078125 0.59140625 0.00859375 0.00703125
0 0.9609375 0.37265625 0.0453125 0.02578125
0 0.6921875 0.5046875 0.0375 0.01796875
0 0.8109375 0.41640625 0.09375 0.0109375
0 0.01953125 0.71484375 0.02890625 0.0125
0 0.509375 0.75703125 0.01875 0.0125
0 0.49375 0.7640625 0.0125 0.00859375
0 0.840625 0.6671875 0.02109375 0.0078125
0 0.4234375 0.246875 0.0515625 0.025
0 0.81796875 0.40546875 0.04609375 0.00546875
0 0.6953125 0.52109375 0.0265625 0.00625
0 0.6859375 0.5265625 0.02109375 0.00390625
0 0.68203125 0.53359375 0.0265625 0.00546875
0 0.30234375 0.6046875 0.0265625 0.00703125