0 0.38203125 0.52734375 0.1359375 0.08671875
0 0.871875 0.45703125 0.0625 0.040625
0 0.5265625 0.7703125 0.1 0.0671875
0 0.93515625 0.5796875 0.09609375 0.05625
0 0.83828125 0.56015625 0.08125 0.05859375
0 0.7609375 0.22421875 0.07265625 0.046875
0 0.1640625 0.84375 0.05 0.028125
0 0.9328125 0.4484375 0.0671875 0.0390625
0 0.12734375 0.2359375 0.10390625 0.04609375
0 0.6375 0.5578125 0.0515625 0.03203125
0 0.034375 0.2390625 0.06015625 0.0390625
0 0.91796875 0.3078125 0.06015625 0.04453125
0 0.3734375 0.7046875 0.0859375 0.0265625
0 0.93984375 0.71875 0.05625 0.0359375
0 0.01640625 0.39921875 0.0328125 0.034375
0 0.71953125 0.721875 0.04140625 0.025
0 0.56015625 0.66953125 0.04140625 0.0234375
0 0.3953125 0.7078125 0.03125 0.01171875
0 0.26875 0.73359375 0.0421875 0.025
0 0.2453125 0.71640625 0.04609375 0.025
0 0.0328125 0.74375 0.0234375 0.02734375
0 0.34375 0.67734375 0.02890625 0.01328125
0 0.73515625 0.6296875 0.04765625 0.028125
0 0.93046875 0.33515625 0.025 0.01015625
0 0.8078125 0.6578125 0.03984375 0.02265625
0 0.73828125 0.45 0.02109375 0.0109375
0 0.67578125 0.425 0.01640625 0.0125
0 0.66796875 0.3953125 0.02109375 0.01640625
0 0.4796875 0.3609375 0.0515625 0.0265625
0 0.378125 0.5703125 0.04609375 0.02734375
0 0.64609375 0.5359375 0.03359375 0.01875
0 0.35390625 0.48203125 0.03984375 0.02109375
0 0.62578125 0.3796875 0.0171875 0.0109375
0 0.35546875 0.43828125 0.01640625 0.01015625
0 0.5140625 0.5109375 0.01875 0.01015625
0 0.44453125 0.35546875 0.01484375 0.0109375
0 0.44140625 0.41015625 0.01015625 0.00703125
0 0.0515625 0.640625 0.04765625 0.02734375
0 0.3078125 0.50078125 0.0390625 0.01953125
0 0.196875 0.59296875 0.0953125 0.01328125
0 0.96015625 0.271875 0.0296875 0.01328125
0 0.4671875 0.24375 0.0203125 0.01328125
0 0.48203125 0.2359375 0.0140625 0.009375
0 0.14453125 0.34296875 0.02265625 0.00859375
0 0.60078125 0.75078125 0.05390625 0.02578125
0 0.19140625 0.603125 0.04609375 0.00703125
0 0.303125 0.484375 0.0265625 0.00703125
0 0.31171875 0.47890625 0.02109375 0.0046875
0 0.31484375 0.471875 0.0265625 0.00625
0 0.6875 0.38984375 0.0265625 0.0078125