1 0.36328125 0.75703125 0.1375 0.11328125
1 0.65546875 0.70546875 0.1375 0.115625
0 0.825 0.69765625 0.08359375 0.059375
1 0.4953125 0.63359375 0.13359375 0.09921875
0 0.4171875 0.29609375 0.04609375 0.02890625
0 0.4859375 0.6484375 0.05 0.0359375
0 0.4953125 0.3125 0.04765625 0.03359375
0 0.0921875 0.68828125 0.01875 0.015625
0 0.0078125 0.77734375 0.01484375 0.01484375
0 0.0171875 0.5921875 0.034375 0.028125
0 0.15234375 0.41796875 0.0234375 0.03125
0 0.08515625 0.384375 0.01875 0.01328125
0 0.1703125 0.56953125 0.01875 0.015625
0 0.2671875 0.25546875 0.01640625 0.0125
0 0.18671875 0.18828125 0.03359375 0.0109375
0 0.1828125 0.17734375 0.0203125 0.00859375
0 0.13828125 0.16171875 0.0328125 0.01015625
0 0.140625 0.17109375 0.0328125 0.0125
0 0.3140625 0.734375 0.02734375 0.02421875
0 0.4515625 0.865625 0.02109375 0.01796875
0 0.6140625 0.696875 0.0265625 0.021875
0 0.4296875 0.4703125 0.03515625 0.02734375
0 0.4390625 0.15625 0.0546875 0.0234375
0 0.421875 0.26796875 0.0375 0.02265625
0 0.45234375 0.2671875 0.03359375 0.02421875
0 0.5671875 0.29375 0.0171875 0.01484375
0 0.46015625 0.2203125 0.02890625 0.0421875
0 0.5859375 0.29609375 0.01640625 0.015625
0 0.70703125 0.28671875 0.0171875 0.0171875
0 0.73203125 0.4375 0.03515625 0.02890625
0 0.9015625 0.4171875 0.01640625 0.0140625
0 0.8984375 0.4015625 0.0109375 0.00859375
0 0.8640625 0.29140625 0.0359375 0.02734375
0 0.9515625 0.29140625 0.025 0.01796875
0 0.3296875 0.7515625 0.00859375 0.0140625
0 0.0109375 0.7625 0.0171875 0.00625
0 0.1515625 0.2984375 0.01875 0.0125
0 0.0484375 0.2484375 0.00625 0.0125
0 0.0546875 0.24765625 0.00625 0.01015625
0 0.4953125 0.203125 0.0234375 0.009375
0 0.4953125 0.196875 0.02734375 0.0078125
0 0.47734375 0.29453125 0.00859375 0.00625
0 0.603125 0.36796875 0.0078125 0.009375
0 0.565625 0.42265625 0.03984375 0.02890625
0 0.60234375 0.13125 0.0875 0.01328125
0 0.46875 0.17734375 0.0546875 0.0203125
1 0.60703125 0.40078125 0.11015625 0.084375
1 0.553125 0.4234375 0.09609375 0.03203125
1 0.5609375 0.35 0.1625 0.11796875
1 0.5453125 0.4765625 0.2265625 0.16640625
1 0.6234375 0.3734375 0.2390625 0.17265625