1 0.1578125 0.396875 0.1515625 0.103125
1 0.2265625 0.6171875 0.15390625 0.103125
0 0.23671875 0.74375 0.07890625 0.06328125
1 0.32265625 0.49609375 0.1328125 0.10078125
0 0.771875 0.43828125 0.0390625 0.034375
0 0.30234375 0.4890625 0.04765625 0.0375
0 0.75 0.496875 0.0453125 0.0359375
0 0.24921875 0.19375 0.02109375 0.0140625
0 0.1296875 0.12890625 0.0203125 0.0140625
0 0.196875 0.02578125 0.01875 0.015625
0 0.16328125 0.01015625 0.02265625 0.0125
0 0.37578125 0.1375 0.0359375 0.02734375
0 0.60859375 0.2390625 0.04140625 0.01796875
0 0.65390625 0.18828125 0.0171875 0.0140625
0 0.4078125 0.25234375 0.02109375 0.0140625
0 0.82578125 0.325 0.01640625 0.0125
0 0.91484375 0.26484375 0.01484375 0.025
0 0.9296875 0.26171875 0.0109375 0.01484375
0 0.95078125 0.228125 0.0140625 0.02421875
0 0.93828125 0.2296875 0.01640625 0.02421875
0 0.1875 0.3609375 0.0328125 0.0203125
0 0.01328125 0.46328125 0.0234375 0.015625
0 0.23828125 0.58515625 0.02890625 0.01953125
0 0.5390625 0.446875 0.0359375 0.0265625
0 0.9578125 0.4546875 0.03125 0.04140625
0 0.80859375 0.44140625 0.0296875 0.028125
0 0.81015625 0.4640625 0.0328125 0.025
0 0.775 0.55 0.0203125 0.01328125
0 0.871875 0.4703125 0.05625 0.021875
0 0.771875 0.56484375 0.02109375 0.0125
0 0.78359375 0.65546875 0.02265625 0.01328125
0 0.25390625 0.8890625 0.0296875 0.01796875
0 0.5828125 0.67421875 0.0390625 0.0265625
0 0.6109375 0.8015625 0.01875 0.0125
0 0.63046875 0.79921875 0.0109375 0.00859375
0 0.778125 0.7734375 0.0359375 0.02734375
0 0.77734375 0.8390625 0.0234375 0.01875
0 0.165625 0.37265625 0.01875 0.00625
0 0.15078125 0.1328125 0.00859375 0.01328125
0 0.76875 0.23828125 0.01640625 0.0140625
0 0.834375 0.1609375 0.01640625 0.0046875
0 0.8359375 0.165625 0.0140625 0.0046875
0 0.8953125 0.496875 0.0125 0.01796875
0 0.903125 0.496875 0.01015625 0.0203125
0 0.7734375 0.4828125 0.00859375 0.00625
0 0.67578125 0.57734375 0.0125 0.00546875
0 0.60234375 0.54921875 0.0390625 0.0296875
0 0.99140625 0.57734375 0.0171875 0.065625
0 0.9296875 0.4765625 0.02734375 0.04140625
1 0.63203125 0.58046875 0.1125 0.0828125
1 0.6015625 0.53984375 0.0421875 0.07265625
1 0.7 0.54609375 0.1578125 0.121875
1 0.53125 0.534375 0.22109375 0.1703125
1 0.66875 0.5921875 0.2296875 0.1796875