1 0.82890625 0.625 0.1625 0.1125
1 0.7859375 0.4015625 0.16484375 0.1125
0 0.790625 0.27421875 0.0859375 0.06796875
1 0.6765625 0.515625 0.14375 0.10859375
0 0.221875 0.54375 0.0421875 0.0375
0 0.6953125 0.5234375 0.0515625 0.040625
0 0.25078125 0.48671875 0.0484375 0.03828125
0 0.7140625 0.82109375 0.02265625 0.01484375
0 0.82578125 0.89375 0.02109375 0.01484375
0 0.74609375 0.99140625 0.0203125 0.0171875
0 0.58203125 0.86875 0.0390625 0.02890625
0 0.3609375 0.753125 0.04375 0.0203125
0 0.3109375 0.80078125 0.01875 0.01484375
0 0.56328125 0.753125 0.02265625 0.01484375
0 0.15546875 0.65234375 0.0171875 0.01328125
0 0.059375 0.70703125 0.0171875 0.0265625
0 0.04453125 0.70859375 0.0125 0.015625
0 0.01953125 0.74140625 0.01640625 0.025
0 0.0328125 0.740625 0.01875 0.025
0 0.7953125 0.659375 0.03515625 0.02265625
0 0.98046875 0.56875 0.025 0.01796875
0 0.7703125 0.43203125 0.03125 0.021875
0 0.4546875 0.55 0.0390625 0.028125
0 0.03828125 0.515625 0.0359375 0.04296875
0 0.1859375 0.53828125 0.03359375 0.0296875
0 0.18671875 0.51484375 0.03515625 0.02734375
0 0.23203125 0.43203125 0.02109375 0.0140625
0 0.1265625 0.50546875 0.05859375 0.025
0 0.23671875 0.41796875 0.02265625 0.01328125
0 0.2359375 0.3265625 0.0234375 0.01484375
0 0.790625 0.12890625 0.0328125 0.01953125
0 0.4375 0.32109375 0.04140625 0.02890625
0 0.425 0.1921875 0.0203125 0.01328125
0 0.4046875 0.19296875 0.0125 0.009375
0 0.2546875 0.209375 0.0390625 0.02890625
0 0.26328125 0.14375 0.0265625 0.0203125
0 0.81796875 0.64921875 0.0203125 0.0078125
0 0.80546875 0.8890625 0.01015625 0.0140625
0 0.2015625 0.74296875 0.0171875 0.01484375
0 0.12734375 0.81640625 0.01640625 0.00546875
0 0.1265625 0.8109375 0.0140625 0.00546875
0 0.10625 0.47734375 0.01484375 0.01875
0 0.0984375 0.47734375 0.0125 0.021875
0 0.22578125 0.49921875 0.01015625 0.0078125
0 0.33359375 0.4109375 0.0125 0.00625
0 0.40390625 0.44375 0.0421875 0.0328125
0 0.01953125 0.39140625 0.025 0.06640625
0 0.06875 0.4953125 0.0328125 0.04296875
1 0.378125 0.4109375 0.12109375 0.08984375
1 0.403125 0.45390625 0.0515625 0.075
1 0.30625 0.440625 0.17109375 0.13125
1 0.4734375 0.4640625 0.23984375 0.184375
1 0.3421875 0.396875 0.25 0.19375