0 0.7296875 0.2671875 0.05234375 0.040625
0 0.28203125 0.40390625 0.05390625 0.05234375
0 0.9328125 0.41484375 0.06015625 0.06953125
1 0.31171875 0.5328125 0.2609375 0.10078125
0 0.6890625 0.51875 0.06640625 0.03671875
1 0.27421875 0.45625 0.2265625 0.16328125
1 0.325 0.3828125 0.1296875 0.1953125
0 0.6890625 0.61171875 0.0546875 0.040625
0 0.53671875 0.55390625 0.04375 0.03203125
0 0.1140625 0.596875 0.0546875 0.02421875
0 0.27734375 0.29375 0.0953125 0.04140625
0 0.58515625 0.55703125 0.05234375 0.02890625
0 0.90625 0.50234375 0.0421875 0.05625
0 0.03828125 0.15625 0.04375 0.05546875
0 0.20078125 0.54296875 0.04140625 0.06796875
0 0.4671875 0.60390625 0.04140625 0.0328125
0 0.83515625 0.525 0.1046875 0.03671875
0 0.0703125 0.25390625 0.0390625 0.01875
0 0.0671875 0.27265625 0.0296875 0.015625
0 0.13828125 0.125 0.0265625 0.00859375
0 0.53515625 0.2109375 0.0328125 0.03125
0 0.634375 0.2171875 0.04609375 0.02734375
0 0.4296875 0.2578125 0.0328125 0.02890625
0 0.42734375 0.31015625 0.0328125 0.028125
0 0.5578125 0.3265625 0.01484375 0.02265625
0 0.57421875 0.3078125 0.0171875 0.06875
0 0.321875 0.640625 0.02890625 0.0234375
0 0.22421875 0.43828125 0.0109375 0.00859375
0 0.59921875 0.39921875 0.01640625 0.0140625
0 0.34921875 0.4078125 0.0140625 0.015625
0 0.34921875 0.62421875 0.02109375 0.009375
0 0.3671875 0.42265625 0.01484375 0.01484375
0 0.9453125 0.5625 0.02109375 0.01328125
0 0.95078125 0.54375 0.01875 0.015625
0 0.8484375 0.6 0.0453125 0.028125
0 0.7484375 0.57265625 0.0453125 0.0203125
0 0.721875 0.59453125 0.0265625 0.0203125
0 0.6703125 0.61953125 0.02734375 0.0140625
0 0.5828125 0.62890625 0.00625 0.009375
0 0.5703125 0.659375 0.01015625 0.00625
0 0.5421875 0.68046875 0.0078125 0.009375
0 0.4953125 0.6203125 0.03984375 0.034375
1 0.4609375 0.60859375 0.0796875 0.04375
1 0.3765625 0.63125 0.2515625 0.09921875
1 0.01015625 0.65078125 0.0203125 0.09296875
1 0.02109375 0.2875 0.0421875 0.03203125
1 0.025 0.31953125 0.05 0.065625
1 0.021875 0.38671875 0.04375 0.1296875
0 0.0046875 0.43046875 0.009375 0.0109375
0 0.89609375 0.4390625 0.0109375 0.015625
0 0.8390625 0.5359375 0.02265625 0.0078125
0 0.1390625 0.1328125 0.02265625 0.00625