0 0.67890625 0.24296875 0.06015625 0.04609375
0 0.2640625 0.43046875 0.0640625 0.05859375
0 0.909375 0.36484375 0.0734375 0.07578125
1 0.32109375 0.5546875 0.27890625 0.1296875
0 0.69140625 0.49609375 0.07265625 0.04375
1 0.26796875 0.48359375 0.2578125 0.1875
1 0.30234375 0.40390625 0.16875 0.20859375
0 0.71015625 0.58828125 0.0625 0.04609375
0 0.54765625 0.5484375 0.05 0.03671875
0 0.1390625 0.640625 0.06015625 0.03125
0 0.2375 0.32265625 0.10234375 0.0515625
0 0.5953125 0.54609375 0.0578125 0.034375
0 0.9015625 0.4546875 0.05390625 0.0609375
0 0.21328125 0.57734375 0.0546875 0.07109375
0 0.4890625 0.60625 0.04765625 0.0375
0 0.8359375 0.48515625 0.1109375 0.0484375
0 0.02421875 0.30703125 0.0421875 0.0234375
0 0.02578125 0.3265625 0.0328125 0.01953125
0 0.0640625 0.17265625 0.02734375 0.0109375
0 0.47421875 0.21015625 0.0390625 0.034375
0 0.5734375 0.20546875 0.0515625 0.03203125
0 0.38046875 0.26875 0.0390625 0.0328125
0 0.3890625 0.3203125 0.0375 0.03203125
0 0.5203125 0.321875 0.0203125 0.02421875
0 0.5328125 0.30078125 0.03125 0.06953125
0 0.353125 0.66015625 0.03359375 0.0265625
0 0.21484375 0.47109375 0.0125 0.009375
0 0.57734375 0.3890625 0.01875 0.015625
0 0.33203125 0.4265625 0.0171875 0.01796875
0 0.3765625 0.640625 0.02265625 0.0125
0 0.353125 0.4390625 0.0171875 0.0171875
0 0.95234375 0.509375 0.0234375 0.01484375
0 0.9546875 0.48984375 0.02109375 0.01796875
0 0.8640625 0.5578125 0.05 0.0328125
0 0.76015625 0.5421875 0.0484375 0.025
0 0.7390625 0.5671875 0.0296875 0.0234375
0 0.69296875 0.5984375 0.0296875 0.0171875
0 0.6078125 0.61796875 0.00859375 0.01015625
0 0.60234375 0.6484375 0.0109375 0.0078125
0 0.57890625 0.6734375 0.00859375 0.01015625
0 0.5203125 0.61953125 0.04609375 0.0390625
1 0.484375 0.6125 0.0890625 0.05234375
1 0.40546875 0.64375 0.26875 0.12734375
1 0.04765625 0.70625 0.0390625 0.09375
1 0.01171875 0.378125 0.0234375 0.0703125
1 0.01953125 0.44375 0.0390625 0.13359375
0 0.0015625 0.48984375 0.00234375 0.0109375
0 0.87890625 0.39375 0.01484375 0.0171875
0 0.8421875 0.4953125 0.0234375 0.01015625
0 0.0671875 0.1796875 0.0234375 0.009375