0 0.69609375 0.25 0.0578125 0.04375
0 0.26953125 0.421875 0.0609375 0.05625
0 0.91796875 0.38125 0.06875 0.07421875
1 0.3171875 0.54765625 0.2734375 0.1203125
0 0.69140625 0.50390625 0.07109375 0.04140625
1 0.26953125 0.47421875 0.24765625 0.18046875
1 0.309375 0.396875 0.15625 0.2046875
0 0.703125 0.59609375 0.06015625 0.04375
0 0.54453125 0.55078125 0.04765625 0.034375
0 0.1296875 0.6265625 0.0578125 0.028125
0 0.25 0.3125 0.1 0.0484375
0 0.5921875 0.55 0.05625 0.0328125
0 0.9046875 0.4703125 0.05 0.059375
0 0.009375 0.19453125 0.01875 0.05859375
0 0.2078125 0.56640625 0.05 0.0703125
0 0.48203125 0.60625 0.0453125 0.0359375
0 0.83671875 0.49921875 0.11015625 0.0453125
0 0.0390625 0.2890625 0.04140625 0.021875
0 0.03828125 0.3078125 0.0328125 0.01796875
0 0.08828125 0.15625 0.02734375 0.01015625
0 0.49453125 0.21015625 0.0359375 0.03359375
0 0.59453125 0.20859375 0.05 0.03125
0 0.396875 0.26484375 0.0359375 0.03203125
0 0.4015625 0.31640625 0.0359375 0.03125
0 0.5328125 0.32265625 0.0171875 0.0234375
0 0.546875 0.303125 0.02734375 0.06953125
0 0.3421875 0.65390625 0.03125 0.025
0 0.2171875 0.46015625 0.0125 0.009375
0 0.58515625 0.3921875 0.0171875 0.01484375
0 0.3375 0.4203125 0.01640625 0.0171875
0 0.3671875 0.6359375 0.02265625 0.0109375
0 0.3578125 0.43359375 0.0171875 0.015625
0 0.9515625 0.52734375 0.02265625 0.01484375
0 0.9546875 0.5078125 0.02109375 0.0171875
0 0.86015625 0.57265625 0.0484375 0.03203125
0 0.75703125 0.55234375 0.04765625 0.02421875
0 0.73359375 0.5765625 0.02890625 0.02265625
0 0.6859375 0.60546875 0.02890625 0.015625
0 0.6 0.621875 0.0078125 0.009375
0 0.5921875 0.65234375 0.0109375 0.0078125
0 0.5671875 0.67578125 0.00859375 0.01015625
0 0.5125 0.61953125 0.0453125 0.0375
1 0.4765625 0.6109375 0.0859375 0.05
1 0.3953125 0.640625 0.2640625 0.11796875
1 0.03359375 0.68828125 0.0328125 0.09375
1 0.00859375 0.3265625 0.0171875 0.034375
1 0.015625 0.3578125 0.03125 0.06953125
1 0.01953125 0.425 0.0390625 0.13203125
0 0.0015625 0.46953125 0.003125 0.0109375
0 0.8859375 0.40859375 0.0140625 0.0171875
0 0.8421875 0.50859375 0.0234375 0.009375
0 0.08984375 0.16328125 0.0234375 0.00859375