0 0.47109375 0.50078125 0.07734375 0.03359375
0 0.2328125 0.4140625 0.06484375 0.03359375
0 0.51015625 0.7234375 0.12265625 0.03125
0 0.26796875 0.596875 0.05859375 0.02890625
0 0.38828125 0.4828125 0.0734375 0.0375
0 0.50703125 0.3296875 0.0640625 0.034375
0 0.5078125 0.29375 0.05 0.03515625
0 0.74453125 0.50625 0.05859375 0.0296875
0 0.684375 0.72421875 0.05859375 0.025
0 0.7453125 0.22421875 0.0546875 0.03203125
0 0.06015625 0.64453125 0.0796875 0.01796875
0 0.684375 0.6609375 0.0609375 0.02421875
0 0.82734375 0.26640625 0.04765625 0.02890625
0 0.16796875 0.2046875 0.03125 0.02734375
0 0.19375 0.2875 0.02265625 0.03125
0 0.4296875 0.2359375 0.0375 0.02265625
0 0.353125 0.20234375 0.0390625 0.025
0 0.05078125 0.60859375 0.05390625 0.01796875
0 0.1203125 0.5296875 0.04140625 0.01953125
0 0.0953125 0.66328125 0.0609375 0.0171875
0 0.01328125 0.61875 0.0265625 0.0109375
0 0.36328125 0.3625 0.03359375 0.02421875
0 0.678125 0.45859375 0.0484375 0.02421875
0 0.6859375 0.39609375 0.05 0.02421875
0 0.5984375 0.57578125 0.0578125 0.025
0 0.4703125 0.503125 0.02734375 0.0078125
0 0.46484375 0.465625 0.05859375 0.02109375