0 0.49453125 0.48671875 0.08359375 0.040625
0 0.6421875 0.36484375 0.08125 0.034375
0 0.0328125 0.5390625 0.06484375 0.059375
0 0.25625 0.409375 0.07109375 0.03125
0 0.51875 0.44609375 0.09140625 0.0390625
0 0.86484375 0.4765625 0.08359375 0.034375
0 0.94375 0.47109375 0.08359375 0.028125
0 0.52421875 0.6125 0.0734375 0.03203125
0 0.05546875 0.61875 0.05 0.0296875
0 0.121875 0.32265625 0.0515625 0.0390625
0 0.184375 0.609375 0.0609375 0.03203125
0 0.9078125 0.32734375 0.0703125 0.01484375
0 0.196875 0.3125 0.04609375 0.02734375
0 0.3765625 0.33203125 0.0484375 0.021875
0 0.0875 0.34140625 0.04609375 0.03046875
0 0.16875 0.296875 0.02734375 0.0140625
0 0.7734375 0.41640625 0.0578125 0.01875
0 0.6171875 0.57421875 0.06015625 0.02578125
0 0.7515625 0.56875 0.06015625 0.0265625
0 0.35234375 0.55625 0.0640625 0.0296875
0 0.4890625 0.48671875 0.02109375 0.0140625
0 0.56796875 0.47890625 0.0546875 0.0296875