1 0.1328125 0.6859375 0.2328125 0.2125
1 0.40234375 0.6140625 0.2375 0.2015625
1 0.815625 0.69609375 0.25390625 0.196875
1 0.6015625 0.50078125 0.125 0.08125
1 0.38359375 0.35625 0.1078125 0.0421875
1 0.28203125 0.7 0.09140625 0.18828125
1 0.32890625 0.4078125 0.0796875 0.06640625
1 0.2859375 0.871875 0.05390625 0.028125
0 0.60703125 0.33203125 0.0140625 0.0125
0 0.84609375 0.325 0.025 0.0140625
0 0.78203125 0.28046875 0.03125 0.02734375
0 0.6859375 0.26171875 0.03125 0.02734375
0 0.121875 0.4375 0.03125 0.0265625
0 0.1421875 0.465625 0.02265625 0.01796875
0 0.196875 0.66484375 0.0234375 0.0203125
0 0.6390625 0.56015625 0.0328125 0.02421875
0 0.9046875 0.52890625 0.02734375 0.021875
0 0.80234375 0.4875 0.0296875 0.021875
0 0.9109375 0.38203125 0.0265625 0.0203125
0 0.94765625 0.4171875 0.01484375 0.0203125
0 0.95390625 0.440625 0.01484375 0.01875
0 0.92578125 0.634375 0.03359375 0.01875
0 0.8796875 0.61640625 0.025 0.01796875
0 0.1609375 0.89453125 0.0171875 0.0140625
0 0.4703125 0.83671875 0.01875 0.03828125
0 0.90546875 0.5234375 0.0140625 0.00859375
0 0.8890625 0.25 0.0171875 0.01796875
0 0.74296875 0.29296875 0.00625 0.0140625
0 0.7359375 0.29453125 0.00859375 0.0171875
0 0.61796875 0.23671875 0.0046875 0.0046875
0 0.59921875 0.2375 0.0046875 0.0046875
1 0.3078125 0.37890625 0.09609375 0.1625
0 0.2359375 0.37265625 0.01875 0.00625
0 0.50625 0.68984375 0.0125 0.009375
0 0.3984375 0.60234375 0.0171875 0.0140625
0 0.3203125 0.6609375 0.01875 0.0140625
1 0.6015625 0.5 0.09765625 0.06171875
0 0.7359375 0.69921875 0.02109375 0.009375
1 0.78046875 0.64765625 0.18359375 0.0859375
1 0.2890625 0.76875 0.04140625 0.03203125
0 0.3046875 0.765625 0.01875 0.01796875
0 0.2796875 0.7359375 0.00859375 0.00546875
0 0.28671875 0.87265625 0.02109375 0.009375