0 0.6015625 0.26640625 0.10859375 0.0734375
0 0.49609375 0.69140625 0.075 0.059375
0 0.31796875 0.60546875 0.10625 0.11875
0 0.2828125 0.85078125 0.0890625 0.0515625
0 0.54296875 0.55859375 0.04765625 0.05234375
0 0.540625 0.47265625 0.0609375 0.0515625
0 0.54609375 0.5171875 0.05859375 0.05
0 0.7296875 0.4875 0.0484375 0.0390625
0 0.5359375 0.8140625 0.06015625 0.04609375
0 0.58203125 0.85078125 0.05390625 0.0265625
0 0.5171875 0.43125 0.0609375 0.03828125
0 0.0515625 0.2328125 0.06875 0.0328125
0 0.1015625 0.3609375 0.08125 0.0265625
0 0.0203125 0.846875 0.040625 0.028125
0 0.97890625 0.60234375 0.0359375 0.09375
0 0.959375 0.56484375 0.08125 0.103125
0 0.815625 0.76015625 0.0203125 0.0140625
0 0.61328125 0.69296875 0.02890625 0.02734375
0 0.46171875 0.8578125 0.0421875 0.02890625
0 0.3515625 0.675 0.03125 0.02734375
0 0.07578125 0.70390625 0.02265625 0.0203125
0 0.92890625 0.4140625 0.0390625 0.0328125
0 0.9046875 0.403125 0.0375 0.03203125
0 0.809375 0.53359375 0.05390625 0.0171875
0 0.7515625 0.621875 0.01875 0.02890625
0 0.81484375 0.51953125 0.0390625 0.015625
0 0.79140625 0.51328125 0.02265625 0.0265625
0 0.79140625 0.40703125 0.0125 0.0125
0 0.99453125 0.47578125 0.0109375 0.0203125
0 0.9453125 0.43359375 0.0125 0.009375
0 0.99140625 0.37578125 0.0171875 0.01328125
0 0.6421875 0.58359375 0.03984375 0.03125
0 0.4046875 0.45703125 0.0296875 0.0234375
0 0.103125 0.48828125 0.0296875 0.02421875
0 0.015625 0.55546875 0.03125 0.0203125
0 0.3046875 0.55234375 0.02890625 0.025
0 0.0125 0.590625 0.025 0.0234375
0 0.90078125 0.30859375 0.0375 0.02734375
0 0.94140625 0.33671875 0.01484375 0.01015625
0 0.88671875 0.31328125 0.01484375 0.01328125
0 0.94921875 0.26484375 0.01015625 0.00625
0 0.86953125 0.278125 0.0125 0.009375
0 0.81328125 0.16875 0.0171875 0.01328125
0 0.82109375 0.18125 0.0125 0.00859375
0 0.98359375 0.30390625 0.00859375 0.0078125
0 0.99140625 0.30390625 0.00625 0.00546875
0 0.365625 0.28984375 0.01875 0.01015625
0 0.26640625 0.1203125 0.0265625 0.01875
0 0.24375 0.2078125 0.0265625 0.015625
0 0.94375 0.32890625 0.0125 0.00859375
0 0.9671875 0.34375 0.01484375 0.0140625
0 0.9046875 0.34921875 0.0109375 0.0078125
0 0.9140625 0.3640625 0.0140625 0.0171875
0 0.93515625 0.37265625 0.0109375 0.00859375
0 0.9375 0.38125 0.0109375 0.01015625
0 0.98671875 0.46171875 0.0140625 0.01015625
0 0.98671875 0.4921875 0.01484375 0.0171875
0 0.99140625 0.50625 0.0171875 0.03125
0 0.96953125 0.85390625 0.0140625 0.0140625
0 0.1546875 0.82421875 0.03984375 0.021875
0 0.1109375 0.7359375 0.0421875 0.01875
0 0.0015625 0.60625 0.00234375 0.015625