0 0.4140625 0.7375 0.10390625 0.06953125
0 0.490625 0.30859375 0.07109375 0.05625
0 0.67421875 0.3875 0.0984375 0.115625
0 0.6921875 0.14140625 0.08515625 0.0484375
0 0.453125 0.44296875 0.04375 0.05078125
0 0.4609375 0.52890625 0.0578125 0.05
0 0.45234375 0.48515625 0.0546875 0.04765625
0 0.271875 0.52109375 0.04609375 0.0375
0 0.4421875 0.18828125 0.0578125 0.04375
0 0.39375 0.153125 0.05234375 0.02421875
0 0.48828125 0.56953125 0.05859375 0.03671875
0 0.96640625 0.74921875 0.0671875 0.0296875
0 0.9078125 0.62265625 0.0796875 0.0234375
0 0.9609375 0.13359375 0.05390625 0.02734375
0 0.01484375 0.41640625 0.0296875 0.09296875
0 0.03671875 0.453125 0.0734375 0.1
0 0.1671875 0.25234375 0.01875 0.01328125
0 0.3734375 0.31171875 0.02734375 0.0265625
0 0.51328125 0.14140625 0.04140625 0.02734375
0 0.6359375 0.31953125 0.0296875 0.0265625
0 0.909375 0.2796875 0.02109375 0.01953125
0 0.078125 0.60234375 0.0359375 0.03203125
0 0.10234375 0.6125 0.03515625 0.03125
0 0.1890625 0.47890625 0.05234375 0.01484375
0 0.240625 0.38828125 0.01640625 0.028125
0 0.18359375 0.4921875 0.0375 0.0140625
0 0.2078125 0.4984375 0.02109375 0.025
0 0.215625 0.60390625 0.0109375 0.0125
0 0.00546875 0.54296875 0.0109375 0.01953125
0 0.059375 0.58359375 0.0109375 0.009375
0 0.0171875 0.64375 0.0171875 0.0125
0 0.35234375 0.421875 0.0375 0.02890625
0 0.5984375 0.5390625 0.02890625 0.02265625
0 0.896875 0.49609375 0.02890625 0.0234375
0 0.98203125 0.42421875 0.0359375 0.0203125
0 0.69140625 0.440625 0.02734375 0.02421875
0 0.984375 0.3890625 0.03125 0.02265625
0 0.11328125 0.70703125 0.0359375 0.0265625
0 0.0703125 0.68046875 0.0140625 0.009375
0 0.0109375 0.75546875 0.0109375 0.0078125
0 0.1265625 0.7015625 0.0140625 0.0125
0 0.0671875 0.75234375 0.01015625 0.00625
0 0.146875 0.7359375 0.0109375 0.009375
0 0.2109375 0.84296875 0.01640625 0.0125
0 0.2015625 0.83125 0.0125 0.0078125
0 0.03046875 0.71484375 0.00859375 0.0078125
0 0.0234375 0.71484375 0.00625 0.00546875
0 0.6484375 0.7046875 0.0171875 0.009375
0 0.76015625 0.8703125 0.025 0.01796875
0 0.7765625 0.78125 0.025 0.01484375
0 0.06875 0.68828125 0.0125 0.0078125
0 0.04453125 0.675 0.0140625 0.01328125
0 0.10703125 0.665625 0.0109375 0.0078125
0 0.0953125 0.6515625 0.0125 0.015625
0 0.07421875 0.64375 0.0109375 0.00859375
0 0.07109375 0.63515625 0.01015625 0.01015625
0 0.0015625 0.61953125 0.003125 0.0109375
0 0.01640625 0.5578125 0.0125 0.009375
0 0.0140625 0.5265625 0.0140625 0.015625
0 0.0078125 0.51171875 0.01484375 0.03125
0 0.00625 0.16484375 0.0125 0.01328125
0 0.821875 0.1625 0.0390625 0.01953125
0 0.87265625 0.24921875 0.04140625 0.0171875
0 0.99453125 0.3734375 0.0109375 0.015625