0 0.178125 0.45234375 0.1 0.0828125
0 0.7546875 0.4796875 0.0796875 0.05703125
0 0.66171875 0.62265625 0.16015625 0.08125
0 0.9765625 0.61875 0.04609375 0.06640625
0 0.571875 0.4609375 0.0703125 0.03671875
0 0.45859375 0.47265625 0.0703125 0.046875
0 0.5171875 0.46328125 0.0671875 0.04375
0 0.45625 0.33046875 0.05234375 0.0375
0 0.9109375 0.43515625 0.0625 0.04609375
0 0.9546875 0.39609375 0.0359375 0.04140625
0 0.40703125 0.49609375 0.05234375 0.046875
0 0.2 0.86640625 0.0453125 0.0515625
0 0.36484375 0.81328125 0.0359375 0.06171875
0 0.5765625 0.13125 0.125 0.02890625
0 0.5296875 0.15078125 0.1390625 0.06171875
0 0.80703125 0.23359375 0.01875 0.01484375
0 0.74140625 0.39296875 0.0359375 0.02265625
0 0.97890625 0.48515625 0.0390625 0.0328125
0 0.74921875 0.58984375 0.0375 0.02421875
0 0.821875 0.790625 0.02734375 0.0171875
0 0.33359375 0.19140625 0.0453125 0.02890625
0 0.32265625 0.21015625 0.04375 0.028125
0 0.50625 0.265625 0.0234375 0.040625
0 0.63046875 0.29765625 0.0390625 0.0140625
0 0.48828125 0.2625 0.02109375 0.02890625
0 0.48203125 0.28125 0.03515625 0.01796875
0 0.3421875 0.29453125 0.0171875 0.009375
0 0.4078125 0.1328125 0.02734375 0.009375
0 0.3578125 0.1765625 0.0140625 0.009375
0 0.27578125 0.14921875 0.0171875 0.0140625
0 0.59296875 0.384375 0.04140625 0.0296875
0 0.4546875 0.57578125 0.0328125 0.0234375
0 0.5328125 0.796875 0.03359375 0.0234375
0 0.6328125 0.85546875 0.02890625 0.02734375
0 0.5921875 0.6390625 0.03359375 0.02265625
0 0.68046875 0.8546875 0.0328125 0.025
0 0.1984375 0.225 0.0375 0.02890625
0 0.2296875 0.19140625 0.0140625 0.0109375
0 0.1265625 0.1515625 0.0109375 0.009375
0 0.20546875 0.23515625 0.0171875 0.0109375
0 0.134375 0.19375 0.01015625 0.0078125
0 0.16171875 0.25234375 0.0140625 0.009375
0 0.0234375 0.30703125 0.0171875 0.01328125
0 0.03828125 0.29921875 0.0109375 0.01015625
0 0.18125 0.1640625 0.01015625 0.0078125
0 0.18046875 0.15859375 0.0078125 0.0046875
0 0.23828125 0.62578125 0.0140625 0.0140625
0 0.028125 0.71953125 0.01875 0.01953125
0 0.14453125 0.7265625 0.02109375 0.01953125
0 0.21953125 0.190625 0.0109375 0.01015625
0 0.2359375 0.171875 0.01875 0.0109375
0 0.2515625 0.2171875 0.0109375 0.009375
0 0.2703125 0.2078125 0.02265625 0.01015625
0 0.27890625 0.19140625 0.0125 0.009375
0 0.28984375 0.1890625 0.01484375 0.00859375
0 0.3046875 0.1359375 0.01484375 0.00390625
0 0.3890625 0.14140625 0.0140625 0.01015625
0 0.43046875 0.1390625 0.02265625 0.0109375
0 0.45 0.1328125 0.0421875 0.01328125
0 0.91171875 0.10703125 0.01875 0.01015625
0 0.97109375 0.7171875 0.02890625 0.0296875
0 0.859375 0.7609375 0.025 0.03203125
0 0.70234375 0.8609375 0.02265625 0.00859375