1 0.61015625 0.2984375 0.2625 0.1078125
0 0.728125 0.75390625 0.0765625 0.0421875
0 0.63125 0.76015625 0.0578125 0.04140625
1 0.38671875 0.65703125 0.21640625 0.053125
0 0.8421875 0.76875 0.0703125 0.04765625
0 0.49375 0.73203125 0.0515625 0.03828125
1 0.4359375 0.4109375 0.30625 0.0796875
0 0.12890625 0.7359375 0.05390625 0.02734375
0 0.3328125 0.75234375 0.0515625 0.0390625
1 0.0609375 0.64140625 0.12109375 0.0625
0 0.38203125 0.759375 0.0609375 0.03515625
1 0.85625 0.33984375 0.2875 0.11484375
0 0.0171875 0.70546875 0.034375 0.0265625
1 0.628125 0.4859375 0.44140625 0.11171875
0 0.5484375 0.78359375 0.05859375 0.0125
0 0.5984375 0.50546875 0.02890625 0.0171875
0 0.7 0.46015625 0.0296875 0.01640625
0 0.27421875 0.43359375 0.0296875 0.0140625
0 0.3359375 0.5359375 0.0390625 0.01796875
0 0.06953125 0.55625 0.02890625 0.0234375