1 0.49375 0.2890625 0.26640625 0.11171875
0 0.85625 0.70234375 0.07734375 0.04375
0 0.76796875 0.725 0.06015625 0.0421875
1 0.47890625 0.66875 0.2171875 0.05703125
0 0.96796875 0.69609375 0.0640625 0.0484375
0 0.62109375 0.721875 0.05234375 0.0390625
1 0.390625 0.42578125 0.3078125 0.08515625
0 0.2765625 0.7890625 0.0546875 0.028125
0 0.47890625 0.76875 0.05390625 0.03984375
1 0.13828125 0.71484375 0.16875 0.06484375
0 0.5296875 0.7671875 0.0625 0.0359375
1 0.75546875 0.28515625 0.3015625 0.11953125
0 0.1453125 0.78203125 0.0578125 0.028125
1 0.6140625 0.4640625 0.44375 0.11953125
0 0.7015625 0.7609375 0.05859375 0.0140625
0 0.596875 0.48828125 0.02890625 0.0171875
0 0.66796875 0.42734375 0.0296875 0.01640625
0 0.2484375 0.47578125 0.03125 0.01484375
0 0.3640625 0.56328125 0.0390625 0.01796875
0 0.12109375 0.62890625 0.0296875 0.02421875