1 0.8703125 0.5328125 0.15859375 0.13671875
0 0.084375 0.6625 0.06640625 0.03828125
0 0.06015625 0.609375 0.0671875 0.02734375
1 0.2078125 0.45859375 0.06640625 0.1171875
0 0.075 0.728125 0.07734375 0.03359375
0 0.09140625 0.52890625 0.0625 0.02421875
1 0.6484375 0.45234375 0.1015625 0.165625
0 0.03359375 0.32578125 0.0421875 0.02734375
0 0.0328125 0.44140625 0.06484375 0.02421875
1 0.1859375 0.2328125 0.08984375 0.14609375
0 0.02734375 0.4703125 0.0546875 0.03046875
1 0.83125 0.67890625 0.1671875 0.15546875
0 0.06796875 0.25390625 0.04140625 0.02890625
1 0.54296875 0.56953125 0.14140625 0.23984375
0 0.0078125 0.56640625 0.01484375 0.03203125
0 0.0234375 0.8234375 0.04609375 0.03203125
0 0.50390625 0.55546875 0.0265625 0.0140625
0 0.59765625 0.60546875 0.025 0.01484375
0 0.5859375 0.36484375 0.02109375 0.015625
0 0.4140625 0.41328125 0.0265625 0.01953125
0 0.340625 0.26796875 0.0390625 0.01328125
0 0.18984375 0.16484375 0.04140625 0.0109375
0 0.74453125 0.80390625 0.01640625 0.01328125