0 0.39296875 0.93515625 0.1984375 0.12578125
0 0.165625 0.7359375 0.09765625 0.0625
0 0.46953125 0.58359375 0.09375 0.05703125
0 0.1703125 0.32578125 0.08515625 0.0625
0 0.0484375 0.25859375 0.096875 0.1109375
0 0.2609375 0.834375 0.0875 0.04375
0 0.68828125 0.78203125 0.2140625 0.15
0 0.93046875 0.2703125 0.1109375 0.0671875
0 0.21796875 0.39140625 0.07109375 0.05
0 0.075 0.7296875 0.0953125 0.0609375
0 0.69609375 0.0609375 0.06640625 0.0328125
0 0.64296875 0.92890625 0.0484375 0.04609375
0 0.5234375 0.14140625 0.2078125 0.078125
0 0.9109375 0.359375 0.12734375 0.0609375
1 0.4921875 0.62578125 0.4375 0.15078125
0 0.81015625 0.8671875 0.05390625 0.04765625
0 0.37890625 0.5609375 0.05390625 0.040625
0 0.92421875 0.8046875 0.08125 0.05
0 0.83203125 0.33515625 0.0828125 0.0515625
0 0.78828125 0.296875 0.06875 0.04375
0 0.54375 0.9203125 0.04375 0.04140625
0 0.16640625 0.36640625 0.06484375 0.03671875
0 0.88125 0.3859375 0.0921875 0.03828125
0 0.8640625 0.53515625 0.05625 0.0359375
0 0.8671875 0.71796875 0.08125 0.03828125
0 0.72421875 0.57421875 0.0625 0.0359375
0 0.69609375 0.70078125 0.08515625 0.03125
0 0.80078125 0.4640625 0.0546875 0.034375
0 0.71171875 0.23828125 0.06015625 0.04375
0 0.70625 0.16484375 0.0640625 0.03671875
0 0.934375 0.64453125 0.05234375 0.0359375
0 0.7296875 0.2953125 0.05390625 0.05234375
0 0.3609375 0.82421875 0.04765625 0.06015625
0 0.39765625 0.82109375 0.0421875 0.04375
0 0.02109375 0.43203125 0.0421875 0.0546875
0 0.6046875 0.86328125 0.0296875 0.01875
0 0.3203125 0.70078125 0.02890625 0.01796875
0 0.2984375 0.68828125 0.02890625 0.01328125
0 0.75078125 0.4671875 0.0484375 0.028125
0 0.8078125 0.49921875 0.04765625 0.0296875
0 0.69140625 0.6390625 0.0296875 0.04296875
0 0.38984375 0.6328125 0.02265625 0.01484375
0 0.6046875 0.4390625 0.01875 0.0140625
0 0.03359375 0.55546875 0.04140625 0.01015625
0 0.1203125 0.4640625 0.0515625 0.0265625
0 0.0203125 0.4703125 0.025 0.01796875
0 0.0109375 0.51171875 0.02109375 0.028125
0 0.87890625 0.08828125 0.0328125 0.0171875
0 0.88125 0.19140625 0.03125 0.01796875
0 0.7453125 0.13046875 0.0265625 0.01875
0 0.5640625 0.07109375 0.01875 0.015625
0 0.07578125 0.1765625 0.0234375 0.01875
0 0.2546875 0.16796875 0.0234375 0.0203125
0 0.03046875 0.14921875 0.025 0.0125
0 0.54140625 0.3078125 0.1015625 0.040625
0 0.55 0.3390625 0.08515625 0.0484375
0 0.00234375 0.37265625 0.0046875 0.0171875
0 0.003125 0.40078125 0.00625 0.025
0 0.85703125 0.4984375 0.0453125 0.02890625
0 0.96171875 0.63125 0.0765625 0.0984375
0 0.978125 0.578125 0.04375 0.03671875
0 0.8921875 0.6765625 0.05625 0.0328125
0 0.87109375 0.68828125 0.0359375 0.025