0 0.41328125 0.9359375 0.20390625 0.12734375
0 0.1765625 0.74453125 0.1 0.06484375
0 0.4734375 0.584375 0.09609375 0.059375
0 0.1625 0.334375 0.0875 0.06484375
0 0.04453125 0.27109375 0.0890625 0.1125
0 0.2765625 0.840625 0.08984375 0.046875
0 0.7015625 0.7765625 0.2203125 0.15546875
0 0.9203125 0.259375 0.11484375 0.0703125
0 0.21328125 0.3984375 0.07265625 0.0515625
0 0.0859375 0.740625 0.09765625 0.0625
0 0.6765625 0.05625 0.0671875 0.03359375
0 0.66328125 0.925 0.0515625 0.046875
0 0.50703125 0.14140625 0.21015625 0.08359375
0 0.9046875 0.3484375 0.1296875 0.0640625
1 0.49765625 0.62578125 0.4421875 0.1609375
0 0.8265625 0.85859375 0.0546875 0.0484375
0 0.38125 0.5640625 0.0546875 0.04140625
0 0.93828125 0.79296875 0.0828125 0.0515625
0 0.82421875 0.3265625 0.08359375 0.053125
0 0.77890625 0.2890625 0.07109375 0.0453125
0 0.56328125 0.91875 0.04609375 0.0421875
0 0.1609375 0.375 0.06640625 0.0375
0 0.87578125 0.37578125 0.09375 0.040625
0 0.86484375 0.525 0.0578125 0.0375
0 0.87734375 0.7078125 0.0828125 0.040625
0 0.72734375 0.56875 0.0640625 0.0375
0 0.70546875 0.69609375 0.0859375 0.03359375
0 0.7984375 0.45625 0.05625 0.03671875
0 0.7 0.2328125 0.0625 0.04609375
0 0.690625 0.16015625 0.06484375 0.0375
0 0.940625 0.63359375 0.05390625 0.03671875
0 0.7203125 0.28984375 0.05625 0.053125
0 0.37578125 0.82734375 0.05 0.0609375
0 0.4125 0.8234375 0.0453125 0.0453125
0 0.0203125 0.44375 0.040625 0.05625
0 0.621875 0.8609375 0.03125 0.01953125
0 0.3296875 0.70546875 0.02890625 0.01875
0 0.30703125 0.69375 0.02890625 0.0140625
0 0.7484375 0.4609375 0.05 0.02890625
0 0.8078125 0.49140625 0.04765625 0.03125
0 0.69765625 0.634375 0.0328125 0.04375
0 0.39609375 0.6359375 0.02265625 0.01484375
0 0.6015625 0.4359375 0.01875 0.0140625
0 0.03671875 0.5671875 0.0421875 0.0109375
0 0.11953125 0.4734375 0.05234375 0.02734375
0 0.01953125 0.4828125 0.025 0.01875
0 0.0125 0.52421875 0.02265625 0.028125
0 0.859375 0.078125 0.0328125 0.01796875
0 0.8671875 0.18203125 0.03125 0.01875
0 0.72890625 0.125 0.02734375 0.01953125
0 0.54375 0.06953125 0.01875 0.015625
0 0.0609375 0.1875 0.025 0.01875
0 0.23984375 0.175 0.025 0.0203125
0 0.0140625 0.16171875 0.025 0.01328125
0 0.53203125 0.30703125 0.10234375 0.04296875
0 0.5421875 0.33828125 0.0875 0.0515625
0 0.85625 0.4890625 0.04609375 0.0296875
0 0.96328125 0.61875 0.0734375 0.1
0 0.97890625 0.5640625 0.0421875 0.0375
0 0.89921875 0.665625 0.0578125 0.034375
0 0.8796875 0.67890625 0.0375 0.0265625