1 0.671875 0.46171875 0.19375 0.0828125
0 0.3453125 0.5578125 0.1609375 0.05625
0 0.77265625 0.4375 0.08515625 0.03828125
0 0.27421875 0.503125 0.0890625 0.0421875
0 0.7984375 0.5078125 0.0671875 0.0625
0 0.1234375 0.64453125 0.0625 0.034375
0 0.69375 0.18671875 0.0875 0.0359375
0 0.08984375 0.334375 0.0828125 0.02734375
1 0.434375 0.5671875 0.2140625 0.0890625
0 0.08984375 0.71640625 0.0921875 0.06171875
0 0.79921875 0.46796875 0.0640625 0.04140625
0 0.4828125 0.4015625 0.04140625 0.03203125
0 0.278125 0.5296875 0.09375 0.03203125
0 0.059375 0.7359375 0.0515625 0.028125
0 0.16015625 0.25703125 0.02734375 0.0125
0 0.50625 0.246875 0.02265625 0.0171875
0 0.653125 0.3203125 0.01875 0.01328125
0 0.4828125 0.24609375 0.0234375 0.02734375
0 0.53515625 0.24765625 0.0296875 0.025
0 0.64765625 0.17734375 0.0203125 0.01484375
0 0.5390625 0.2046875 0.0125 0.0109375
0 0.7640625 0.32109375 0.03125 0.02265625
0 0.79765625 0.221875 0.0328125 0.02890625
0 0.6953125 0.2078125 0.0203125 0.0109375
0 0.8875 0.30390625 0.0421875 0.01484375
0 0.88828125 0.32109375 0.02890625 0.0140625
0 0.990625 0.31640625 0.01875 0.0203125
0 0.0328125 0.5828125 0.0265625 0.0109375
0 0.21328125 0.56015625 0.0265625 0.0203125
0 0.1015625 0.53828125 0.025 0.01484375
0 0.096875 0.55234375 0.02109375 0.01796875
0 0.2546875 0.6546875 0.0171875 0.01015625
0 0.2328125 0.55 0.02109375 0.01015625
0 0.0328125 0.3859375 0.02265625 0.01015625
0 0.4671875 0.38125 0.01484375 0.01484375
0 0.6640625 0.340625 0.03984375 0.02734375
0 0.4484375 0.39609375 0.0109375 0.009375
0 0.4671875 0.36953125 0.01015625 0.00625
0 0.6453125 0.64921875 0.01484375 0.0140625
0 0.65390625 0.65703125 0.01484375 0.009375
0 0.46875 0.33671875 0.01015625 0.0078125
0 0.7484375 0.64453125 0.0234375 0.01484375
0 0.97890625 0.62578125 0.03984375 0.021875
0 0.1546875 0.8015625 0.0265625 0.01875
0 0.16953125 0.7890625 0.02109375 0.009375
0 0.5421875 0.74921875 0.0140625 0.0140625
0 0.56328125 0.71640625 0.0140625 0.01484375
0 0.61015625 0.7984375 0.0078125 0.0078125
0 0.51015625 0.7265625 0.0078125 0.00625
0 0.8296875 0.753125 0.02265625 0.015625
0 0.8 0.80859375 0.02265625 0.01796875
0 0.06640625 0.32890625 0.01875 0.0125
0 0.03984375 0.27421875 0.0359375 0.028125
0 0.4578125 0.40390625 0.0109375 0.01015625
0 0.9765625 0.3046875 0.0234375 0.00859375
0 0.971875 0.29765625 0.0234375 0.00546875
0 0.82109375 0.52421875 0.0171875 0.0109375
0 0.821875 0.47578125 0.01875 0.015625
0 0.75859375 0.42421875 0.02265625 0.01484375
0 0.53515625 0.534375 0.0109375 0.0171875
0 0.375 0.6015625 0.0140625 0.01015625
0 0.284375 0.49375 0.0140625 0.0078125
0 0.38046875 0.71640625 0.0109375 0.00859375