1 0.54765625 0.6296875 0.1140625 0.146875
0 0.42578125 0.38359375 0.07734375 0.121875
0 0.57890625 0.70546875 0.05234375 0.06484375
0 0.5 0.33046875 0.0578125 0.0671875
0 0.48515625 0.72421875 0.08515625 0.0515625
0 0.3140625 0.215625 0.04765625 0.04765625
0 0.9140625 0.65078125 0.0484375 0.06640625
0 0.728125 0.1953125 0.0375 0.06171875
1 0.4109375 0.45 0.12265625 0.1625
0 0.21953125 0.1890625 0.08359375 0.0703125
0 0.53828125 0.725 0.05625 0.0484375
0 0.63125 0.4890625 0.04375 0.03203125
0 0.4640625 0.3328125 0.04375 0.07109375
0 0.19296875 0.165625 0.0390625 0.0390625
0 0.8296875 0.24921875 0.01640625 0.0203125
0 0.83828125 0.50859375 0.02265625 0.0171875
0 0.73671875 0.61796875 0.0171875 0.0140625
0 0.8390625 0.49140625 0.0359375 0.01875
0 0.8359375 0.53046875 0.03359375 0.02265625
0 0.928125 0.61640625 0.0203125 0.01484375
0 0.89375 0.534375 0.01484375 0.009375
0 0.73359375 0.7015625 0.0296875 0.0234375
0 0.86640625 0.728125 0.0390625 0.025
0 0.8859375 0.6515625 0.01484375 0.01484375
0 0.7546875 0.79375 0.02109375 0.03203125
0 0.73203125 0.79453125 0.01875 0.021875
0 0.7359375 0.87109375 0.02734375 0.0140625
0 0.39765625 0.1484375 0.01484375 0.01953125
0 0.42421875 0.28359375 0.02734375 0.01953125
0 0.45625 0.20078125 0.0203125 0.01875
0 0.43671875 0.196875 0.0234375 0.015625
0 0.2984375 0.31328125 0.0140625 0.01328125
0 0.43828125 0.29921875 0.0140625 0.015625
0 0.6609375 0.1515625 0.0140625 0.0171875
0 0.65859375 0.47734375 0.0203125 0.0109375
0 0.709375 0.62578125 0.0375 0.03125
0 0.6390625 0.46328125 0.0125 0.00859375
0 0.67421875 0.478125 0.00859375 0.0078125
0 0.2984375 0.60625 0.01875 0.0109375
0 0.28828125 0.6125 0.0125 0.0109375
0 0.71875 0.4796875 0.01015625 0.0078125
0 0.30234375 0.68359375 0.0203125 0.01796875
0 0.32421875 0.85625 0.0296875 0.0296875
0 0.1046875 0.2359375 0.025 0.01953125
0 0.1203125 0.246875 0.0125 0.015625
0 0.1671875 0.52734375 0.01875 0.01015625
0 0.2109375 0.54375 0.0203125 0.01015625
0 0.1 0.57734375 0.01015625 0.00546875
0 0.19765625 0.50390625 0.00859375 0.00546875
0 0.15703125 0.74296875 0.02109375 0.0171875
0 0.08359375 0.71953125 0.0234375 0.0171875
0 0.7359375 0.17734375 0.01640625 0.0140625
0 0.80859375 0.159375 0.0390625 0.028125
0 0.62890625 0.4703125 0.0140625 0.00859375
0 0.7515625 0.8609375 0.0109375 0.01796875
0 0.76171875 0.85703125 0.0078125 0.01796875
0 0.4625 0.740625 0.01484375 0.01328125
0 0.5265625 0.7421875 0.02109375 0.0140625
0 0.596875 0.6953125 0.0203125 0.0171875
0 0.45390625 0.52578125 0.02265625 0.00859375
0 0.3671875 0.4046875 0.0140625 0.01015625
0 0.5125 0.33828125 0.01015625 0.01015625
0 0.21328125 0.40703125 0.0109375 0.00859375