0 0.175 0.8015625 0.10625 0.10625
0 0.1 0.62265625 0.075 0.075
0 0.71484375 0.08359375 0.0375 0.04375
0 0.54140625 0.1015625 0.0375 0.0453125
0 0.6359375 0.41328125 0.0640625 0.04765625
1 0.584375 0.67890625 0.1125 0.1328125
0 0.86875 0.42734375 0.0640625 0.0453125
0 0.26875 0.6859375 0.06484375 0.10859375
1 0.6890625 0.7921875 0.0953125 0.08984375
0 0.3328125 0.1203125 0.0359375 0.04375
0 0.9109375 0.49296875 0.0625 0.04765625
1 0.4921875 0.68671875 0.05390625 0.11484375
1 0.8828125 0.64453125 0.1140625 0.05625
0 0.4375 0.459375 0.075 0.03984375
1 0.6609375 0.55546875 0.1015625 0.08125
0 0.06171875 0.30859375 0.01640625 0.01640625
0 0.415625 0.25546875 0.03515625 0.0359375
0 0.628125 0.23125 0.0140625 0.02109375
0 0.44296875 0.25078125 0.0109375 0.0171875
0 0.66640625 0.0953125 0.02265625 0.01875
0 0.909375 0.209375 0.02734375 0.025
0 0.7765625 0.059375 0.0453125 0.0234375
0 0.6703125 0.08203125 0.02734375 0.0140625
0 0.771875 0.1125 0.01015625 0.02109375
0 0.74921875 0.1296875 0.0125 0.0203125
0 0.33828125 0.64609375 0.0234375 0.02734375
0 0.2421875 0.48203125 0.01640625 0.01484375
0 0.3546875 0.52109375 0.0296875 0.01484375
0 0.4703125 0.41953125 0.0234375 0.06484375
0 0.384375 0.64140625 0.0140625 0.0203125
0 0.653125 0.55 0.0140625 0.0109375
0 0.69296875 0.61953125 0.0203125 0.02265625
0 0.83046875 0.496875 0.02265625 0.02265625
0 0.5078125 0.85078125 0.02890625 0.0171875
0 0.4640625 0.79609375 0.0328125 0.0140625
0 0.84765625 0.83984375 0.0296875 0.025
0 0.79609375 0.875 0.02109375 0.02265625
0 0.2234375 0.3171875 0.0234375 0.05234375
0 0.17734375 0.071875 0.01484375 0.0140625
0 0.18359375 0.05703125 0.02109375 0.0203125
0 0.78828125 0.4171875 0.0109375 0.01640625
0 0.84140625 0.39453125 0.04140625 0.03515625
0 0.6765625 0.5734375 0.02109375 0.01640625
0 0.596875 0.67578125 0.01875 0.01875
0 0.41875 0.46328125 0.01015625 0.0109375