1 0.503125 0.4734375 0.2171875 0.28984375
0 0.2890625 0.2453125 0.1875 0.125
0 0.8578125 0.459375 0.13125 0.1671875
0 0.85703125 0.58671875 0.11484375 0.0625
0 0.82265625 0.6578125 0.06875 0.05703125
0 0.6859375 0.65859375 0.10390625 0.1265625
0 0.63515625 0.7140625 0.05234375 0.04609375
0 0.21171875 0.615625 0.05234375 0.05
0 0.3703125 0.5984375 0.05 0.06171875
0 0.69609375 0.53671875 0.0625 0.05078125
0 0.3921875 0.75859375 0.04375 0.05234375
0 0.76015625 0.83359375 0.05 0.0453125
0 0.64609375 0.315625 0.15390625 0.07109375
1 0.4921875 0.61484375 0.125 0.05234375
0 0.5921875 0.73828125 0.05 0.0515625
0 0.55546875 0.76875 0.04765625 0.05625
0 0.4390625 0.72109375 0.05625 0.05078125
0 0.43359375 0.82421875 0.05 0.03671875
0 0.1421875 0.215625 0.0734375 0.0625
0 0.4 0.3140625 0.1109375 0.06640625
1 0.62578125 0.13203125 0.12109375 0.04609375
0 0.4046875 0.44765625 0.08515625 0.0234375
0 0.20859375 0.55859375 0.02265625 0.0203125
0 0.21640625 0.5625 0.0265625 0.0203125
0 0.0671875 0.5046875 0.02109375 0.01328125
0 0.184375 0.41484375 0.02890625 0.02890625
0 0.08203125 0.384375 0.02109375 0.03359375
0 0.1953125 0.27109375 0.0234375 0.0203125
0 0.19609375 0.28828125 0.0234375 0.01953125
0 0.315625 0.72109375 0.0359375 0.034375
0 0.66953125 0.43828125 0.02265625 0.021875
0 0.55703125 0.5625 0.0125 0.01796875
0 0.4421875 0.3515625 0.025 0.01953125
0 0.4140625 0.1375 0.03515625 0.015625
0 0.8875 0.66640625 0.02265625 0.0171875
0 0.86171875 0.12578125 0.0203125 0.01796875
0 0.8265625 0.45625 0.00859375 0.0140625
0 0.5984375 0.4796875 0.04765625 0.03125
0 0.38125 0.70234375 0.0765625 0.02265625
0 0.06640625 0.4953125 0.01875 0.0140625
0 0.07109375 0.3875 0.01875 0.0328125
0 0.38828125 0.31640625 0.04609375 0.02734375