1 0.4921875 0.5265625 0.1921875 0.28203125
0 0.66171875 0.7734375 0.17734375 0.11640625
0 0.1375 0.503125 0.1171875 0.1625
0 0.1625 0.3765625 0.11015625 0.05703125
0 0.21015625 0.3109375 0.0640625 0.0546875
0 0.3453125 0.3234375 0.0921875 0.121875
0 0.40625 0.2734375 0.05 0.04296875
0 0.80703125 0.415625 0.0484375 0.046875
0 0.646875 0.41640625 0.0453125 0.06015625
0 0.3125 0.44296875 0.05859375 0.0484375
0 0.6546875 0.2546875 0.03984375 0.05078125
0 0.3046875 0.1421875 0.04765625 0.0421875
0 0.3203125 0.6671875 0.1484375 0.0640625
1 0.528125 0.38671875 0.12265625 0.04609375
0 0.45234375 0.25390625 0.04609375 0.05
0 0.49453125 0.228125 0.0421875 0.0546875
0 0.6015625 0.2875 0.05234375 0.04765625
0 0.6265625 0.1859375 0.04765625 0.03359375
0 0.8015625 0.81875 0.06875 0.06015625
0 0.56484375 0.69453125 0.10625 0.06171875
1 0.3078125 0.8515625 0.1171875 0.0390625
0 0.5859375 0.56171875 0.08359375 0.01875
0 0.79921875 0.47265625 0.02109375 0.01953125
0 0.79296875 0.4671875 0.025 0.01953125
0 0.92890625 0.540625 0.0203125 0.0125
0 0.796875 0.6171875 0.0265625 0.028125
0 0.89296875 0.6578125 0.0171875 0.0328125
0 0.759375 0.7578125 0.02265625 0.01953125
0 0.7609375 0.740625 0.02265625 0.01875
0 0.7234375 0.3 0.03359375 0.0328125
0 0.32109375 0.54375 0.02109375 0.0203125
0 0.4546875 0.43203125 0.0109375 0.0171875
0 0.5296875 0.653125 0.0234375 0.01875
0 0.51796875 0.86796875 0.03359375 0.0140625
0 0.02734375 0.146875 0.0234375 0.021875
0 0.14765625 0.29453125 0.02109375 0.015625
0 0.07265625 0.8328125 0.01875 0.0171875
0 0.16796875 0.50859375 0.0078125 0.01328125
0 0.3984375 0.509375 0.0453125 0.02890625
0 0.6546875 0.31171875 0.075 0.01875
0 0.92890625 0.55 0.0171875 0.01328125
0 0.90390625 0.65625 0.01640625 0.03203125
0 0.5765625 0.69375 0.04375 0.025