0 0.575 0.096875 0.1 0.078125
1 0.87734375 0.1390625 0.2453125 0.2046875
0 0.46015625 0.275 0.03984375 0.03671875
1 0.9078125 0.62265625 0.16484375 0.15859375
1 0.79296875 0.5 0.1859375 0.1578125
0 0.8046875 0.61328125 0.10234375 0.06015625
0 0.5890625 0.35546875 0.0796875 0.07265625
0 0.62578125 0.27734375 0.08359375 0.07265625
0 0.284375 0.2484375 0.07890625 0.05390625
0 0.25859375 0.4515625 0.0703125 0.0390625
0 0.8015625 0.55703125 0.08515625 0.04375
0 0.11171875 0.54296875 0.0390625 0.0546875
0 0.71484375 0.471875 0.05 0.06875
0 0.36796875 0.3015625 0.05859375 0.05859375
0 0.7453125 0.678125 0.05234375 0.025
0 0.88984375 0.44453125 0.10234375 0.09453125
0 0.32890625 0.440625 0.04765625 0.05078125
0 0.4484375 0.37109375 0.03984375 0.03359375
0 0.48046875 0.1171875 0.04140625 0.03828125
0 0.571875 0.7109375 0.0515625 0.0484375
0 0.09140625 0.20625 0.0421875 0.0359375
0 0.2125 0.5984375 0.0546875 0.03203125
0 0.0203125 0.08671875 0.040625 0.1109375
0 0.34765625 0.5765625 0.05 0.075
0 0.18203125 0.2140625 0.0640625 0.028125
0 0.8390625 0.16953125 0.10234375 0.078125
1 0.3703125 0.58046875 0.09609375 0.1921875
0 0.89140625 0.17734375 0.05234375 0.03203125
1 0.02265625 0.41796875 0.0453125 0.2109375
0 0.73203125 0.33125 0.0359375 0.0265625
0 0.78828125 0.2125 0.02109375 0.0171875
0 0.99140625 0.2375 0.01484375 0.028125
0 0.0203125 0.5859375 0.0125 0.01328125
0 0.56875 0.40546875 0.03515625 0.0328125
0 0.5421875 0.45390625 0.01015625 0.00859375
0 0.08125 0.775 0.0375 0.021875
0 0.246875 0.6984375 0.02890625 0.015625
0 0.03515625 0.70859375 0.02265625 0.021875
0 0.02578125 0.6703125 0.01875 0.01953125
0 0.0234375 0.74921875 0.01015625 0.0109375
0 0.203125 0.81796875 0.0234375 0.02265625
0 0.01484375 0.765625 0.01015625 0.009375
0 0.01875 0.77421875 0.0078125 0.00625
0 0.03359375 0.68515625 0.01015625 0.01484375
0 0.4828125 0.8453125 0.0328125 0.02421875
0 0.7921875 0.85234375 0.02734375 0.0203125
0 0.7671875 0.7953125 0.0453125 0.02421875
0 0.04609375 0.76796875 0.0328125 0.040625
0 0.0328125 0.74375 0.00625 0.0078125
0 0.02890625 0.6625 0.0109375 0.01484375
0 0.0203125 0.65234375 0.0078125 0.015625
0 0.559375 0.67734375 0.0359375 0.0453125
0 0.3984375 0.54140625 0.0078125 0.015625
0 0.84375 0.525 0.0140625 0.0078125
1 0.0171875 0.6078125 0.03359375 0.121875