0 0.48046875 0.09375 0.11640625 0.08984375
1 0.78828125 0.10625 0.2890625 0.2125
0 0.40859375 0.2828125 0.04765625 0.04140625
1 0.91484375 0.56796875 0.1703125 0.17734375
1 0.7890625 0.46171875 0.2203125 0.1796875
0 0.8265625 0.571875 0.11484375 0.07265625
0 0.55390625 0.34609375 0.0953125 0.08203125
0 0.57265625 0.2640625 0.0984375 0.08203125
0 0.2296875 0.28046875 0.08984375 0.06328125
0 0.2515625 0.48359375 0.07734375 0.04765625
0 0.81015625 0.5171875 0.09375 0.0546875
0 0.12734375 0.59296875 0.0515625 0.059375
0 0.7046875 0.44375 0.06484375 0.07421875
0 0.32421875 0.321875 0.07109375 0.06484375
0 0.7828125 0.64375 0.0578125 0.03203125
0 0.87109375 0.39453125 0.12265625 0.10703125
0 0.3171875 0.4640625 0.05859375 0.05625
0 0.41953125 0.3796875 0.04765625 0.03828125
0 0.3921875 0.125 0.05 0.04296875
0 0.61953125 0.6984375 0.0609375 0.0546875
0 0.0296875 0.2640625 0.05 0.040625
0 0.2390625 0.634375 0.0609375 0.03828125
0 0.3671875 0.5953125 0.06640625 0.08046875
0 0.1203125 0.26015625 0.06875 0.0359375
0 0.7578125 0.13046875 0.11875 0.08984375
1 0.39140625 0.59609375 0.1390625 0.2015625
0 0.8109375 0.13125 0.05859375 0.03828125
1 0.02890625 0.48203125 0.0578125 0.2140625
0 0.6890625 0.30390625 0.04140625 0.03125
0 0.7171875 0.17890625 0.025 0.01953125
0 0.9234375 0.17734375 0.02109375 0.0296875
0 0.046875 0.64765625 0.01484375 0.01484375
0 0.5453125 0.39765625 0.0421875 0.03671875
0 0.53125 0.44921875 0.0109375 0.009375
0 0.1515625 0.825 0.0421875 0.0265625
0 0.29609375 0.728125 0.0328125 0.01953125
0 0.08984375 0.765625 0.02734375 0.02421875
0 0.071875 0.72890625 0.02265625 0.021875
0 0.0890625 0.8078125 0.0125 0.0125
0 0.28125 0.8515625 0.02890625 0.025
0 0.08359375 0.82421875 0.0125 0.01015625
0 0.0890625 0.8328125 0.00859375 0.0078125
0 0.08359375 0.74375 0.0140625 0.015625
0 0.5625 0.8421875 0.0375 0.028125
0 0.86953125 0.80859375 0.03125 0.0234375
0 0.83203125 0.75625 0.05 0.0296875
0 0.11484375 0.82265625 0.04140625 0.04375
0 0.096875 0.8015625 0.0078125 0.00859375
0 0.0734375 0.721875 0.01484375 0.015625
0 0.06328125 0.7125 0.0109375 0.0171875
0 0.59921875 0.6671875 0.04609375 0.0484375
0 0.41015625 0.55390625 0.0109375 0.0171875
0 0.84453125 0.48046875 0.01484375 0.009375
1 0.04921875 0.66875 0.0609375 0.125