1 0.1890625 0.45 0.1625 0.11796875
0 0.09609375 0.72890625 0.125 0.0703125
0 0.76171875 0.44375 0.09375 0.046875
0 0.8796875 0.278125 0.07265625 0.0453125
0 0.790625 0.48359375 0.0828125 0.0515625
0 0.659375 0.45078125 0.0625 0.0390625
0 0.06015625 0.4625 0.04375 0.03203125
0 0.4671875 0.4984375 0.10859375 0.053125
0 0.70703125 0.471875 0.0859375 0.04453125
0 0.4046875 0.371875 0.0515625 0.03359375
0 0.48984375 0.48046875 0.1375 0.05
1 0.32265625 0.49296875 0.15 0.1234375
0 0.96484375 0.27265625 0.0703125 0.08359375
0 0.97265625 0.6125 0.0390625 0.04609375
0 0.87890625 0.24453125 0.04140625 0.02265625
0 0.8390625 0.23203125 0.0359375 0.009375
0 0.9296875 0.5828125 0.025 0.01484375
0 0.83125 0.52265625 0.0484375 0.02734375
0 0.81796875 0.53671875 0.0265625 0.015625
0 0.8421875 0.64765625 0.04140625 0.02421875
0 0.5390625 0.37890625 0.02109375 0.01171875
0 0.81328125 0.25546875 0.075 0.0171875
0 0.5953125 0.5625 0.03984375 0.0234375
0 0.54921875 0.47578125 0.04765625 0.01875
0 0.5453125 0.46328125 0.02890625 0.01484375
0 0.5140625 0.45390625 0.0171875 0.0109375
0 0.6734375 0.75 0.0375 0.02265625
0 0.34765625 0.58984375 0.0265625 0.01640625
0 0.3234375 0.6953125 0.0203125 0.01796875
0 0.3734375 0.7609375 0.08125 0.015625
0 0.59609375 0.7484375 0.0375 0.0328125
0 0.65546875 0.45390625 0.0171875 0.01015625