1 0.42734375 0.67734375 0.20234375 0.0859375
0 0.9265625 0.71484375 0.11875 0.0671875
0 0.171875 0.16875 0.1015625 0.05078125
0 0.38671875 0.35546875 0.07890625 0.05078125
0 0.08671875 0.2984375 0.0765625 0.0390625
0 0.51640625 0.1203125 0.07734375 0.05078125
0 0.12421875 0.1140625 0.09375 0.06484375
0 0.45625 0.3375 0.0875 0.04375
0 0.4046875 0.41328125 0.0671875 0.0328125
0 0.45703125 0.74921875 0.05390625 0.0234375
0 0.49921875 0.51875 0.0890625 0.05859375
0 0.43984375 0.38515625 0.075 0.04609375
0 0.27734375 0.56015625 0.0578125 0.02734375
0 0.04453125 0.16484375 0.0609375 0.03515625
0 0.19296875 0.08828125 0.06875 0.03203125
0 0.975 0.80078125 0.05 0.034375
0 0.60390625 0.1796875 0.0421875 0.03046875
0 0.465625 0.50703125 0.08125 0.075
1 0.49609375 0.6 0.2125 0.078125
0 0.0984375 0.175 0.03984375 0.0625
0 0.0453125 0.084375 0.08984375 0.16875
0 0.071875 0.2421875 0.14375 0.0515625
0 0.675 0.22265625 0.0796875 0.03203125
0 0.0265625 0.30078125 0.0375 0.021875
0 0.015625 0.1875 0.0265625 0.01796875
0 0.0078125 0.3234375 0.01484375 0.01953125
0 0.625 0.25390625 0.025 0.01328125
0 0.5234375 0.3125 0.04609375 0.02578125
0 0.5484375 0.31953125 0.0265625 0.0140625
0 0.74375 0.3 0.03984375 0.021875
0 0.2828125 0.484375 0.0203125 0.0109375
0 0.05 0.33671875 0.0265625 0.04140625
0 0.60546875 0.44296875 0.0390625 0.02109375
0 0.4546875 0.4734375 0.03125 0.02578125
0 0.4328125 0.4765625 0.025 0.015625
0 0.41796875 0.49453125 0.0171875 0.009375
0 0.9359375 0.38984375 0.0390625 0.01953125
0 0.6671875 0.58125 0.02734375 0.0140625
0 0.85546875 0.5890625 0.03125 0.0109375
0 0.9703125 0.5578125 0.0234375 0.0453125
0 0.9359375 0.4328125 0.0578125 0.01953125
0 0.409375 0.41484375 0.01640625 0.009375
0 0.00546875 0.20625 0.0109375 0.03671875