0 0.5375 0.3953125 0.0671875 0.0515625
0 0.625 0.55 0.1171875 0.04296875
0 0.6109375 0.38125 0.0796875 0.0421875
0 0.503125 0.58046875 0.0765625 0.0390625
0 0.3609375 0.571875 0.04765625 0.0359375
0 0.23515625 0.5484375 0.04609375 0.03203125
0 0.41015625 0.5484375 0.04375 0.03359375
0 0.35 0.7625 0.05390625 0.03671875
0 0.72578125 0.59921875 0.0375 0.0234375
0 0.81171875 0.5828125 0.0375 0.02421875
0 0.884375 0.55078125 0.0375 0.0234375
0 0.7796875 0.56796875 0.0125 0.009375
0 0.78359375 0.68984375 0.04140625 0.02890625
0 0.8921875 0.8125 0.01875 0.01796875
0 0.825 0.87734375 0.02109375 0.015625
0 0.7515625 0.73359375 0.02265625 0.01328125
0 0.48671875 0.4125 0.0328125 0.03203125
0 0.5546875 0.5359375 0.0171875 0.0171875
0 0.46875 0.43046875 0.01484375 0.01328125
0 0.5390625 0.65390625 0.025 0.01484375
0 0.44140625 0.8015625 0.025 0.025
0 0.2796875 0.63359375 0.02109375 0.01953125
0 0.3953125 0.7546875 0.025 0.01953125
0 0.65625 0.7015625 0.02265625 0.01328125
0 0.44453125 0.75390625 0.02109375 0.01484375
0 0.13828125 0.43671875 0.0359375 0.02734375
0 0.2640625 0.5734375 0.01875 0.01328125
0 0.16875 0.6078125 0.02109375 0.0140625
0 0.00703125 0.7890625 0.0140625 0.01953125
0 0.1390625 0.6953125 0.0203125 0.01953125
0 0.0484375 0.7921875 0.02109375 0.0234375
0 0.496875 0.27734375 0.00859375 0.0140625
0 0.5078125 0.2671875 0.0125 0.01875
0 0.653125 0.13671875 0.01484375 0.00546875
0 0.6828125 0.16328125 0.01640625 0.00625
0 0.8078125 0.17265625 0.025 0.00859375
0 0.9046875 0.18671875 0.02265625 0.00625
0 0.91328125 0.7703125 0.0453125 0.02890625