0 0.35625 0.490625 0.07265625 0.05390625
0 0.79921875 0.05625 0.04140625 0.0375
0 0.54296875 0.39921875 0.06484375 0.08984375
0 0.325 0.43828125 0.0609375 0.06328125
0 0.6046875 0.48359375 0.0578125 0.059375
0 0.61796875 0.590625 0.05 0.0375
0 0.61015625 0.6875 0.0453125 0.03671875
0 0.57890625 0.55859375 0.04765625 0.034375
0 0.8703125 0.565625 0.05234375 0.0421875
0 0.2265625 0.14296875 0.0265625 0.01796875
0 0.590625 0.315625 0.03359375 0.0296875
0 0.5546875 0.2546875 0.03515625 0.0296875
0 0.5 0.20625 0.03359375 0.0296875
0 0.540625 0.28125 0.0125 0.01015625
0 0.7 0.25703125 0.04140625 0.0328125
0 0.8796875 0.03359375 0.0296875 0.021875
0 0.8421875 0.15625 0.025 0.01484375
0 0.9390625 0.19453125 0.02265625 0.0171875
0 0.76171875 0.2734375 0.01875 0.0171875
0 0.3875 0.525 0.0453125 0.0265625
0 0.53671875 0.453125 0.02265625 0.0140625
0 0.4140625 0.53515625 0.0171875 0.0125
0 0.69453125 0.44375 0.02109375 0.01953125
0 0.9046875 0.49140625 0.03515625 0.0203125
0 0.71328125 0.63984375 0.02734375 0.0171875
0 0.8515625 0.5328125 0.02734375 0.01953125
0 0.73671875 0.34921875 0.01875 0.0171875
0 0.8421875 0.496875 0.02109375 0.0171875
0 0.4796875 0.778125 0.0390625 0.02890625
0 0.63828125 0.66171875 0.01875 0.0140625
0 0.6984375 0.7265625 0.0203125 0.0171875
0 0.965625 0.81484375 0.0265625 0.01328125
0 0.81875 0.7328125 0.02734375 0.015625
0 0.96171875 0.7828125 0.0328125 0.01796875
0 0.2078125 0.54140625 0.0203125 0.0078125
0 0.19296875 0.534375 0.0265625 0.01015625
0 0.0265625 0.4234375 0.01015625 0.01328125
0 0.0171875 0.32890625 0.0125 0.01953125
0 0.01953125 0.2546875 0.01015625 0.01796875
0 0.7828125 0.14765625 0.04140625 0.0359375
0 0.86953125 0.02265625 0.01484375 0.00859375