0 0.35859375 0.47734375 0.06484375 0.04765625
0 0.86953125 0.08671875 0.0359375 0.034375
0 0.559375 0.40390625 0.0515625 0.08671875
0 0.3359375 0.42265625 0.05234375 0.05859375
0 0.60703125 0.49375 0.0484375 0.05546875
0 0.60234375 0.60078125 0.0453125 0.03359375
0 0.57890625 0.69609375 0.03984375 0.0328125
0 0.56875 0.56484375 0.0421875 0.03125
0 0.85703125 0.5984375 0.04609375 0.03828125
0 0.28671875 0.1203125 0.0234375 0.015625
0 0.02578125 0.084375 0.0265625 0.025
0 0.6203125 0.325 0.0296875 0.02734375
0 0.59453125 0.26171875 0.03125 0.02734375
0 0.54765625 0.20859375 0.0296875 0.02734375
0 0.57578125 0.28671875 0.0109375 0.009375
0 0.73828125 0.27734375 0.0359375 0.0296875
0 0.95234375 0.07109375 0.02734375 0.01875
0 0.8953125 0.18984375 0.02265625 0.01328125
0 0.98515625 0.23671875 0.0203125 0.01484375
0 0.9921875 0.00703125 0.0140625 0.0140625
0 0.796875 0.29921875 0.01640625 0.015625
0 0.384375 0.51484375 0.04140625 0.02265625
0 0.54453125 0.45703125 0.02109375 0.0125
0 0.409375 0.52734375 0.01640625 0.01015625
0 0.7015625 0.4625 0.01875 0.01796875
0 0.90390625 0.528125 0.0328125 0.01796875
0 0.6890625 0.65859375 0.025 0.01484375
0 0.84375 0.56484375 0.025 0.01796875
0 0.759375 0.37265625 0.01640625 0.015625
0 0.840625 0.52890625 0.01875 0.01484375
0 0.43515625 0.775 0.03515625 0.0265625
0 0.6109375 0.6734375 0.01640625 0.01328125
0 0.66015625 0.74296875 0.0171875 0.01484375
0 0.9109375 0.85546875 0.025 0.0109375
0 0.77890625 0.76015625 0.025 0.0140625
0 0.9125 0.8234375 0.0296875 0.01484375
0 0.2046875 0.5140625 0.01875 0.00546875
0 0.18984375 0.50625 0.025 0.00859375
0 0.00859375 0.40390625 0.00625 0.0109375
0 0.0421875 0.38046875 0.0078125 0.0125
0 0.0484375 0.2859375 0.01015625 0.01875
0 0.0625 0.2125 0.0078125 0.0171875
0 0.03359375 0.08359375 0.0140625 0.01484375
0 0.05078125 0.08515625 0.01875 0.0140625
0 0.8375 0.17578125 0.0359375 0.0328125
0 0.94375 0.0609375 0.0140625 0.0078125