0 0.5765625 0.53515625 0.1109375 0.134375
0 0.30703125 0.7265625 0.0625 0.04296875
0 0.0953125 0.43515625 0.06484375 0.059375
0 0.6671875 0.46171875 0.0953125 0.12734375
0 0.7171875 0.21875 0.05 0.040625
0 0.61171875 0.7265625 0.06015625 0.0921875
0 0.1125 0.471875 0.0671875 0.0203125
0 0.0640625 0.7171875 0.06640625 0.01796875
0 0.0203125 0.7328125 0.040625 0.01875
0 0.10703125 0.825 0.0484375 0.0453125
0 0.09296875 0.83671875 0.02109375 0.0171875
0 0.6171875 0.87890625 0.0328125 0.0171875
0 0.7078125 0.50859375 0.0265625 0.01875
0 0.64375 0.26953125 0.0328125 0.0234375
0 0.4828125 0.2234375 0.03125 0.0234375
0 0.8828125 0.45234375 0.04140625 0.02890625
0 0.98984375 0.57734375 0.00625 0.0140625
0 0.984375 0.340625 0.03125 0.0234375
0 0.90546875 0.23046875 0.0296875 0.0234375
0 0.853125 0.26171875 0.0296875 0.02265625
0 0.5703125 0.56953125 0.0203125 0.01875
0 0.640625 0.47734375 0.02109375 0.021875
0 0.703125 0.39296875 0.02890625 0.015625
0 0.5796875 0.753125 0.01484375 0.01953125
0 0.62265625 0.75078125 0.02890625 0.028125
0 0.103125 0.81640625 0.0125 0.01875
0 0.0265625 0.7265625 0.02734375 0.0125
0 0.003125 0.7265625 0.00625 0.00625
0 0.1515625 0.4859375 0.0796875 0.021875
0 0.8609375 0.4375 0.08125 0.06875
0 0.734375 0.3609375 0.075 0.06875
0 0.60546875 0.27890625 0.0703125 0.0703125
0 0.56015625 0.2546875 0.01484375 0.00859375
1 0.5015625 0.25703125 0.1546875 0.09921875
1 0.52109375 0.30703125 0.35390625 0.196875
1 0.5296875 0.29375 0.3609375 0.2203125
1 0.73203125 0.36640625 0.38125 0.2171875
1 0.7359375 0.3546875 0.38359375 0.225