0 0.5859375 0.521875 0.1140625 0.13515625
0 0.3796875 0.753125 0.0640625 0.04296875
0 0.0859375 0.5046875 0.06640625 0.06015625
0 0.6515625 0.43359375 0.09765625 0.128125
0 0.62734375 0.1890625 0.05 0.040625
0 0.67734375 0.70234375 0.0609375 0.09296875
0 0.1140625 0.53828125 0.06875 0.021875
0 0.13984375 0.78515625 0.06640625 0.01875
0 0.0859375 0.81171875 0.07734375 0.01953125
0 0.2140625 0.8828125 0.0484375 0.04609375
0 0.2046875 0.896875 0.02109375 0.01796875
0 0.728125 0.84921875 0.0328125 0.01796875
0 0.7046875 0.4734375 0.0265625 0.01875
0 0.5703125 0.25078125 0.03359375 0.02421875
0 0.39921875 0.2328125 0.0328125 0.02421875
0 0.85859375 0.38828125 0.04140625 0.02890625
0 0.9984375 0.4921875 0.00234375 0.0140625
0 0.92421875 0.2625 0.0328125 0.02421875
0 0.8140625 0.16796875 0.03125 0.02421875
0 0.77265625 0.20859375 0.03125 0.0234375
0 0.5890625 0.55546875 0.0203125 0.01953125
0 0.63046875 0.4546875 0.02265625 0.02265625
0 0.665625 0.3609375 0.0296875 0.0171875
0 0.653125 0.73359375 0.01484375 0.01953125
0 0.6953125 0.72421875 0.02890625 0.028125
0 0.2078125 0.875 0.0125 0.01875
0 0.10703125 0.8 0.02734375 0.0125
0 0.08203125 0.8046875 0.01015625 0.00625
0 0.0671875 0.80703125 0.0125 0.00546875
0 0.05 0.809375 0.0078125 0.00625
0 0.15703125 0.5453125 0.08125 0.0234375
0 0.8328125 0.37734375 0.0828125 0.06953125
0 0.68671875 0.325 0.0765625 0.06953125
0 0.53671875 0.2671875 0.07109375 0.0703125
0 0.48515625 0.25078125 0.01484375 0.00859375
1 0.42890625 0.2625 0.1578125 0.1
1 0.46328125 0.30859375 0.35625 0.20078125
1 0.4671875 0.29375 0.36484375 0.22421875
1 0.6859375 0.33046875 0.38515625 0.22109375
1 0.68671875 0.31875 0.3890625 0.22890625