0 0.4609375 0.5609375 0.1703125 0.0703125
0 0.74609375 0.07890625 0.0421875 0.04140625
0 0.1796875 0.3796875 0.0515625 0.04296875
0 0.54453125 0.19140625 0.0734375 0.04296875
0 0.56875 0.62109375 0.1625 0.059375
0 0.8953125 0.6328125 0.0484375 0.03359375
0 0.34375 0.11171875 0.0421875 0.0421875
0 0.2109375 0.60703125 0.11875 0.0359375
0 0.209375 0.05390625 0.04140625 0.0421875
0 0.496875 0.2078125 0.02109375 0.05
0 0.16640625 0.19765625 0.0171875 0.0484375
0 0.1375 0.15234375 0.0171875 0.0609375
0 0.028125 0.240625 0.05625 0.03203125
0 0.159375 0.059375 0.0140625 0.0234375
0 0.0109375 0.23203125 0.02109375 0.0140625
0 0.9203125 0.0796875 0.04140625 0.028125
0 0.82265625 0.09296875 0.02734375 0.0109375
0 0.01015625 0.62734375 0.0203125 0.02265625
0 0.51015625 0.65546875 0.02265625 0.01796875
0 0.8203125 0.5828125 0.02890625 0.02265625
0 0.865625 0.4578125 0.02890625 0.021875
0 0.60390625 0.78046875 0.03515625 0.028125
0 0.4484375 0.87890625 0.01875 0.0125
0 0.76171875 0.84453125 0.02890625 0.021875
0 0.90078125 0.77421875 0.02890625 0.0203125
0 0.85234375 0.73828125 0.02734375 0.0203125
0 0.415625 0.56015625 0.0234375 0.01328125
0 0.54453125 0.60234375 0.02734375 0.0140625
0 0.6640625 0.63984375 0.01875 0.0203125
0 0.17265625 0.5859375 0.025 0.009375
0 0.1796875 0.61796875 0.03515625 0.01875
0 0.0390625 0.2375 0.0234375 0.0078125
0 0.15 0.17109375 0.0140625 0.01953125
0 0.146875 0.1515625 0.0078125 0.00625
0 0.14609375 0.13984375 0.00625 0.00859375
0 0.1453125 0.12578125 0.0078125 0.00859375
0 0.4828125 0.2390625 0.02109375 0.059375
0 0.62109375 0.7625 0.08359375 0.0546875
0 0.709375 0.66015625 0.08515625 0.05
0 0.80390625 0.55546875 0.0875 0.04609375
0 0.83203125 0.51953125 0.01015625 0.01015625
1 0.82265625 0.47578125 0.1171875 0.1078125
1 0.7578125 0.49609375 0.22890625 0.2484375
1 0.7765625 0.50078125 0.26015625 0.25234375
1 0.7015625 0.65859375 0.25390625 0.2671875
1 0.7171875 0.6609375 0.2640625 0.26875