0 0.62890625 0.27109375 0.04609375 0.0359375
0 0.1421875 0.47265625 0.0671875 0.04765625
0 0.23984375 0.340625 0.0625 0.05078125
0 0.9921875 0.1546875 0.01484375 0.0609375
0 0.21796875 0.48359375 0.0546875 0.03828125
0 0.45234375 0.234375 0.04375 0.059375
0 0.5828125 0.37109375 0.0515625 0.04375
0 0.4203125 0.2484375 0.03359375 0.03359375
0 0.40078125 0.27734375 0.03125 0.028125
0 0.6328125 0.33125 0.0328125 0.0234375
0 0.50703125 0.18203125 0.03125 0.02734375
0 0.4484375 0.16640625 0.0375 0.0359375
0 0.5609375 0.24375 0.03359375 0.028125
0 0.415625 0.3 0.02109375 0.0171875
0 0.38828125 0.14609375 0.0328125 0.02734375
0 0.415625 0.21484375 0.0203125 0.015625
0 0.4171875 0.15 0.03125 0.02421875
0 0.4578125 0.2828125 0.0203125 0.01484375
0 0.39609375 0.3203125 0.0421875 0.0296875
0 0.5671875 0.2703125 0.01640625 0.015625
0 0.25234375 0.3890625 0.02890625 0.0234375
0 0.203125 0.5171875 0.0265625 0.01953125
0 0.34921875 0.36171875 0.03359375 0.0296875
0 0.2765625 0.36796875 0.0203125 0.01796875
0 0.4921875 0.35234375 0.0421875 0.0328125
0 0.46640625 0.3390625 0.025 0.0203125
0 0.47265625 0.3828125 0.0359375 0.0296875
0 0.41640625 0.35 0.0265625 0.0234375
0 0.4671875 0.6359375 0.04765625 0.0203125
0 0.5 0.60625 0.0296875 0.021875
0 0.47421875 0.62109375 0.06015625 0.021875
0 0.38984375 0.34453125 0.02734375 0.02265625
0 0.43671875 0.4359375 0.0125 0.0109375
0 0.6265625 0.57578125 0.01640625 0.0125
0 0.496875 0.65 0.04765625 0.0234375
0 0.49296875 0.6609375 0.0203125 0.0125
0 0.4984375 0.50625 0.01484375 0.00859375
0 0.3859375 0.6296875 0.00859375 0.0171875
0 0.4578125 0.73359375 0.0203125 0.01484375
0 0.42578125 0.67578125 0.01015625 0.0125
0 0.43671875 0.72265625 0.02265625 0.0109375
0 0.40078125 0.74609375 0.01484375 0.00859375
0 0.4953125 0.68203125 0.0234375 0.009375
0 0.4375 0.29453125 0.0109375 0.009375
0 0.52421875 0.39296875 0.04765625 0.04296875
0 0.5421875 0.40390625 0.05390625 0.046875
0 0.58359375 0.40546875 0.05234375 0.0453125
0 0.5484375 0.42890625 0.04609375 0.0328125
0 0.5390625 0.44609375 0.03359375 0.02734375
0 0.52265625 0.4609375 0.03359375 0.0296875
0 0.46796875 0.51875 0.04609375 0.02734375
0 0.49921875 0.54609375 0.05 0.0390625
0 0.46953125 0.5375 0.025 0.0296875
0 0.425 0.534375 0.04609375 0.0359375
0 0.40078125 0.534375 0.0265625 0.034375
0 0.45234375 0.559375 0.05625 0.01953125
0 0.46796875 0.63515625 0.0203125 0.01328125
0 0.5125 0.6625 0.0234375 0.0375
0 0.51015625 0.678125 0.01484375 0.00625
0 0.484375 0.625 0.01484375 0.00625
0 0.50625 0.5625 0.0140625 0.00625
0 0.21171875 0.55703125 0.04375 0.03359375