1 0.3765625 0.6015625 0.1375 0.11328125
0 0.1671875 0.20234375 0.0609375 0.05625
1 0.28046875 0.5125 0.1171875 0.06875
0 0.36015625 0.50625 0.06484375 0.046875
1 0.18125 0.46953125 0.12109375 0.06875
0 0.165625 0.665625 0.0734375 0.03359375
0 0.14921875 0.625 0.1203125 0.04609375
0 0.2609375 0.37734375 0.07265625 0.03203125
1 0.225 0.43203125 0.27109375 0.10859375
0 0.1875 0.5546875 0.0796875 0.03125
0 0.203125 0.521875 0.0890625 0.0296875
0 0.315625 0.2859375 0.03515625 0.0203125
0 0.33671875 0.26875 0.0375 0.02265625
0 0.2640625 0.19296875 0.01875 0.009375
0 0.090625 0.24921875 0.03359375 0.028125
0 0.0890625 0.1453125 0.03515625 0.0296875
0 0.3515625 0.28828125 0.0140625 0.0109375
0 0.21484375 0.20078125 0.0265625 0.01015625
0 0.36484375 0.27109375 0.0171875 0.0140625
0 0.3578125 0.26171875 0.0125 0.01015625
0 0.4640625 0.31171875 0.01640625 0.0125
0 0.84609375 0.32265625 0.04375 0.028125
0 0.34140625 0.3265625 0.03984375 0.0265625
0 0.353125 0.33984375 0.0328125 0.01953125
0 0.3140625 0.55 0.0328125 0.0171875
0 0.3140625 0.359375 0.0203125 0.0140625
0 0.3109375 0.34609375 0.0171875 0.0125
0 0.009375 0.4703125 0.01875 0.01328125
0 0.1671875 0.49140625 0.0390625 0.015625
0 0.578125 0.43046875 0.0171875 0.01015625
0 0.6015625 0.38046875 0.0171875 0.01328125
0 0.5921875 0.37109375 0.01640625 0.0125
0 0.8015625 0.51953125 0.03984375 0.02890625
0 0.765625 0.5296875 0.025 0.01953125
0 0.77734375 0.4328125 0.025 0.01875
0 0.77734375 0.58515625 0.0421875 0.025
0 0.815625 0.415625 0.02109375 0.0140625
0 0.725 0.44921875 0.01640625 0.0125
0 0.7453125 0.45234375 0.03359375 0.025
0 0.7125 0.6734375 0.02890625 0.02265625
0 0.71328125 0.3796875 0.03125 0.0265625
0 0.81875 0.59453125 0.0328125 0.0265625
0 0.3109375 0.66796875 0.0125 0.00859375
0 0.7359375 0.71953125 0.02890625 0.01875
0 0.77578125 0.71328125 0.0328125 0.01953125
0 0.7234375 0.77734375 0.0265625 0.01328125
0 0.35859375 0.2796875 0.0140625 0.009375
0 0.4375 0.3078125 0.0078125 0.0078125
0 0.44921875 0.30859375 0.0125 0.0078125
0 0.4421875 0.31015625 0.0078125 0.00625
0 0.44609375 0.315625 0.01484375 0.00625
0 0.4484375 0.3234375 0.0109375 0.009375
0 0.45546875 0.31640625 0.00859375 0.00859375
0 0.5796875 0.378125 0.01484375 0.0109375
0 0.5640625 0.3765625 0.0140625 0.01015625
0 0.56953125 0.365625 0.0171875 0.015625
0 0.7359375 0.5234375 0.01015625 0.00859375
0 0.79921875 0.58125 0.07890625 0.040625
1 0.66171875 0.65625 0.1046875 0.06171875
1 0.68203125 0.653125 0.08125 0.0609375
1 0.52265625 0.6140625 0.1078125 0.05859375
1 0.54375 0.5875 0.1 0.078125
0 0.5578125 0.59453125 0.0109375 0.0078125
1 0.38125 0.584375 0.0671875 0.05
0 0.3859375 0.5875 0.01875 0.01484375
1 0.28515625 0.5078125 0.0484375 0.0328125
1 0.1765625 0.46953125 0.07109375 0.05
0 0.14453125 0.42421875 0.0703125 0.0265625
0 0.190625 0.42734375 0.02109375 0.009375
0 0.31328125 0.43203125 0.02265625 0.0078125
0 0.746875 0.325 0.02890625 0.0265625