0 0.50390625 0.3109375 0.15234375 0.12109375
0 0.68671875 0.2578125 0.12734375 0.090625
0 0.5890625 0.31328125 0.10234375 0.078125
0 0.1546875 0.55546875 0.075 0.059375
0 0.54921875 0.525 0.0578125 0.0421875
0 0.7234375 0.459375 0.13515625 0.059375
0 0.58203125 0.4890625 0.05234375 0.0359375
0 0.18046875 0.55703125 0.0546875 0.03125
0 0.43125 0.5109375 0.07890625 0.02734375
0 0.4203125 0.4875 0.08359375 0.03125
0 0.36796875 0.4640625 0.1125 0.0421875
0 0.06328125 0.21015625 0.10234375 0.05078125
0 0.78125 0.48203125 0.05234375 0.0390625
0 0.3515625 0.48046875 0.0734375 0.02421875
0 0.1609375 0.2546875 0.0375 0.01796875
0 0.07734375 0.22109375 0.0453125 0.02265625
0 0.16015625 0.26484375 0.025 0.0109375
0 0.22265625 0.26015625 0.02734375 0.0109375
0 0.16015625 0.46796875 0.02109375 0.01328125
0 0.08984375 0.52265625 0.0421875 0.02734375
0 0.1953125 0.59453125 0.05390625 0.03125
0 0.27578125 0.44453125 0.02265625 0.015625
0 0.16015625 0.6421875 0.02890625 0.01875
0 0.17265625 0.57890625 0.05625 0.028125
0 0.1703125 0.6609375 0.02890625 0.01796875
0 0.13046875 0.47265625 0.02265625 0.01484375
0 0.6453125 0.5015625 0.0453125 0.0328125
0 0.61171875 0.49765625 0.03125 0.0234375
0 0.55625 0.55078125 0.03359375 0.021875
0 0.87421875 0.4453125 0.04140625 0.0359375
0 0.91640625 0.39140625 0.04140625 0.03671875
0 0.85625 0.3140625 0.0421875 0.0265625
0 0.7828125 0.3703125 0.0265625 0.021875
0 0.72109375 0.3046875 0.04609375 0.02890625
0 0.74140625 0.478125 0.03515625 0.0171875
0 0.78984375 0.49921875 0.03125 0.01796875
0 0.3171875 0.24453125 0.0421875 0.015625
0 0.3328125 0.24921875 0.06484375 0.02265625