0 0.54296875 0.3140625 0.13125 0.10703125
0 0.73515625 0.2828125 0.1125 0.07890625
0 0.6265625 0.32578125 0.0890625 0.06875
0 0.14765625 0.51484375 0.06484375 0.05234375
0 0.54375 0.53125 0.05 0.03671875
0 0.72890625 0.48671875 0.12734375 0.0453125
0 0.5828125 0.49921875 0.04609375 0.03125
0 0.17265625 0.51875 0.05 0.025
0 0.4296875 0.503125 0.0765625 0.01875
0 0.4234375 0.478125 0.0796875 0.021875
0 0.3765625 0.44921875 0.1078125 0.0296875
0 0.12890625 0.1625 0.0953125 0.040625
0 0.78203125 0.51484375 0.04609375 0.034375
0 0.3578125 0.46328125 0.07109375 0.015625
0 0.21640625 0.21796875 0.03515625 0.0140625
0 0.140625 0.175 0.04140625 0.01796875
0 0.21328125 0.228125 0.0234375 0.00859375
0 0.27578125 0.23125 0.0265625 0.00859375
0 0.1703125 0.428125 0.01875 0.0109375
0 0.08984375 0.475 0.0375 0.0234375
0 0.1796875 0.55703125 0.0484375 0.025
0 0.28984375 0.41875 0.0203125 0.0140625
0 0.134375 0.6 0.0265625 0.015625
0 0.16015625 0.53984375 0.05234375 0.02265625
0 0.140625 0.6203125 0.0265625 0.01484375
0 0.14140625 0.42890625 0.0203125 0.01328125
0 0.64375 0.51796875 0.03984375 0.028125
0 0.6109375 0.5109375 0.02734375 0.0203125
0 0.5453125 0.55703125 0.0296875 0.01796875
0 0.88125 0.48984375 0.03515625 0.03203125
0 0.93359375 0.4421875 0.03515625 0.0328125
0 0.890625 0.35859375 0.0390625 0.021875
0 0.80625 0.4046875 0.02265625 0.01875
0 0.759375 0.33359375 0.04140625 0.02421875
0 0.7421875 0.50703125 0.0328125 0.01328125
0 0.78671875 0.53359375 0.02890625 0.01484375
0 0.3734375 0.2265625 0.04140625 0.0109375
0 0.38671875 0.2328125 0.0625 0.01484375