0 0.4234375 0.32421875 0.1296875 0.06484375
0 0.33984375 0.75859375 0.1 0.0578125
0 0.6546875 0.24453125 0.13359375 0.0671875
0 0.490625 0.91796875 0.12109375 0.0734375
0 0.25546875 0.70078125 0.1015625 0.05703125
0 0.47734375 0.85625 0.0796875 0.05234375
0 0.34921875 0.70546875 0.05859375 0.04453125
0 0.15078125 0.67109375 0.09140625 0.0453125
0 0.66953125 0.9390625 0.08125 0.0484375
0 0.5359375 0.615625 0.09609375 0.04140625
0 0.7234375 0.69609375 0.0484375 0.025
0 0.96640625 0.4796875 0.0671875 0.028125
0 0.2453125 0.82265625 0.05234375 0.0484375
0 0.61640625 0.60078125 0.07265625 0.04765625
0 0.0234375 0.71328125 0.046875 0.0484375
0 0.9640625 0.36015625 0.07109375 0.02890625
0 0.7671875 0.83203125 0.09375 0.03046875
0 0.8328125 0.246875 0.1078125 0.02421875
0 0.81796875 0.61171875 0.0765625 0.0203125
0 0.1609375 0.703125 0.0734375 0.025
0 0.9203125 0.72109375 0.0765625 0.02421875
0 0.9578125 0.8609375 0.0828125 0.02734375
0 0.27734375 0.46796875 0.0546875 0.03046875
0 0.0921875 0.51015625 0.0390625 0.046875
0 0.0609375 0.49140625 0.0375 0.03671875
0 0.72265625 0.7796875 0.04765625 0.02421875
0 0.7234375 0.69609375 0.04765625 0.02421875
0 0.93515625 0.74296875 0.0421875 0.02421875
0 0.99453125 0.77890625 0.0109375 0.0203125
0 0.025 0.9703125 0.02265625 0.0125
0 0.77578125 0.47421875 0.04140625 0.0265625
0 0.87109375 0.53203125 0.0203125 0.0109375
0 0.390625 0.484375 0.0234375 0.01015625
0 0.57265625 0.59765625 0.0171875 0.0109375
0 0.3328125 0.509375 0.02734375 0.01484375
0 0.0109375 0.4328125 0.02109375 0.0125
0 0.2265625 0.63984375 0.01875 0.01015625
0 0.28515625 0.465625 0.0078125 0.0046875
0 0.8125 0.5 0.0515625 0.0265625