0 0.459375 0.33046875 0.10625 0.06484375
0 0.43203125 0.4484375 0.08359375 0.053125
0 0.0921875 0.6578125 0.075 0.05625
0 0.6484375 0.31796875 0.0578125 0.05078125
0 0.165625 0.475 0.07109375 0.04296875
0 0.559375 0.43125 0.0859375 0.059375
0 0.70546875 0.48984375 0.06640625 0.04375
0 0.1046875 0.40234375 0.06484375 0.0359375
0 0.61640625 0.3859375 0.0421875 0.0375
0 0.6609375 0.5859375 0.075 0.1203125
0 0.21953125 0.68984375 0.0484375 0.046875
0 0.26171875 0.48828125 0.05625 0.0375
0 0.87734375 0.70859375 0.0578125 0.08828125
0 0.2609375 0.58359375 0.04765625 0.04140625
0 0.925 0.36875 0.0625 0.03828125
0 0.2875 0.4546875 0.05 0.03671875
0 0.04375 0.7046875 0.05234375 0.0328125
0 0.6390625 0.69609375 0.05390625 0.0984375
0 0.1921875 0.5640625 0.0578125 0.03671875
0 0.9765625 0.65078125 0.04609375 0.03125
0 0.2171875 0.54609375 0.0296875 0.0609375
0 0.01484375 0.3078125 0.0296875 0.01796875
0 0.9921875 0.30546875 0.0140625 0.02421875
0 0.0109375 0.37421875 0.021875 0.0203125
0 0.22890625 0.45703125 0.0296875 0.01953125
0 0.3953125 0.5921875 0.04765625 0.01328125
0 0.53515625 0.3453125 0.0453125 0.025
0 0.58203125 0.346875 0.0265625 0.0171875
0 0.47421875 0.58359375 0.0140625 0.009375
0 0.3953125 0.6015625 0.0125 0.0078125
0 0.4671875 0.63046875 0.0125 0.028125
0 0.47578125 0.59296875 0.00859375 0.0078125
0 0.66953125 0.50546875 0.02890625 0.02265625
0 0.6375 0.65234375 0.0125 0.009375
0 0.81953125 0.44453125 0.02890625 0.0171875
0 0.69921875 0.40390625 0.0265625 0.0171875
0 0.7140625 0.65078125 0.0171875 0.0109375
0 0.665625 0.60703125 0.01484375 0.021875
0 0.803125 0.64609375 0.01640625 0.0109375
0 0.7953125 0.66015625 0.0234375 0.0359375
0 0.24765625 0.7671875 0.0328125 0.0265625
0 0.2078125 0.86640625 0.025 0.01953125
0 0.05546875 0.84140625 0.01640625 0.01484375
0 0.3390625 0.6796875 0.03984375 0.01796875
0 0.6421875 0.83359375 0.01640625 0.01015625
0 0.3421875 0.68828125 0.0171875 0.009375
0 0.67734375 0.76015625 0.0171875 0.0125
0 0.83359375 0.8265625 0.0203125 0.01484375
0 0.89921875 0.8453125 0.0140625 0.009375
0 0.8609375 0.75546875 0.01640625 0.00859375
0 0.99375 0.7921875 0.01015625 0.009375
0 0.84140625 0.525 0.03984375 0.0296875
0 0.725 0.51015625 0.0546875 0.03125
0 0.73046875 0.51796875 0.0609375 0.034375