0 0.721875 0.4546875 0.0953125 0.08515625
0 0.5625 0.44453125 0.07890625 0.0671875
0 0.2546875 0.209375 0.08125 0.0609375
0 0.7546875 0.5953125 0.07265625 0.04765625
0 0.50390625 0.24765625 0.0640625 0.05703125
0 0.59609375 0.53828125 0.0859375 0.06953125
0 0.53203125 0.653125 0.0640625 0.053125
0 0.5953125 0.19609375 0.05234375 0.0515625
0 0.6609375 0.5765625 0.05390625 0.034375
0 0.4 0.628125 0.16640625 0.06640625
0 0.2234375 0.30703125 0.06640625 0.040625
0 0.4953125 0.32109375 0.0546875 0.0453125
0 0.25546875 0.8 0.12265625 0.05078125
0 0.3671875 0.32890625 0.05859375 0.0390625
0 0.7109375 0.80625 0.05625 0.05
0 0.54140625 0.3375 0.05234375 0.040625
0 0.1890625 0.17734375 0.0484375 0.0421875
0 0.2515625 0.62109375 0.13515625 0.0484375
0 0.3890625 0.27578125 0.05390625 0.04609375
0 0.34140625 0.86953125 0.0453125 0.0375
0 0.4140625 0.29296875 0.08359375 0.028125
0 0.71328125 0.12109375 0.0265625 0.02421875
0 0.8015625 0.85078125 0.03359375 0.0125
0 0.6234375 0.12421875 0.02890625 0.01875
0 0.53359375 0.29375 0.02890625 0.02421875
0 0.36796875 0.4296875 0.02109375 0.03671875
0 0.70859375 0.5125 0.0375 0.0359375
0 0.7109375 0.54765625 0.025 0.0203125
0 0.3859375 0.48828125 0.0140625 0.0109375
0 0.35546875 0.43046875 0.0109375 0.01015625
0 0.3234375 0.4875 0.0390625 0.0125
0 0.3734375 0.48984375 0.0109375 0.0078125
0 0.5078125 0.62734375 0.0328125 0.0234375
0 0.309375 0.615625 0.0140625 0.01015625
0 0.6015625 0.73359375 0.025 0.02265625
0 0.6453125 0.640625 0.025 0.0203125
0 0.31875 0.67265625 0.01640625 0.0140625
0 0.37265625 0.6328125 0.0296875 0.01328125
0 0.3328125 0.7390625 0.01640625 0.01328125
0 0.3140625 0.73515625 0.05 0.0203125
0 0.12265625 0.334375 0.0375 0.0265625
0 0.00859375 0.19765625 0.0171875 0.01328125
0 0.246875 0.3953125 0.0265625 0.03125
0 0.06875 0.63515625 0.01484375 0.01328125
0 0.23671875 0.3984375 0.0140625 0.0140625
0 0.16953125 0.65546875 0.0171875 0.0140625
0 0.0953125 0.778125 0.02109375 0.015625
0 0.07578125 0.828125 0.0140625 0.0109375
0 0.19140625 0.79140625 0.0125 0.01328125
0 0.1546875 0.89375 0.0140625 0.00859375
0 0.49609375 0.75703125 0.04375 0.0328125
0 0.50546875 0.66953125 0.04609375 0.04375
0 0.49609375 0.67421875 0.0515625 0.0484375