1 0.74921875 0.32734375 0.34140625 0.3484375
1 0.45078125 0.44609375 0.36015625 0.2125
0 0.15 0.403125 0.07734375 0.04296875
0 0.7078125 0.7140625 0.05390625 0.03671875
0 0.1375 0.2359375 0.0421875 0.034375
0 0.12265625 0.36171875 0.09765625 0.0515625
1 0.44375 0.53046875 0.22734375 0.1109375
0 0.2515625 0.1515625 0.03984375 0.0359375
0 0.71171875 0.684375 0.06640625 0.0421875
0 0.3828125 0.2859375 0.0359375 0.034375
1 0.2703125 0.60859375 0.2078125 0.10703125
0 0.53125 0.1734375 0.05 0.06796875
0 0.39921875 0.7765625 0.0609375 0.0359375
0 0.8140625 0.60625 0.0484375 0.0734375
0 0.90625 0.796875 0.0578125 0.05625
0 0.0953125 0.325 0.04375 0.0171875
0 0.39921875 0.08671875 0.03125 0.021875
0 0.3640625 0.1015625 0.03125 0.028125
0 0.2328125 0.57109375 0.02890625 0.021875
0 0.2171875 0.596875 0.025 0.01875
0 0.21796875 0.478125 0.02890625 0.01875
0 0.24296875 0.5890625 0.0265625 0.01875
0 0.09609375 0.340625 0.04765625 0.01484375
0 0.371875 0.496875 0.02109375 0.01875
0 0.35234375 0.3984375 0.02734375 0.0234375
0 0.50625 0.590625 0.02265625 0.01484375
0 0.5078125 0.60625 0.0203125 0.01484375
0 0.84609375 0.6046875 0.025 0.0359375
0 0.9546875 0.665625 0.02109375 0.01953125
0 0.2296875 0.71640625 0.02890625 0.02265625
0 0.2421875 0.7484375 0.03984375 0.03203125
0 0.2734375 0.87265625 0.01875 0.015625
0 0.36171875 0.80859375 0.0359375 0.02265625
0 0.4671875 0.865625 0.02890625 0.0203125
0 0.74921875 0.796875 0.0390625 0.0203125
0 0.0609375 0.06640625 0.0171875 0.01484375
0 0.29921875 0.2703125 0.03984375 0.0328125
0 0.35078125 0.25859375 0.03359375 0.0328125
0 0.00859375 0.47109375 0.01484375 0.0078125
0 0.2515625 0.49609375 0.0390625 0.02890625
0 0.99453125 0.08203125 0.0109375 0.0296875