0 0.1234375 0.6515625 0.13125 0.0578125
0 0.6671875 0.40078125 0.1390625 0.078125
0 0.43828125 0.5359375 0.09765625 0.06171875
0 0.31484375 0.61171875 0.10390625 0.06171875
0 0.42421875 0.35546875 0.1421875 0.05625
0 0.6234375 0.5578125 0.06875 0.03203125
0 0.3828125 0.40078125 0.075 0.0828125
0 0.42578125 0.39609375 0.09609375 0.0703125
0 0.62890625 0.53359375 0.0765625 0.03515625
0 0.29609375 0.3796875 0.07890625 0.065625
0 0.3453125 0.81484375 0.0421875 0.0265625
0 0.559375 0.67109375 0.04375 0.0265625
0 0.4453125 0.70859375 0.0140625 0.0140625
0 0.346875 0.79609375 0.01640625 0.0109375
0 0.0078125 0.74921875 0.015625 0.0234375
0 0.08984375 0.78203125 0.01875 0.009375
0 0.08984375 0.771875 0.02109375 0.0109375
0 0.0109375 0.67421875 0.021875 0.0265625
0 0.76640625 0.56328125 0.0234375 0.01328125
0 0.80078125 0.6375 0.0203125 0.0140625
0 0.7671875 0.403125 0.01875 0.01484375
0 0.815625 0.38046875 0.01875 0.015625
0 0.65390625 0.6125 0.0421875 0.02578125
0 0.33515625 0.55078125 0.01484375 0.0125
0 0.01875 0.58828125 0.0375 0.025
0 0.1703125 0.6265625 0.02109375 0.01328125
0 0.1546875 0.49609375 0.01015625 0.00546875
0 0.0078125 0.49453125 0.01484375 0.01328125
0 0.00703125 0.50703125 0.0140625 0.0140625
0 0.1359375 0.4140625 0.00859375 0.0046875
0 0.00390625 0.5203125 0.0078125 0.0140625
0 0.3234375 0.53671875 0.0140625 0.0125
0 0.72890625 0.20859375 0.04765625 0.028125
0 0.75703125 0.29140625 0.03359375 0.0203125
0 0.7984375 0.31796875 0.0234375 0.0171875
0 0.834375 0.25234375 0.02265625 0.01484375
0 0.91875 0.165625 0.02890625 0.01484375
0 0.4078125 0.1515625 0.0140625 0.00703125
0 0.375 0.25859375 0.0125 0.00703125
0 0.35078125 0.246875 0.03125 0.01796875
0 0.3640625 0.159375 0.025 0.0140625
0 0.44296875 0.409375 0.00859375 0.00625
0 0.003125 0.4828125 0.00625 0.0078125