1 0.7828125 0.2890625 0.14140625 0.1828125
1 0.628125 0.34765625 0.18515625 0.06953125
1 0.5296875 0.5578125 0.22265625 0.16875
1 0.421875 0.58671875 0.13359375 0.1890625
0 0.95546875 0.37109375 0.07734375 0.04375
0 0.7515625 0.56171875 0.05625 0.06953125
1 0.23828125 0.309375 0.275 0.1109375
0 0.4515625 0.85078125 0.04765625 0.04765625
0 0.403125 0.7515625 0.0453125 0.03359375
0 0.6015625 0.5640625 0.0703125 0.0375
0 0.33125 0.440625 0.03515625 0.04140625
0 0.41015625 0.5078125 0.09375 0.03671875
1 0.6296875 0.59609375 0.2609375 0.09375
1 0.69453125 0.29375 0.15390625 0.184375
0 0.3328125 0.7125 0.0453125 0.03359375
0 0.33046875 0.796875 0.05234375 0.04140625
1 0.2921875 0.6359375 0.14375 0.18515625
0 0.81484375 0.40234375 0.0234375 0.0296875
0 0.78828125 0.4 0.02265625 0.0234375
0 0.99140625 0.45625 0.0109375 0.01875
0 0.98125 0.45625 0.00859375 0.01796875
0 0.79453125 0.678125 0.03984375 0.02421875
0 0.8484375 0.75 0.0390625 0.0265625
0 0.7265625 0.6765625 0.03984375 0.02421875
0 0.76953125 0.86640625 0.05 0.0171875
0 0.725 0.7734375 0.08359375 0.01328125
0 0.3546875 0.25 0.02734375 0.0203125
0 0.33515625 0.275 0.02890625 0.01875
0 0.49140625 0.25390625 0.0109375 0.00859375
0 0.365625 0.33828125 0.01015625 0.0046875
0 0.59609375 0.61953125 0.02109375 0.00859375
0 0.55546875 0.53671875 0.0125 0.01015625
0 0.60625 0.78984375 0.01875 0.0109375
0 0.70234375 0.76171875 0.02890625 0.0109375
0 0.57734375 0.63359375 0.01875 0.009375
0 0.3015625 0.63515625 0.0109375 0.0171875
0 0.04375 0.303125 0.02890625 0.0203125
0 0.1921875 0.31484375 0.02265625 0.0140625
0 0.2078125 0.32734375 0.02109375 0.01484375
0 0.08125 0.3125 0.01640625 0.01015625
0 0.1296875 0.2625 0.0234375 0.01484375
0 0.23359375 0.69609375 0.0140625 0.00859375
0 0.35078125 0.86484375 0.0296875 0.021875
0 0.38359375 0.8421875 0.02890625 0.0296875
0 0.35625 0.82265625 0.0265625 0.01328125
0 0.3984375 0.78515625 0.04375 0.0390625
0 0.3984375 0.79140625 0.0203125 0.0171875
0 0.453125 0.85859375 0.02265625 0.0203125
0 0.4359375 0.79375 0.0390625 0.03203125
0 0.3203125 0.78828125 0.01875 0.01953125
0 0.3078125 0.72421875 0.03515625 0.028125
0 0.303125 0.74140625 0.0125 0.00625
0 0.2625 0.72109375 0.00859375 0.0078125
1 0.3265625 0.70234375 0.0609375 0.05
0 0.27734375 0.6171875 0.03359375 0.02890625
0 0.8359375 0.8125 0.03125 0.0328125
0 0.66171875 0.321875 0.025 0.01484375
0 0.5640625 0.3484375 0.02109375 0.0171875
0 0.3328125 0.44296875 0.01484375 0.01953125