0 0.3515625 0.31875 0.12890625 0.09375
0 0.58203125 0.75703125 0.09375 0.0671875
0 0.3796875 0.44453125 0.0859375 0.0828125
0 0.6765625 0.30390625 0.06640625 0.05625
1 0.4578125 0.58984375 0.1671875 0.08046875
0 0.47734375 0.475 0.09140625 0.05625
0 0.3921875 0.740625 0.05625 0.04765625
0 0.815625 0.80390625 0.0859375 0.0671875
0 0.359375 0.39609375 0.0703125 0.046875
0 0.01328125 0.81015625 0.0265625 0.034375
0 0.4328125 0.2265625 0.1296875 0.1125
0 0.37890625 0.778125 0.0640625 0.05234375
0 0.359375 0.57109375 0.04609375 0.0328125
1 0.7015625 0.61796875 0.3546875 0.1078125
0 0.31484375 0.721875 0.0421875 0.04609375
0 0.85625 0.328125 0.07109375 0.0234375
1 0.634375 0.55 0.3625 0.10703125
0 0.7296875 0.55703125 0.0328125 0.05078125
0 0.903125 0.4609375 0.0359375 0.03203125
0 0.98828125 0.58515625 0.0140625 0.03828125
0 0.83046875 0.72578125 0.0328125 0.02421875
0 0.575 0.31953125 0.0375 0.03359375
0 0.60390625 0.60234375 0.0328125 0.02421875
0 0.6265625 0.625 0.025 0.02265625
0 0.571875 0.59453125 0.0265625 0.01875
0 0.52578125 0.3890625 0.0296875 0.02265625
0 0.47421875 0.41953125 0.0375 0.02734375
0 0.35078125 0.60703125 0.0265625 0.015625
0 0.32734375 0.52265625 0.0296875 0.02265625
0 0.4953125 0.5578125 0.03125 0.01875
0 0.296875 0.515625 0.0125 0.009375
0 0.66484375 0.590625 0.03359375 0.0140625
0 0.6953125 0.5953125 0.03125 0.0109375
0 0.26953125 0.68125 0.02890625 0.028125
0 0.11640625 0.30234375 0.03125 0.03359375
0 0.0671875 0.334375 0.0234375 0.0203125
0 0.15703125 0.1421875 0.02265625 0.02890625
0 0.13828125 0.54609375 0.0375 0.03125
0 0.2765625 0.40234375 0.01875 0.01875
0 0.1828125 0.821875 0.0328125 0.0265625
0 0.08515625 0.6328125 0.0421875 0.0296875
0 0.85390625 0.3421875 0.0765625 0.02421875
0 0.7375 0.54375 0.0125 0.0234375
0 0.30625 0.7171875 0.04140625 0.0421875