0 0.51328125 0.56796875 0.1140625 0.09921875
0 0.58515625 0.33671875 0.06875 0.0734375
0 0.93125 0.21015625 0.0828125 0.0921875
0 0.59609375 0.56796875 0.0984375 0.07109375
0 0.8234375 0.234375 0.0640625 0.04765625
0 0.9265625 0.31171875 0.06640625 0.04296875
0 0.97734375 0.24921875 0.0453125 0.14140625
0 0.5390625 0.19765625 0.0640625 0.05859375
0 0.03203125 0.36796875 0.02890625 0.02890625
0 0.1890625 0.22890625 0.0546875 0.03671875
0 0.496875 0.2171875 0.075 0.04765625
0 0.0703125 0.21953125 0.0515625 0.0359375
0 0.55390625 0.5078125 0.11015625 0.06875
0 0.76328125 0.29453125 0.05234375 0.0421875
0 0.27421875 0.25625 0.0734375 0.05
0 0.54375 0.27578125 0.04609375 0.0515625
0 0.1296875 0.10078125 0.1234375 0.05078125
0 0.2203125 0.11171875 0.06875 0.04609375
0 0.090625 0.3140625 0.04609375 0.03359375
0 0.0125 0.50703125 0.025 0.04296875
0 0.36640625 0.16953125 0.0734375 0.0484375
0 0.2046875 0.45703125 0.02890625 0.01484375
0 0.0921875 0.34296875 0.0296875 0.02265625
0 0.21015625 0.35625 0.0328125 0.02421875
0 0.225 0.46015625 0.02734375 0.01328125
0 0.4109375 0.6234375 0.02265625 0.01328125
0 0.39609375 0.61796875 0.02109375 0.00625
0 0.40390625 0.37578125 0.0203125 0.015625
0 0.3765625 0.4796875 0.025 0.0171875
0 0.3984375 0.6109375 0.025 0.0140625
0 0.69921875 0.534375 0.01875 0.01328125
0 0.390625 0.60546875 0.02890625 0.0203125
0 0.60625 0.5171875 0.0359375 0.040625
0 0.68125 0.53125 0.0203125 0.01875
0 0.41953125 0.6078125 0.02109375 0.01875
0 0.4 0.45546875 0.0125 0.00859375
0 0.4890625 0.13125 0.03359375 0.0234375
0 0.7546875 0.1515625 0.025 0.009375
0 0.58984375 0.13671875 0.03359375 0.0140625
0 0.77421875 0.6703125 0.0234375 0.0234375
0 0.940625 0.4296875 0.04765625 0.03359375
0 0.8203125 0.65625 0.02734375 0.01796875
0 0.2140625 0.58984375 0.0296875 0.015625
0 0.234375 0.59140625 0.0265625 0.01484375
0 0.2109375 0.575 0.0734375 0.021875
0 0.1859375 0.46171875 0.0375 0.01484375
0 0.1609375 0.45625 0.0203125 0.01015625
0 0.1765625 0.45 0.0328125 0.0125
0 0.553125 0.521875 0.00859375 0.00625
0 0.53828125 0.5015625 0.0109375 0.0125
0 0.53046875 0.48515625 0.01484375 0.01953125
0 0.00625 0.48984375 0.0125 0.05390625