0 0.4125 0.51953125 0.1203125 0.0734375
0 0.7265625 0.540625 0.08984375 0.0421875
0 0.9421875 0.78046875 0.1140625 0.05078125
0 0.42421875 0.58125 0.08359375 0.065625
0 0.8953125 0.70390625 0.05625 0.0421875
0 0.8078125 0.79140625 0.05 0.0453125
0 0.9 0.8390625 0.1796875 0.05390625
0 0.90390625 0.48671875 0.0703125 0.04140625
0 0.6078125 0.125 0.0359375 0.0359375
0 0.8140625 0.23125 0.0421875 0.0375
0 0.871875 0.45859375 0.0546875 0.05078125
0 0.809375 0.13984375 0.04140625 0.0390625
0 0.49765625 0.540625 0.07734375 0.075
0 0.8078125 0.6671875 0.05 0.034375
0 0.78984375 0.2984375 0.0578125 0.05
0 0.9421875 0.03515625 0.04609375 0.0421875
0 0.8015625 0.5015625 0.0640625 0.028125
0 0.97421875 0.16328125 0.0515625 0.10078125
0 0.97265625 0.2375 0.0546875 0.046875
0 0.68828125 0.16953125 0.03984375 0.03125
0 0.446875 0.08046875 0.0359375 0.0359375
0 0.421875 0.13828125 0.0546875 0.01484375
0 0.9171875 0.3546875 0.05625 0.05
0 0.3109375 0.08671875 0.07109375 0.0203125
0 0.515625 0.275 0.01640625 0.01953125
0 0.65078125 0.175 0.0265625 0.01953125
0 0.64921875 0.2640625 0.02890625 0.021875
0 0.5140625 0.28984375 0.0140625 0.01953125
0 0.5140625 0.10546875 0.03984375 0.01484375
0 0.325 0.45078125 0.01484375 0.01484375
0 0.3296875 0.4390625 0.00625 0.01484375
0 0.65078125 0.4109375 0.01875 0.01328125
0 0.51015625 0.40546875 0.0203125 0.0171875
0 0.33984375 0.43984375 0.01484375 0.01796875
0 0.4828125 0.653125 0.01484375 0.0125
0 0.3453125 0.43359375 0.0234375 0.01953125
0 0.4921875 0.58125 0.05 0.02265625
0 0.48359375 0.6390625 0.02265625 0.01328125
0 0.34609375 0.4546875 0.02265625 0.0140625
0 0.5453125 0.41953125 0.01015625 0.00859375
0 0.98515625 0.440625 0.02734375 0.02265625
0 0.99453125 0.640625 0.00859375 0.01796875
0 0.9921875 0.51640625 0.0140625 0.02421875
0 0.3140625 0.72734375 0.02890625 0.01484375
0 0.65390625 0.81796875 0.03984375 0.03203125
0 0.3390625 0.76015625 0.0203125 0.01875
0 0.00625 0.15078125 0.0125 0.01484375
0 0.00703125 0.13984375 0.0140625 0.01328125
0 0.0109375 0.14921875 0.021875 0.0140625
0 0.3421875 0.3 0.0171875 0.0203125
0 0.34296875 0.31484375 0.01640625 0.01796875
0 0.3609375 0.29609375 0.01875 0.05390625
0 0.50625 0.2609375 0.01484375 0.02734375
0 0.5109375 0.24140625 0.0109375 0.0140625
0 0.52109375 0.25234375 0.0125 0.0234375
0 0.47890625 0.54296875 0.0078125 0.00546875
0 0.50390625 0.52890625 0.01484375 0.00625
0 0.5234375 0.52109375 0.025 0.00859375
0 0.44375 0.125 0.0703125 0.015625