0 0.26875 0.0296875 0.0125 0.01953125
0 0.2734375 0.11484375 0.03125 0.07578125
0 0.28046875 0.19609375 0.03359375 0.05078125
0 0.284375 0.28203125 0.0265625 0.046875
0 0.28984375 0.35390625 0.01015625 0.01875
0 0.29375 0.42265625 0.0109375 0.02578125
0 0.296875 0.4921875 0.03125 0.04296875
0 0.31875 0.39296875 0.03125 0.03515625
0 0.3109375 0.240625 0.02578125 0.0296875
0 0.334375 0.2015625 0.01171875 0.02109375
0 0.3078125 0.15703125 0.02578125 0.04296875
0 0.33046875 0.11875 0.03359375 0.03515625
0 0.3015625 0.0734375 0.0265625 0.05
0 0.32578125 0.0328125 0.03125 0.05078125
0 0.3578125 0.07578125 0.025 0.0390625
0 0.38359375 0.03984375 0.03984375 0.05546875
0 0.3859375 0.11484375 0.03046875 0.05078125
0 0.36171875 0.16171875 0.0375 0.06171875
0 0.3625 0.24140625 0.0265625 0.03125
0 0.3375 0.2796875 0.03984375 0.03671875
0 0.34140625 0.35234375 0.03125 0.053125
0 0.3921875 0.28125 0.040625 0.0640625
0 0.39296875 0.3609375 0.0359375 0.0578125
0 0.396875 0.42734375 0.01015625 0.02109375
0 0.346875 0.42578125 0.021875 0.05390625
0 0.321875 0.459375 0.02734375 0.02578125
0 0.30390625 0.5609375 0.01015625 0.01796875
0 0.3078125 0.621875 0.01015625 0.015625
0 0.31171875 0.68359375 0.01015625 0.0171875
0 0.35546875 0.625 0.01015625 0.01796875
0 0.359375 0.68359375 0.01328125 0.01796875
0 0.40625 0.6859375 0.01484375 0.01953125
0 0.40234375 0.628125 0.02890625 0.0421875
0 0.35390625 0.56171875 0.034375 0.0515625
0 0.32734375 0.52734375 0.02265625 0.025
0 0.34921875 0.5046875 0.03515625 0.04609375
0 0.3765625 0.53203125 0.02421875 0.025
0 0.40078125 0.49609375 0.0265625 0.0421875
0 0.40234375 0.56328125 0.0265625 0.0390625
0 0.4265625 0.4671875 0.02421875 0.025
0 0.44921875 0.50625 0.028125 0.04453125
0 0.4515625 0.565625 0.0125 0.01796875
0 0.45234375 0.62578125 0.0125 0.01953125
0 0.45234375 0.6859375 0.01015625 0.02421875
0 0.5 0.6890625 0.01015625 0.02109375
0 0.5 0.63125 0.0375 0.03984375
0 0.4984375 0.5734375 0.03203125 0.05390625
0 0.47578125 0.53359375 0.03359375 0.053125
0 0.475 0.46484375 0.02421875 0.0359375
0 0.4484375 0.4265625 0.03046875 0.05
0 0.42109375 0.31640625 0.021875 0.028125
0 0.44609375 0.3609375 0.03828125 0.03125
0 0.4453125 0.28125 0.03203125 0.04453125
0 0.390625 0.20390625 0.04296875 0.06640625
0 0.44453125 0.2046875 0.0421875 0.0359375
0 0.4453125 0.1203125 0.0359375 0.0578125
0 0.440625 0.03515625 0.046875 0.06953125
0 0.49921875 0.040625 0.0421875 0.0328125
0 0.5 0.12578125 0.040625 0.07109375
0 0.49921875 0.20390625 0.0296875 0.04609375
0 0.5265625 0.2421875 0.02578125 0.03984375
0 0.49765625 0.2875 0.0375 0.040625
0 0.471875 0.31796875 0.02734375 0.03984375
0 0.49765625 0.359375 0.0234375 0.0546875
0 0.52578125 0.3234375 0.0375 0.05703125
0 0.553125 0.29296875 0.0265625 0.04453125
0 0.55390625 0.209375 0.0359375 0.0421875
0 0.52734375 0.16328125 0.01953125 0.059375
0 0.5546875 0.12578125 0.0421875 0.0359375
0 0.52734375 0.08125 0.0265625 0.0296875
0 0.55625 0.040625 0.0375 0.06796875
0 0.52578125 0.01015625 0.0296875 0.0203125
0 0.5875 0.08125 0.0265625 0.0296875
0 0.59140625 0.0109375 0.0328125 0.021875
0 0.61171875 0.04453125 0.0421875 0.0359375
0 0.6421875 0.01015625 0.0296875 0.01953125
0 0.6703125 0.04296875 0.046875 0.075
0 0.609375 0.12734375 0.0453125 0.06640625
0 0.58046875 0.1671875 0.01875 0.0546875
0 0.58359375 0.24375 0.025 0.03984375
0 0.60859375 0.20859375 0.0265625 0.04609375
0 0.6640625 0.12734375 0.0375 0.0546875
0 0.6625 0.21015625 0.03828125 0.03515625
0 0.60625 0.290625 0.0375 0.04296875
0 0.57890625 0.3234375 0.03671875 0.0578125
0 0.63359375 0.32734375 0.02421875 0.040625
0 0.659375 0.28515625 0.02890625 0.04765625
0 0.715625 0.21171875 0.04375 0.06640625
0 0.7234375 0.12421875 0.0328125 0.0546875
0 0.7265625 0.05234375 0.03671875 0.0546875
0 0.78359375 0.04765625 0.02890625 0.05
0 0.75625 0.0875 0.02421875 0.04453125
0 0.8140625 0.01484375 0.025 0.0296875
0 0.8390625 0.0453125 0.0140625 0.021875
0 0.80625 0.0828125 0.0265625 0.05
0 0.8328125 0.1328125 0.03359375 0.0765625
0 0.77578125 0.1328125 0.034375 0.03359375
0 0.79609375 0.17265625 0.02734375 0.0375
0 0.7484375 0.17109375 0.0375 0.059375
0 0.7703125 0.21328125 0.01171875 0.01953125
0 0.74375 0.24921875 0.025 0.0328125
0 0.79375 0.25078125 0.02734375 0.03125
0 0.76484375 0.2875 0.0375 0.040625
0 0.81796875 0.2984375 0.0296875 0.0515625
0 0.684375 0.32578125 0.0265625 0.0265625
0 0.7078125 0.3703125 0.0375 0.0578125
0 0.7109375 0.28984375 0.0421875 0.06484375
0 0.65625 0.365625 0.0375 0.03203125
0 0.75859375 0.3640625 0.034375 0.046875
0 0.78203125 0.403125 0.034375 0.02890625
0 0.8109375 0.36796875 0.01171875 0.01875
0 0.70234375 0.43671875 0.0109375 0.02109375
0 0.803125 0.43984375 0.0125 0.01875
0 0.75078125 0.4390625 0.02109375 0.0546875
0 0.77578125 0.47109375 0.028125 0.025
0 0.74765625 0.51171875 0.03203125 0.04375
0 0.79921875 0.50390625 0.02890625 0.04296875
0 0.7703125 0.53515625 0.0265625 0.0265625
0 0.78984375 0.571875 0.0140625 0.01953125
0 0.7390625 0.5703125 0.0359375 0.053125
0 0.784375 0.63359375 0.0109375 0.01796875
0 0.7359375 0.63125 0.01015625 0.02109375
0 0.69140625 0.63515625 0.03203125 0.046875
0 0.69453125 0.56796875 0.0234375 0.0390625
0 0.72109375 0.53515625 0.0234375 0.02578125
0 0.6984375 0.50078125 0.02734375 0.0421875
0 0.67734375 0.46484375 0.025 0.02265625
0 0.6484375 0.5078125 0.0265625 0.0421875
0 0.64609375 0.5703125 0.0140625 0.01875
0 0.6421875 0.62890625 0.01171875 0.025
0 0.63984375 0.690625 0.01328125 0.01875
0 0.63984375 0.75234375 0.015625 0.02265625
0 0.6859375 0.6921875 0.0125 0.02109375
0 0.73046875 0.69140625 0.0125 0.021875
0 0.77890625 0.69375 0.0125 0.01953125
0 0.77734375 0.75078125 0.0125 0.02421875
0 0.753125 0.790625 0.0125 0.021875
0 0.7296875 0.753125 0.0140625 0.02265625
0 0.7078125 0.7890625 0.0125 0.01875
0 0.684375 0.75234375 0.0140625 0.01875
0 0.66171875 0.7890625 0.0125 0.021875
0 0.6140625 0.7875 0.0125 0.01796875
0 0.5921875 0.74921875 0.0125 0.02109375
0 0.56875 0.78671875 0.01640625 0.02578125
0 0.5921875 0.69140625 0.0171875 0.025
0 0.5953125 0.63125 0.034375 0.0328125
0 0.6 0.5734375 0.03515625 0.053125
0 0.6234375 0.53203125 0.034375 0.0515625
0 0.5984375 0.50546875 0.0296875 0.02890625
0 0.62578125 0.46328125 0.0234375 0.03515625
0 0.6515625 0.43359375 0.0296875 0.05
0 0.60546875 0.3625 0.021875 0.0578125
0 0.6015625 0.434375 0.02265625 0.0546875
0 0.575 0.46640625 0.01953125 0.046875
0 0.54921875 0.50390625 0.02890625 0.0296875
0 0.57421875 0.53515625 0.021875 0.02578125
0 0.5484375 0.56953125 0.0375 0.04296875
0 0.54765625 0.63046875 0.0125 0.02109375
0 0.546875 0.69140625 0.01015625 0.01875
0 0.54609375 0.7484375 0.01015625 0.01953125
0 0.521875 0.7875 0.01328125 0.01953125
0 0.5 0.74921875 0.0109375 0.01796875
0 0.47734375 0.78515625 0.0140625 0.01953125
0 0.45390625 0.74765625 0.0125 0.01796875
0 0.43046875 0.784375 0.0109375 0.01796875
0 0.40703125 0.74609375 0.01171875 0.02109375
0 0.38359375 0.78515625 0.01328125 0.01953125
0 0.3609375 0.74375 0.0109375 0.021875
0 0.3375 0.78125 0.0125 0.02109375
0 0.31484375 0.74140625 0.0109375 0.02109375
0 0.525 0.53203125 0.0234375 0.0265625
0 0.49921875 0.50234375 0.02890625 0.02890625
0 0.52421875 0.46484375 0.01796875 0.04765625
0 0.55078125 0.43359375 0.0125 0.02421875
0 0.50078125 0.43203125 0.02265625 0.05546875
0 0.525 0.39296875 0.021875 0.03359375
0 0.5515625 0.36640625 0.03359375 0.053125
0 0.57578125 0.39453125 0.0265625 0.03515625
0 0.82265625 0.2125 0.03359375 0.04609375