0 0.775 0.89453125 0.01484375 0.02421875
0 0.7625 0.8125 0.03828125 0.08359375
0 0.746875 0.734375 0.0375 0.059375
0 0.734375 0.65078125 0.03125 0.05390625
0 0.72109375 0.58203125 0.01171875 0.021875
0 0.7109375 0.51484375 0.01328125 0.02890625
0 0.70078125 0.44765625 0.0359375 0.0515625
0 0.6890625 0.5515625 0.034375 0.04375
0 0.7125 0.69921875 0.02890625 0.03671875
0 0.69375 0.7453125 0.01328125 0.02421875
0 0.72421875 0.78125 0.0296875 0.05
0 0.70625 0.825 0.0359375 0.04375
0 0.7390625 0.8609375 0.03125 0.05703125
0 0.71875 0.90859375 0.0359375 0.05859375
0 0.68359375 0.87578125 0.02890625 0.04609375
0 0.66171875 0.91875 0.04453125 0.06640625
0 0.6515625 0.8453125 0.03515625 0.05859375
0 0.6703125 0.7921875 0.04375 0.071875
0 0.66171875 0.71328125 0.02890625 0.0375
0 0.68203125 0.66875 0.04296875 0.04765625
0 0.67109375 0.5984375 0.0359375 0.0609375
0 0.628125 0.68359375 0.046875 0.075
0 0.61953125 0.60546875 0.040625 0.06796875
0 0.609375 0.540625 0.0125 0.02421875
0 0.65859375 0.528125 0.02734375 0.059375
0 0.6796875 0.48671875 0.0296875 0.03359375
0 0.6875 0.38203125 0.01171875 0.02109375
0 0.6765625 0.3234375 0.01171875 0.01875
0 0.66640625 0.2640625 0.01171875 0.01953125
0 0.6296875 0.334375 0.01171875 0.02109375
0 0.6203125 0.27734375 0.01484375 0.021875
0 0.5734375 0.2890625 0.01640625 0.02421875
0 0.58359375 0.34453125 0.03359375 0.05
0 0.6375 0.39609375 0.0390625 0.0609375
0 0.6671875 0.421875 0.025 0.03125
0 0.64765625 0.45 0.0390625 0.05546875
0 0.61796875 0.43203125 0.0265625 0.03203125
0 0.5984375 0.47421875 0.03125 0.0484375
0 0.58984375 0.40859375 0.03046875 0.04609375
0 0.57578125 0.51015625 0.0265625 0.03203125
0 0.54921875 0.47890625 0.03203125 0.053125
0 0.54140625 0.42109375 0.01484375 0.021875
0 0.534375 0.3625 0.01484375 0.02421875
0 0.528125 0.30234375 0.0125 0.0265625
0 0.48125 0.3140625 0.0125 0.02421875
0 0.48671875 0.37109375 0.04140625 0.05078125
0 0.49375 0.42734375 0.0375 0.0625
0 0.5203125 0.46015625 0.03828125 0.06171875
0 0.528125 0.5265625 0.02734375 0.04296875
0 0.55859375 0.55703125 0.03515625 0.0578125
0 0.596875 0.65703125 0.02421875 0.03359375
0 0.5671875 0.62109375 0.040625 0.0421875
0 0.5765625 0.69921875 0.0359375 0.05390625
0 0.63828125 0.759375 0.04921875 0.07890625
0 0.584375 0.77421875 0.04453125 0.04765625
0 0.59296875 0.8578125 0.04140625 0.06796875
0 0.60546875 0.940625 0.053125 0.0828125
0 0.54765625 0.9515625 0.04453125 0.04453125
0 0.53828125 0.86796875 0.046875 0.08203125
0 0.53125 0.790625 0.03359375 0.05390625
0 0.5 0.76171875 0.02890625 0.046875
0 0.5234375 0.7078125 0.040625 0.05078125
0 0.54609375 0.67109375 0.03125 0.04765625
0 0.5171875 0.63828125 0.02890625 0.0609375
0 0.4921875 0.68125 0.0421875 0.06640625
0 0.46875 0.71953125 0.03125 0.0515625
0 0.4765625 0.80234375 0.03984375 0.0515625
0 0.50703125 0.83984375 0.02578125 0.06484375
0 0.484375 0.884375 0.0453125 0.04765625
0 0.515625 0.92109375 0.02890625 0.03671875
0 0.490625 0.96484375 0.04375 0.06953125
0 0.52421875 0.9875 0.03125 0.025
0 0.45625 0.93828125 0.0296875 0.0375
0 0.459375 0.99609375 0.034375 0.0078125
0 0.43515625 0.978125 0.0453125 0.04375
0 0.378125 0.978125 0.05390625 0.04375
0 0.43046875 0.89921875 0.0515625 0.0796875
0 0.4546875 0.8515625 0.02421875 0.059375
0 0.44375 0.77734375 0.02890625 0.046875
0 0.42265625 0.81953125 0.03125 0.053125
0 0.37578125 0.915625 0.04296875 0.06484375
0 0.36953125 0.83359375 0.04140625 0.04609375
0 0.4171875 0.73828125 0.040625 0.053125
0 0.43984375 0.696875 0.0421875 0.06796875
0 0.3859375 0.709375 0.02734375 0.046875
0 0.36484375 0.759375 0.03359375 0.05546875
0 0.31640625 0.8484375 0.04921875 0.07890625
0 0.31796875 0.9359375 0.0375 0.0640625
0 0.321875 0.9875 0.0421875 0.025
0 0.2890625 0.978125 0.02890625 0.04375
0 0.240625 0.98671875 0.03125 0.0265625
0 0.209375 0.95859375 0.040625 0.0828125
0 0.265625 0.94296875 0.0375 0.04375
0 0.2421875 0.91015625 0.03125 0.04609375
0 0.2890625 0.89765625 0.04296875 0.06953125
0 0.2625 0.86171875 0.01328125 0.02265625
0 0.28515625 0.81953125 0.028125 0.03984375
0 0.2359375 0.83203125 0.03046875 0.0390625
0 0.2609375 0.7875 0.04140625 0.0515625
0 0.2078125 0.7921875 0.034375 0.059375
0 0.3359375 0.72578125 0.02890625 0.03515625
0 0.30859375 0.6890625 0.0421875 0.06796875
0 0.31328125 0.76953125 0.04765625 0.0765625
0 0.36015625 0.67890625 0.03984375 0.04296875
0 0.259375 0.7109375 0.03828125 0.05703125
0 0.23203125 0.67890625 0.03671875 0.0390625
0 0.20703125 0.721875 0.01328125 0.021875
0 0.30703125 0.62265625 0.0125 0.02421875
0 0.2078125 0.64921875 0.0140625 0.021875
0 0.25859375 0.63515625 0.0265625 0.059375
0 0.23125 0.6109375 0.03046875 0.0328125
0 0.25546875 0.56171875 0.0359375 0.053125
0 0.20546875 0.584375 0.03359375 0.05078125
0 0.23046875 0.5453125 0.02890625 0.03515625
0 0.20703125 0.51484375 0.015625 0.02421875
0 0.25703125 0.50234375 0.040625 0.0625
0 0.20625 0.45234375 0.0125 0.02109375
0 0.25390625 0.440625 0.0125 0.02421875
0 0.29765625 0.4234375 0.0359375 0.05546875
0 0.3015625 0.49140625 0.0265625 0.04453125
0 0.278125 0.53125 0.02578125 0.0328125
0 0.3046875 0.55859375 0.03125 0.05
0 0.32890625 0.5875 0.0265625 0.0296875
0 0.353125 0.53671875 0.03125 0.0484375
0 0.3484375 0.47421875 0.015625 0.02265625
0 0.346875 0.415625 0.0140625 0.028125
0 0.34296875 0.35390625 0.01484375 0.02265625
0 0.33671875 0.29296875 0.01796875 0.0265625
0 0.29765625 0.36640625 0.0140625 0.02421875
0 0.253125 0.3796875 0.01484375 0.025
0 0.20625 0.3921875 0.0140625 0.02265625
0 0.2015625 0.33515625 0.01484375 0.0265625
0 0.22109375 0.2890625 0.01484375 0.025
0 0.24765625 0.31875 0.01640625 0.0265625
0 0.26640625 0.27734375 0.0140625 0.021875
0 0.29296875 0.30625 0.015625 0.02265625
0 0.31171875 0.26328125 0.01484375 0.025
0 0.35859375 0.25078125 0.0140625 0.02109375
0 0.384375 0.28203125 0.0140625 0.02421875
0 0.403125 0.23828125 0.01875 0.0296875
0 0.38984375 0.3390625 0.01953125 0.0296875
0 0.39296875 0.39921875 0.0375 0.04296875
0 0.39453125 0.4578125 0.03984375 0.0625
0 0.375 0.5046875 0.0390625 0.0609375
0 0.40234375 0.52421875 0.03203125 0.03671875
0 0.3796875 0.5734375 0.0265625 0.040625
0 0.35703125 0.6109375 0.034375 0.0578125
0 0.41015625 0.6671875 0.02734375 0.0640625
0 0.40703125 0.59375 0.028125 0.0609375
0 0.4296875 0.55546875 0.02421875 0.0515625
0 0.45078125 0.51015625 0.03125 0.0375
0 0.4234375 0.48671875 0.02421875 0.03203125
0 0.4453125 0.44609375 0.040625 0.053125
0 0.43984375 0.38515625 0.01484375 0.025
0 0.434375 0.32578125 0.0125 0.021875
0 0.4296875 0.26875 0.0125 0.02265625
0 0.44921875 0.2234375 0.01484375 0.02421875
0 0.475 0.2546875 0.0125 0.02109375
0 0.49375 0.2125 0.015625 0.02421875
0 0.5203125 0.2421875 0.0140625 0.02109375
0 0.53984375 0.19921875 0.0125 0.02109375
0 0.56640625 0.23046875 0.01328125 0.02421875
0 0.5859375 0.184375 0.01484375 0.02421875
0 0.6125 0.21796875 0.01328125 0.025
0 0.63125 0.175 0.0140625 0.02421875
0 0.6578125 0.20703125 0.0125 0.02421875
0 0.471875 0.47578125 0.02578125 0.03359375
0 0.50078125 0.49765625 0.03125 0.03671875
0 0.4796875 0.54140625 0.02265625 0.053125
0 0.45703125 0.58046875 0.01484375 0.0265625
0 0.50625 0.5671875 0.028125 0.06171875
0 0.4859375 0.61328125 0.025 0.03984375
0 0.4625 0.646875 0.0375 0.06171875
0 0.4359375 0.6265625 0.02890625 0.0421875
0 0.2109375 0.87890625 0.0375 0.0546875