0 0.4703125 0.5375 0.09765625 0.07109375
0 0.44296875 0.2734375 0.16875 0.071875
0 0.3953125 0.72734375 0.1078125 0.0890625
0 0.425 0.834375 0.1671875 0.08125
0 0.7 0.628125 0.0609375 0.0484375
0 0.5359375 0.25078125 0.04765625 0.03671875
0 0.21328125 0.484375 0.0453125 0.03203125
0 0.48515625 0.70234375 0.0828125 0.0546875
0 0.171875 0.26015625 0.0578125 0.0484375
0 0.678125 0.84140625 0.10234375 0.0734375
0 0.30390625 0.83046875 0.05234375 0.0484375
0 0.3921875 0.5671875 0.0515625 0.02734375
0 0.790625 0.39453125 0.04609375 0.03359375
0 0.1234375 0.81328125 0.06015625 0.05078125
0 0.6921875 0.56015625 0.06484375 0.04765625
0 0.071875 0.53203125 0.0421875 0.0328125
0 0.68515625 0.6984375 0.05390625 0.04296875
0 0.2890625 0.1625 0.0390625 0.03671875
0 0.2390625 0.4390625 0.04765625 0.03359375
0 0.71796875 0.1859375 0.04609375 0.0359375
0 0.646875 0.75546875 0.0546875 0.04140625
0 0.2578125 0.73984375 0.0484375 0.034375
0 0.28359375 0.35234375 0.04609375 0.0359375
0 0.65703125 0.49453125 0.04375 0.03359375
0 0.7078125 0.78515625 0.11640625 0.03828125
0 0.62265625 0.80390625 0.09609375 0.06484375
0 0.26328125 0.4734375 0.02890625 0.025
0 0.296875 0.315625 0.03125 0.025
0 0.7828125 0.8125 0.0375 0.028125
0 0.98203125 0.86328125 0.0203125 0.01953125
0 0.95 0.80078125 0.02734375 0.01953125
0 0.78359375 0.4625 0.0328125 0.02421875
0 0.9453125 0.3984375 0.0296875 0.0234375
0 0.9921875 0.59140625 0.0125 0.01484375
0 0.95625 0.3 0.03359375 0.0234375
0 0.503125 0.69765625 0.0234375 0.0125
0 0.04296875 0.37890625 0.03125 0.0328125