0 0.44921875 0.478125 0.09375 0.071875
0 0.80078125 0.45390625 0.09375 0.12578125
0 0.1953125 0.42578125 0.1171875 0.07890625
0 0.053125 0.44921875 0.10625 0.125
0 0.3328125 0.65234375 0.0640625 0.0453125
0 0.8328125 0.52265625 0.04765625 0.034375
0 0.515625 0.284375 0.04140625 0.0328125
0 0.23046875 0.4921875 0.07109375 0.0609375
0 0.8140625 0.25 0.0640625 0.0421875
0 0.0484375 0.63984375 0.09609375 0.07578125
0 0.05546875 0.35859375 0.0640625 0.03828125
0 0.40859375 0.4203125 0.03515625 0.03828125
0 0.6453125 0.71640625 0.04375 0.03359375
0 0.07578125 0.2234375 0.06640625 0.04375
0 0.42265625 0.6453125 0.0625 0.04765625
0 0.45 0.1796875 0.0421875 0.03125
0 0.23828125 0.6421875 0.05625 0.0390625
0 0.94609375 0.33515625 0.04765625 0.028125
0 0.5765625 0.303125 0.04375 0.034375
0 0.9234375 0.6578125 0.04609375 0.03359375
0 0.16171875 0.6140625 0.05390625 0.040625
0 0.1765625 0.32265625 0.0453125 0.0359375
0 0.69296875 0.33515625 0.04609375 0.03359375
0 0.509375 0.61796875 0.04375 0.03203125
0 0.1234375 0.6609375 0.0484375 0.0859375
0 0.09765625 0.596875 0.08515625 0.07109375
0 0.53046875 0.321875 0.03359375 0.021875
0 0.475 0.084375 0.01484375 0.01484375
0 0.7421875 0.34453125 0.03359375 0.0234375
0 0.08828125 0.7171875 0.0359375 0.02734375
0 0.0234375 0.8703125 0.0265625 0.0203125
0 0.10703125 0.8421875 0.0265625 0.0203125
0 0.5546875 0.7125 0.0328125 0.02421875
0 0.64296875 0.83203125 0.03125 0.02265625
0 0.3859375 0.87421875 0.0203125 0.015625
0 0.77421875 0.83828125 0.03125 0.025
0 0.86015625 0.89609375 0.0203125 0.015625
0 0.2359375 0.50546875 0.01640625 0.01796875
0 0.65390625 0.15546875 0.04375 0.02265625