0 0.28984375 0.721875 0.10625 0.059375
1 0.803125 0.503125 0.2171875 0.1296875
1 0.82421875 0.33828125 0.26484375 0.15546875
1 0.20234375 0.56953125 0.2234375 0.209375
0 0.1453125 0.846875 0.07890625 0.0578125
0 0.8953125 0.5984375 0.0765625 0.03828125
1 0.5234375 0.57734375 0.2046875 0.1703125
0 0.1203125 0.4359375 0.0515625 0.04296875
0 0.6765625 0.2765625 0.04375 0.03359375
1 0.3171875 0.784375 0.24140625 0.09375
0 0.16640625 0.66484375 0.04609375 0.0484375
1 0.371875 0.63984375 0.17109375 0.309375
0 0.0265625 0.42890625 0.0484375 0.0421875
0 0.428125 0.5875 0.08515625 0.06015625
0 0.2140625 0.8265625 0.09375 0.021875
0 0.91328125 0.76875 0.15234375 0.0875
0 0.4078125 0.8453125 0.0390625 0.0203125
0 0.56484375 0.84609375 0.0515625 0.01875
0 0.08828125 0.77734375 0.04140625 0.021875
0 0.01171875 0.72421875 0.0234375 0.02265625
0 0.70078125 0.34921875 0.04609375 0.03125
0 0.8609375 0.571875 0.0515625 0.02421875
0 0.746875 0.49921875 0.0375 0.0234375
0 0.76796875 0.64140625 0.0328125 0.025
0 0.74453125 0.640625 0.0171875 0.01796875
0 0.675 0.45234375 0.0109375 0.0171875
0 0.6546875 0.4328125 0.0328125 0.02734375
0 0.571875 0.44296875 0.01640625 0.0125
0 0.65625 0.45234375 0.02890625 0.02421875
0 0.22734375 0.36015625 0.02890625 0.01796875
0 0.3328125 0.36171875 0.01484375 0.009375
0 0.184375 0.34453125 0.01484375 0.01015625
0 0.15 0.3265625 0.0375 0.028125
0 0.16640625 0.65 0.05 0.01875
0 0.7140625 0.1203125 0.02890625 0.01953125
0 0.740625 0.18984375 0.0265625 0.015625
0 0.4984375 0.259375 0.01484375 0.0109375
0 0.36875 0.22890625 0.0140625 0.0234375
0 0.58828125 0.26953125 0.01484375 0.01015625
0 0.64765625 0.24765625 0.02109375 0.0140625
0 0.5234375 0.16328125 0.01640625 0.01328125
0 0.1765625 0.31875 0.01484375 0.00859375
0 0.12890625 0.13125 0.01640625 0.01015625
0 0.2015625 0.07265625 0.0171875 0.0109375
0 0.25 0.22109375 0.01875 0.0125
0 0.1421875 0.15546875 0.0171875 0.0125
0 0.4109375 0.69296875 0.0140625 0.0234375
0 0.403125 0.6734375 0.0125 0.01796875
1 0.3875 0.521875 0.225 0.1609375
0 0.453125 0.42890625 0.18515625 0.13046875
0 0.3390625 0.4375 0.01640625 0.009375
0 0.28203125 0.4234375 0.1734375 0.125
0 0.5078125 0.0390625 0.0140625 0.01328125
0 0.1640625 0.55546875 0.04140625 0.0328125
0 0.15859375 0.54765625 0.0125 0.0125
0 0.57578125 0.52421875 0.0125 0.01015625
0 0.86875 0.315625 0.02109375 0.0171875
0 0.8171875 0.15 0.19375 0.121875
0 0.746875 0.18046875 0.2125 0.1328125
0 0.7015625 0.27890625 0.3296875 0.20078125