0 0.215625 0.33125 0.08359375 0.0828125
1 0.48046875 0.7265625 0.1828125 0.16875
1 0.69765625 0.7515625 0.2203125 0.20625
1 0.42265625 0.2734375 0.2890625 0.178125
0 0.0625 0.21640625 0.06875 0.0609375
0 0.3484375 0.790625 0.0546875 0.059375
1 0.3953125 0.5140625 0.2375 0.1625
0 0.60546875 0.21953125 0.06015625 0.040625
0 0.78828125 0.64375 0.04765625 0.034375
1 0.13046875 0.3484375 0.1359375 0.184375
0 0.2984375 0.2421875 0.0671875 0.03671875
1 0.32109375 0.396875 0.4203125 0.14453125
0 0.61953125 0.14921875 0.05859375 0.03828125
0 0.38671875 0.4421875 0.08515625 0.06640625
0 0.0796875 0.26953125 0.0328125 0.0703125
0 0.1203125 0.7953125 0.1234375 0.11796875
0 0.04453125 0.4125 0.0296875 0.0296875
0 0.0359375 0.53125 0.02734375 0.0390625
0 0.1515625 0.17734375 0.03125 0.03203125
0 0.2265625 0.11875 0.03125 0.0265625
0 0.690625 0.65859375 0.04375 0.03671875
0 0.38515625 0.76640625 0.03515625 0.0390625
0 0.48828125 0.68515625 0.0328125 0.02890625
0 0.29765625 0.69296875 0.03515625 0.025
0 0.3 0.67578125 0.025 0.0140625
0 0.5546875 0.63359375 0.0234375 0.009375
0 0.58203125 0.61953125 0.0375 0.025
0 0.57265625 0.55703125 0.0171875 0.01328125
0 0.5546875 0.61953125 0.03359375 0.02265625
0 0.70078125 0.303125 0.025 0.021875
0 0.6921875 0.38203125 0.0140625 0.0125
0 0.7234375 0.271875 0.01484375 0.0125
0 0.74921875 0.246875 0.0390625 0.02890625
0 0.31796875 0.2421875 0.02734375 0.03828125
0 0.90078125 0.69609375 0.02265625 0.01953125
0 0.8203125 0.51171875 0.01640625 0.0125
0 0.8671875 0.41640625 0.0328125 0.0109375
0 0.8015625 0.578125 0.01484375 0.0125
0 0.82890625 0.6234375 0.01875 0.0171875
0 0.946875 0.5359375 0.01875 0.01328125
0 0.7578125 0.2671875 0.0125 0.0125
0 0.884375 0.32734375 0.01640625 0.01484375
0 0.978125 0.25 0.0171875 0.0140625
0 0.2484375 0.4234375 0.0328125 0.0109375
0 0.27421875 0.41875 0.025 0.01015625
1 0.47734375 0.41484375 0.2265625 0.1765625
0 0.59609375 0.46875 0.1828125 0.14453125
0 0.59140625 0.38359375 0.0140625 0.01328125
0 0.6140625 0.340625 0.1734375 0.13671875
0 0.44375 0.2453125 0.04609375 0.0328125
0 0.4546875 0.2421875 0.0171875 0.01015625
0 0.4640625 0.55546875 0.01484375 0.01015625
0 0.72578125 0.7859375 0.02265625 0.015625
0 0.92109375 0.7546875 0.1171875 0.146875
0 0.90234375 0.70078125 0.16875 0.1640625
0 0.7828125 0.6625 0.28359375 0.25703125