1 0.0828125 0.40625 0.1359375 0.075
0 0.3390625 0.65703125 0.10390625 0.0484375
1 0.2734375 0.484375 0.2984375 0.11796875
0 0.2015625 0.646875 0.0984375 0.046875
0 0.06875 0.63828125 0.0953125 0.0453125
1 0.1953125 0.34375 0.2609375 0.09609375
0 0.49609375 0.51640625 0.11640625 0.0484375
0 0.2671875 0.57734375 0.15 0.05234375
1 0.3296875 0.68515625 0.11875 0.04609375
0 0.96953125 0.534375 0.0578125 0.028125
0 0.8984375 0.65546875 0.09140625 0.0359375
0 0.4984375 0.68828125 0.0796875 0.025
0 0.6609375 0.35390625 0.0671875 0.03203125
1 0.16171875 0.6734375 0.2234375 0.05
1 0.7203125 0.55234375 0.23515625 0.0609375
1 0.64140625 0.71328125 0.2140625 0.0390625
1 0.45390625 0.69296875 0.15625 0.04921875
0 0.63671875 0.34609375 0.08359375 0.0296875
0 0.928125 0.63515625 0.0546875 0.01875
0 0.83984375 0.67109375 0.025 0.0078125
0 0.5140625 0.4 0.0265625 0.009375
0 0.66640625 0.29453125 0.0390625 0.01640625
0 0.3921875 0.38359375 0.02265625 0.0078125
0 0.75625 0.2890625 0.0453125 0.01328125
0 0.55546875 0.42421875 0.0390625 0.01796875
0 0.2453125 0.3671875 0.0578125 0.02734375
0 0.75234375 0.5265625 0.05859375 0.02109375
0 0.84375 0.45625 0.05 0.0203125
0 0.65859375 0.43359375 0.03359375 0.009375
0 0.72890625 0.55859375 0.0546875 0.02578125
0 0.46796875 0.5421875 0.025 0.01015625
0 0.4046875 0.5703125 0.0546875 0.0265625
1 0.2390625 0.48125 0.0578125 0.02421875
0 0.63359375 0.6953125 0.0546875 0.0140625
0 0.61328125 0.634375 0.02734375 0.009375
0 0.5859375 0.63125 0.02890625 0.0109375
0 0.77109375 0.7015625 0.0515625 0.0140625
0 0.76015625 0.72421875 0.0359375 0.01484375
0 0.328125 0.7140625 0.0734375 0.01640625
0 0.103125 0.68203125 0.0703125 0.0125
0 0.553125 0.70859375 0.0203125 0.0125
0 0.08515625 0.68828125 0.0625 0.0140625
0 0.0640625 0.66484375 0.12734375 0.0265625
0 0.00234375 0.64609375 0.0046875 0.003125
1 0.67734375 0.72109375 0.1390625 0.03515625
0 0.64296875 0.73125 0.0203125 0.00625
0 0.6484375 0.7265625 0.01640625 0.00625
0 0.65234375 0.43984375 0.0234375 0.00859375
0 0.2515625 0.3625 0.01640625 0.0078125
0 0.1859375 0.33984375 0.01875 0.0109375
0 0.0359375 0.4078125 0.03125 0.0234375
0 0.2578125 0.4859375 0.0125 0.00625
0 0.26484375 0.48125 0.0140625 0.00546875
0 0.30546875 0.49609375 0.02890625 0.0125
1 0.42109375 0.57265625 0.22265625 0.0734375
0 0.528125 0.55234375 0.0109375 0.0046875
0 0.7078125 0.5421875 0.02109375 0.0078125
0 0.071875 0.51484375 0.01015625 0.0046875