1 0.05546875 0.45546875 0.1109375 0.0734375
0 0.4265625 0.6703125 0.1 0.04765625
1 0.271875 0.51015625 0.2921875 0.1140625
0 0.2875 0.67578125 0.09609375 0.0453125
0 0.15390625 0.6828125 0.0921875 0.04375
1 0.12578125 0.3828125 0.2515625 0.0921875
0 0.5046875 0.51640625 0.1140625 0.046875
0 0.31484375 0.60078125 0.14765625 0.05
1 0.43125 0.6984375 0.11640625 0.0453125
0 0.97265625 0.48125 0.0546875 0.02734375
0 0.96171875 0.60625 0.0765625 0.034375
0 0.596875 0.6828125 0.07890625 0.0234375
0 0.5796875 0.340625 0.06484375 0.03203125
1 0.26328125 0.70625 0.22265625 0.04765625
1 0.7421875 0.5265625 0.23125 0.05703125
1 0.7484375 0.690625 0.2125 0.0359375
1 0.55625 0.6921875 0.15390625 0.04765625
0 0.55234375 0.33515625 0.08125 0.02890625
0 0.97890625 0.5828125 0.0421875 0.01875
0 0.91953125 0.628125 0.025 0.00703125
0 0.46171875 0.4015625 0.025 0.00859375
0 0.55390625 0.28203125 0.0375 0.015625
0 0.33515625 0.39921875 0.02109375 0.0078125
0 0.63828125 0.26640625 0.0453125 0.0125
0 0.5140625 0.4203125 0.0390625 0.0171875
0 0.18359375 0.39921875 0.05625 0.0265625
0 0.75859375 0.49765625 0.0578125 0.01953125
0 0.8109375 0.41953125 0.0484375 0.01953125
0 0.61875 0.41796875 0.0328125 0.009375
0 0.753125 0.53125 0.05390625 0.02578125
0 0.49140625 0.54453125 0.0234375 0.01015625
0 0.44453125 0.57890625 0.05390625 0.02578125
1 0.23671875 0.5109375 0.05625 0.0234375
0 0.73203125 0.675 0.0546875 0.0125
0 0.6796875 0.6171875 0.0265625 0.00859375
0 0.6515625 0.61796875 0.02890625 0.01015625
0 0.86875 0.66484375 0.0515625 0.0140625
0 0.8703125 0.6890625 0.03515625 0.01484375
0 0.4453125 0.7265625 0.0734375 0.01484375
0 0.21015625 0.72109375 0.0703125 0.01171875
0 0.6609375 0.696875 0.01875 0.0125
0 0.06171875 0.68125 0.05 0.0171875
0 0.1953125 0.72890625 0.0625 0.0125
0 0.16015625 0.709375 0.13359375 0.025
0 0.0890625 0.69765625 0.0140625 0.003125
1 0.78828125 0.69453125 0.1359375 0.03359375
0 0.76015625 0.7078125 0.0203125 0.00625
0 0.7625 0.703125 0.01640625 0.00546875
0 0.6171875 0.42421875 0.02265625 0.00859375
0 0.18671875 0.39453125 0.01640625 0.00703125
0 0.11171875 0.3796875 0.01875 0.01015625
0 0.0078125 0.46171875 0.015625 0.0234375
0 0.2578125 0.51328125 0.0125 0.00625
0 0.2625 0.5078125 0.0140625 0.00546875
0 0.309375 0.51796875 0.02890625 0.0125
1 0.46171875 0.5796875 0.21875 0.0703125
0 0.5546875 0.54765625 0.0109375 0.0046875
0 0.7234375 0.5171875 0.02109375 0.0078125
0 0.0921875 0.56171875 0.01015625 0.0046875