1 0.36171875 0.45859375 0.1578125 0.11171875
1 0.28671875 0.3765625 0.1578125 0.121875
0 0.64765625 0.203125 0.0609375 0.0421875
0 0.7046875 0.46484375 0.04765625 0.03203125
0 0.63203125 0.2765625 0.05390625 0.0375
0 0.2171875 0.63046875 0.0671875 0.04140625
0 0.440625 0.31875 0.0515625 0.0359375
0 0.77109375 0.72890625 0.09609375 0.04765625
0 0.2875 0.546875 0.0390625 0.0375
1 0.390625 0.69921875 0.08515625 0.06953125
0 0.67265625 0.59921875 0.03984375 0.03671875
0 0.5921875 0.22109375 0.05234375 0.0359375
0 0.5703125 0.42890625 0.0625 0.0484375
0 0.6296875 0.740625 0.0515625 0.0328125
0 0.96953125 0.48125 0.05234375 0.0390625
0 0.9 0.1296875 0.0390625 0.040625
0 0.03515625 0.684375 0.0703125 0.0484375
0 0.72734375 0.53203125 0.04140625 0.0765625
1 0.18046875 0.21484375 0.04609375 0.03828125
0 0.19140625 0.315625 0.1640625 0.06953125
0 0.3328125 0.315625 0.0546875 0.09921875
0 0.3265625 0.58515625 0.05 0.103125
0 0.025 0.85078125 0.02109375 0.0109375
0 0.91953125 0.39921875 0.02734375 0.0265625
0 0.934375 0.640625 0.02734375 0.0390625
0 0.7796875 0.48671875 0.03125 0.01875
0 0.88984375 0.3671875 0.02109375 0.0203125
0 0.865625 0.58046875 0.01875 0.0140625
0 0.4296875 0.525 0.03125 0.02421875
0 0.5515625 0.51484375 0.03125 0.0296875
0 0.53046875 0.5359375 0.0234375 0.02265625
0 0.63359375 0.44296875 0.03359375 0.021875
0 0.57109375 0.496875 0.03359375 0.03125
0 0.340625 0.6265625 0.03515625 0.025
0 0.61328125 0.42890625 0.02890625 0.01875
0 0.34375 0.60546875 0.0171875 0.0125
0 0.559375 0.39296875 0.01640625 0.00625
0 0.42421875 0.39140625 0.0140625 0.01015625
0 0.3484375 0.346875 0.0140625 0.03359375
0 0.12734375 0.62421875 0.03359375 0.0265625
0 0.11875 0.55234375 0.0359375 0.02734375
0 0.121875 0.4734375 0.0328125 0.0234375
0 0.1484375 0.3421875 0.0390625 0.028125
0 0.0203125 0.32578125 0.02734375 0.05
0 0.78203125 0.21875 0.0484375 0.01796875
0 0.81171875 0.05703125 0.0609375 0.01953125
0 0.74296875 0.290625 0.0140625 0.01015625
0 0.91015625 0.2296875 0.02109375 0.0109375
0 0.7046875 0.153125 0.01640625 0.01015625
0 0.87265625 0.3375 0.0203125 0.0171875
0 0.5671875 0.1421875 0.03515625 0.025
0 0.3890625 0.2375 0.03515625 0.021875
0 0.53671875 0.11484375 0.0359375 0.02421875
0 0.51953125 0.22109375 0.0359375 0.021875
0 0.48515625 0.24453125 0.03515625 0.02265625
0 0.646875 0.32265625 0.0359375 0.02421875
0 0.35859375 0.12265625 0.03359375 0.021875
0 0.47578125 0.053125 0.0171875 0.00859375
0 0.41640625 0.29453125 0.0140625 0.0109375
0 0.678125 0.09453125 0.01640625 0.0125
0 0.034375 0.18046875 0.0359375 0.0265625
0 0.27578125 0.1796875 0.0421875 0.0234375
0 0.72734375 0.6578125 0.0265625 0.03203125
0 0.71171875 0.653125 0.02265625 0.0296875
0 0.7015625 0.653125 0.0171875 0.01875
0 0.8875 0.578125 0.04765625 0.0296875
0 0.8859375 0.5640625 0.0328125 0.01796875
0 0.85546875 0.33671875 0.0359375 0.034375
0 0.3796875 0.47109375 0.01640625 0.009375
0 0.240625 0.725 0.01484375 0.015625
0 0.08046875 0.4734375 0.04140625 0.0328125