1 0.70859375 0.54609375 0.2984375 0.19453125
1 0.5609375 0.64609375 0.2953125 0.190625
0 0.6875 0.86796875 0.17109375 0.11015625
0 0.53828125 0.43046875 0.2125 0.10390625
0 0.8421875 0.0390625 0.10390625 0.065625
0 0.3390625 0.4171875 0.1453125 0.09140625
0 0.0796875 0.68828125 0.07734375 0.11484375
0 0.4109375 0.72578125 0.11875 0.09765625
0 0.5546875 0.8609375 0.075 0.04140625
1 0.84609375 0.36640625 0.0890625 0.05390625
0 0.1453125 0.26796875 0.08515625 0.0640625
0 0.02734375 0.3796875 0.0546875 0.0359375
0 0.2828125 0.45625 0.0734375 0.0453125
0 0.128125 0.52578125 0.0640625 0.11484375
1 0.9390625 0.39765625 0.1140625 0.09296875
0 0.15859375 0.640625 0.0953125 0.046875
0 0.0453125 0.28046875 0.05859375 0.040625
1 0.9015625 0.428125 0.14765625 0.09140625
0 0.96640625 0.8078125 0.0671875 0.03125
0 0.703125 0.7859375 0.05390625 0.03046875
0 0.50859375 0.89296875 0.0640625 0.03984375
0 0.4203125 0.66171875 0.07890625 0.04140625
1 0.1234375 0.2015625 0.1515625 0.08984375
0 0.2453125 0.41328125 0.0609375 0.03828125
0 0.675 0.48359375 0.05 0.0328125
0 0.89609375 0.90078125 0.03984375 0.025
0 0.8265625 0.43046875 0.02734375 0.015625
0 0.90625 0.3765625 0.0296875 0.01953125
0 0.98046875 0.3859375 0.0234375 0.01328125
0 0.5609375 0.3546875 0.0421875 0.02734375
0 0.2484375 0.38984375 0.03359375 0.01640625
0 0.8515625 0.6234375 0.0390625 0.03828125
0 0.6515625 0.6203125 0.02734375 0.01171875
0 0.5828125 0.5484375 0.0296875 0.02578125
0 0.64375 0.53203125 0.02265625 0.01796875
0 0.66484375 0.51171875 0.02109375 0.021875
0 0.6484375 0.503125 0.01875 0.01015625
0 0.940625 0.4609375 0.0203125 0.01171875
1 0.9796875 0.42734375 0.03359375 0.040625