1 0.45390625 0.64296875 0.3171875 0.21640625
1 0.28828125 0.55546875 0.3140625 0.21328125
0 0.6078125 0.51796875 0.1765625 0.15
0 0.60703125 0.384375 0.15 0.1046875
0 0.17578125 0.240625 0.17734375 0.0625
0 0.15390625 0.46484375 0.15625 0.0875
1 0.7359375 0.715625 0.08984375 0.0640625
0 0.80859375 0.240625 0.10390625 0.0625
0 0.6296875 0.1734375 0.05859375 0.040625
0 0.5421875 0.3515625 0.0734375 0.05234375
0 0.4234375 0.25625 0.1765625 0.05390625
1 0.6984375 0.78046875 0.15 0.084375
0 0.2546875 0.28828125 0.07890625 0.06640625
0 0.7796875 0.17578125 0.06640625 0.04296875
1 0.6484375 0.75859375 0.15 0.10703125
0 0.09296875 0.84453125 0.04609375 0.05234375
0 0.09453125 0.66484375 0.0515625 0.03828125
0 0.25078125 0.4640625 0.0703125 0.05703125
1 0.89140625 0.22109375 0.1171875 0.10546875
0 0.603125 0.321875 0.0640625 0.04453125
0 0.54296875 0.61484375 0.05234375 0.0359375
0 0.63671875 0.709375 0.0265625 0.0203125
0 0.7265625 0.75703125 0.03125 0.021875
0 0.7203125 0.80703125 0.02265625 0.01640625
0 0.7234375 0.52578125 0.0453125 0.0296875
0 0.63828125 0.321875 0.02890625 0.02421875
0 0.3515625 0.74609375 0.0609375 0.0296875
0 0.33671875 0.61328125 0.0203125 0.01953125
0 0.4359375 0.56015625 0.04140625 0.021875
0 0.4671875 0.5984375 0.02890625 0.01640625
0 0.5 0.61015625 0.03359375 0.01640625
0 0.5109375 0.5984375 0.01640625 0.01328125
0 0.6046875 0.78828125 0.01875 0.0140625
1 0.659375 0.81015625 0.0640625 0.0265625