0 0.0921875 0.409375 0.0984375 0.08828125
0 0.0734375 0.49609375 0.10234375 0.075
0 0.1875 0.325 0.0953125 0.0625
1 0.75390625 0.4890625 0.10234375 0.11796875
0 0.26953125 0.1984375 0.07890625 0.05
0 0.815625 0.54375 0.0484375 0.03125
0 0.4546875 0.33671875 0.04609375 0.02890625
0 0.97109375 0.41171875 0.0375 0.0375
0 0.47421875 0.6890625 0.04375 0.034375
1 0.8953125 0.76328125 0.0578125 0.04609375
0 0.7515625 0.71015625 0.04140625 0.03828125
1 0.17578125 0.56953125 0.13125 0.14609375
1 0.84140625 0.8359375 0.11015625 0.103125
0 0.940625 0.73515625 0.0390625 0.0390625
1 0.26875 0.6515625 0.2328125 0.14140625
0 0.74609375 0.56484375 0.03984375 0.0328125
1 0.46953125 0.728125 0.1828125 0.15390625
1 0.97890625 0.73046875 0.0421875 0.0484375
1 0.646875 0.68984375 0.17890625 0.16328125
0 0.01015625 0.20625 0.0203125 0.01875
0 0.07265625 0.25390625 0.03984375 0.0203125
0 0.025 0.2984375 0.0171875 0.0140625
0 0.0125 0.17265625 0.01484375 0.01015625
0 0.35234375 0.23359375 0.0484375 0.02421875
0 0.56328125 0.27265625 0.0359375 0.0296875
0 0.42421875 0.240625 0.03359375 0.01796875
0 0.83203125 0.25703125 0.0390625 0.02734375
0 0.69921875 0.26875 0.03359375 0.01796875
0 0.2984375 0.57578125 0.0171875 0.015625
0 0.5078125 0.38125 0.0328125 0.028125
0 0.5671875 0.60390625 0.0265625 0.01953125
0 0.5578125 0.5859375 0.0265625 0.02265625
0 0.5984375 0.3734375 0.0265625 0.03125
0 0.703125 0.48046875 0.0359375 0.028125
0 0.9046875 0.659375 0.0328125 0.0328125
0 0.7859375 0.596875 0.01640625 0.0125
0 0.71875 0.56171875 0.02734375 0.02734375
0 0.66875 0.4 0.02265625 0.01875
0 0.8109375 0.578125 0.01875 0.009375
0 0.9453125 0.39375 0.03515625 0.03125
0 0.01953125 0.70234375 0.0390625 0.0203125
0 0.084375 0.79609375 0.03359375 0.0234375
0 0.1875 0.69765625 0.0203125 0.01484375
0 0.52578125 0.76796875 0.02109375 0.0125
0 0.90390625 0.69140625 0.0328125 0.0359375
0 0.9578125 0.91796875 0.0203125 0.015625
0 0.3171875 0.575 0.0171875 0.01328125
0 0.18984375 0.17734375 0.0203125 0.00859375
0 0.6109375 0.3609375 0.0171875 0.02890625
0 0.9484375 0.4140625 0.0265625 0.02421875
0 0.76796875 0.421875 0.00859375 0.021875
0 0.8828125 0.903125 0.04375 0.0296875
0 0.8609375 0.8609375 0.04609375 0.0171875
0 0.19609375 0.71484375 0.02890625 0.021875
1 0.0875 0.79765625 0.175 0.0765625