0 0.08125 0.4421875 0.11015625 0.0953125
0 0.07578125 0.52890625 0.1125 0.0828125
0 0.16484375 0.35 0.10390625 0.0703125
1 0.75078125 0.46953125 0.11875 0.12578125
0 0.22890625 0.21796875 0.08515625 0.05546875
0 0.8203125 0.51953125 0.05234375 0.034375
0 0.43203125 0.34140625 0.05 0.0328125
0 0.95625 0.375 0.0421875 0.040625
0 0.50078125 0.690625 0.0484375 0.0375
1 0.9296875 0.73125 0.0640625 0.05078125
0 0.7796875 0.6890625 0.04609375 0.04140625
1 0.18671875 0.59453125 0.1515625 0.15546875
1 0.8859375 0.80703125 0.1234375 0.11171875
0 0.97109375 0.69921875 0.04375 0.0421875
1 0.29140625 0.66953125 0.2515625 0.159375
0 0.75390625 0.5453125 0.04375 0.0359375
1 0.5015625 0.72890625 0.20234375 0.1671875
1 0.99140625 0.69140625 0.0171875 0.0515625
1 0.67265625 0.67734375 0.2 0.1765625
0 0.040625 0.28828125 0.0421875 0.0234375
0 0.0046875 0.33671875 0.00859375 0.01484375
0 0.31640625 0.246875 0.05234375 0.028125
0 0.53125 0.26875 0.03984375 0.0328125
0 0.3890625 0.24765625 0.0359375 0.0203125
0 0.79609375 0.2328125 0.0421875 0.0296875
0 0.66640625 0.25390625 0.0359375 0.0203125
0 0.3109375 0.59140625 0.0203125 0.0171875
0 0.490625 0.38125 0.0359375 0.03125
0 0.58125 0.5984375 0.02890625 0.021875
0 0.5703125 0.58046875 0.02890625 0.02421875
0 0.5796875 0.36640625 0.0296875 0.0328125
0 0.69921875 0.46484375 0.03984375 0.03125
0 0.925 0.6265625 0.0375 0.0359375
0 0.79765625 0.5734375 0.0171875 0.01328125
0 0.7265625 0.54453125 0.03125 0.02890625
0 0.65390625 0.3875 0.025 0.0203125
0 0.8203125 0.553125 0.0203125 0.0109375
0 0.92734375 0.36015625 0.0390625 0.03359375
0 0.05 0.73828125 0.04140625 0.0234375
0 0.128125 0.82734375 0.0359375 0.0265625
0 0.2171875 0.72109375 0.02265625 0.0171875
0 0.56328125 0.76484375 0.02265625 0.0140625
0 0.928125 0.65859375 0.0375 0.03828125
0 0.32890625 0.5890625 0.01875 0.0140625
0 0.146875 0.20390625 0.02109375 0.009375
0 0.590625 0.353125 0.02109375 0.0296875
0 0.93359375 0.3796875 0.0296875 0.0265625
0 0.75546875 0.40078125 0.0109375 0.02265625
0 0.9375 0.8703125 0.04765625 0.0328125
0 0.90859375 0.83046875 0.0484375 0.0203125
0 0.228125 0.7375 0.03125 0.0234375
1 0.13125 0.82890625 0.18515625 0.08984375