1 0.3859375 0.4515625 0.20859375 0.1546875
1 0.8515625 0.3265625 0.15390625 0.1171875
1 0.5453125 0.35859375 0.2640625 0.10859375
1 0.64921875 0.321875 0.22109375 0.1203125
1 0.1640625 0.7671875 0.05625 0.03828125
1 0.07890625 0.5734375 0.05 0.0390625
1 0.8671875 0.4703125 0.05859375 0.040625
1 0.6703125 0.73359375 0.21640625 0.09453125
1 0.80546875 0.16484375 0.0515625 0.03203125
1 0.19921875 0.45703125 0.2453125 0.0984375
1 0.80703125 0.34453125 0.1015625 0.1484375
0 0.43515625 0.5078125 0.07734375 0.0390625
0 0.284375 0.46015625 0.0734375 0.0265625
0 0.17109375 0.1625 0.03515625 0.028125
0 0.0953125 0.175 0.03515625 0.0328125
0 0.2015625 0.2453125 0.0234375 0.01484375
0 0.00625 0.22109375 0.0125 0.03359375
0 0.140625 0.271875 0.01875 0.01328125
0 0.0484375 0.28125 0.0328125 0.00859375
0 0.21171875 0.1453125 0.02890625 0.0125
0 0.21328125 0.28125 0.01640625 0.0125
0 0.7671875 0.178125 0.0328125 0.0296875
0 0.9375 0.20234375 0.0328125 0.0296875
0 0.84296875 0.1859375 0.0234375 0.00859375
0 0.08828125 0.43984375 0.03125 0.028125
0 0.96015625 0.57890625 0.02734375 0.0171875
0 0.6734375 0.44375 0.0140625 0.01015625
0 0.6921875 0.43203125 0.0203125 0.0109375
0 0.7203125 0.43515625 0.02265625 0.0109375
0 0.7421875 0.43046875 0.01875 0.01484375
0 0.6953125 0.42265625 0.0109375 0.0078125
0 0.71015625 0.44296875 0.0203125 0.009375
0 0.99140625 0.57734375 0.0171875 0.0203125
0 0.59765625 0.6859375 0.025 0.01953125
0 0.97421875 0.6859375 0.0484375 0.0171875
0 0.95 0.728125 0.0125 0.0109375
0 0.2515625 0.28671875 0.01640625 0.01015625
0 0.50234375 0.32265625 0.0140625 0.0125
0 0.55625 0.3875 0.01484375 0.01015625
0 0.5640625 0.39296875 0.0109375 0.0078125
0 0.6578125 0.346875 0.0140625 0.01015625
0 0.67109375 0.34765625 0.01484375 0.01015625
0 0.7453125 0.43984375 0.0109375 0.00859375
0 0.78046875 0.3234375 0.01015625 0.0125
0 0.775 0.32734375 0.01015625 0.0203125
0 0.7671875 0.3359375 0.00625 0.01328125
0 0.7484375 0.73828125 0.025 0.0109375
0 0.0171875 0.55390625 0.034375 0.0328125
1 0.3515625 0.4984375 0.34765625 0.17890625
0 0.509375 0.57890625 0.02109375 0.01328125
0 0.52734375 0.571875 0.00859375 0.009375
0 0.56328125 0.61484375 0.0109375 0.0109375
0 0.77421875 0.58828125 0.00859375 0.009375
0 0.7453125 0.6109375 0.02109375 0.0125
1 0.62578125 0.54296875 0.17265625 0.0671875
1 0.6703125 0.59921875 0.2578125 0.07421875
1 0.65078125 0.58046875 0.3375 0.17265625
1 0.65078125 0.58359375 0.3453125 0.17421875