0 0.6796875 0.7390625 0.0515625 0.03046875
0 0.47734375 0.396875 0.07734375 0.03515625
0 0.728125 0.7359375 0.05390625 0.03203125
0 0.38828125 0.2421875 0.075 0.0390625
0 0.440625 0.54453125 0.12890625 0.0328125
0 0.15 0.4140625 0.03359375 0.053125
0 0.09609375 0.25859375 0.08125 0.01875
0 0.6203125 0.47109375 0.1125 0.028125
0 0.65390625 0.28046875 0.06015625 0.0328125
0 0.67734375 0.41953125 0.07265625 0.028125
0 0.44453125 0.22890625 0.12734375 0.01953125
0 0.11640625 0.68984375 0.03515625 0.01328125
0 0.190625 0.63046875 0.02890625 0.0203125
0 0.13203125 0.63671875 0.0734375 0.01875
0 0.1484375 0.6453125 0.0578125 0.01171875
0 0.1890625 0.54453125 0.0421875 0.0125
0 0.15390625 0.53125 0.04375 0.0125
0 0.12109375 0.396875 0.0234375 0.02890625
0 0.0453125 0.2828125 0.02109375 0.01796875
0 0.4890625 0.6375 0.025 0.0140625
0 0.6546875 0.65703125 0.0140625 0.00703125
0 0.45625 0.68046875 0.0140625 0.00703125
0 0.31796875 0.5859375 0.0359375 0.0171875
0 0.7640625 0.5609375 0.0171875 0.0078125
0 0.4984375 0.5328125 0.02890625 0.015625
0 0.6359375 0.496875 0.0125 0.00546875
0 0.6953125 0.48359375 0.0640625 0.01484375
0 0.34765625 0.5953125 0.0546875 0.0125
0 0.3203125 0.45546875 0.04765625 0.0125
0 0.7234375 0.471875 0.06015625 0.0109375
0 0.63125 0.4015625 0.04765625 0.03203125
0 0.4921875 0.478125 0.0859375 0.025
0 0.37265625 0.44609375 0.02109375 0.0234375
0 0.34765625 0.6046875 0.0890625 0.02265625
0 0.3875 0.44453125 0.0125 0.0203125
0 0.64765625 0.24609375 0.0328125 0.03203125
0 0.6984375 0.2703125 0.02734375 0.040625
0 0.653125 0.38984375 0.01875 0.015625
0 0.6671875 0.3140625 0.01875 0.0203125
0 0.83046875 0.65234375 0.0390625 0.01953125
0 0.8234375 0.42265625 0.01875 0.0109375
0 0.89453125 0.41953125 0.0234375 0.00859375
0 0.13359375 0.42265625 0.02265625 0.02578125
0 0.10625 0.27109375 0.06640625 0.025
0 0.42890625 0.56171875 0.0640625 0.0109375