0 0.5078125 0.1328125 0.04765625 0.0359375
0 0.06015625 0.58046875 0.05 0.0265625
0 0.7171875 0.159375 0.0484375 0.034375
0 0.684375 0.49609375 0.05625 0.040625
0 0.96953125 0.8375 0.0609375 0.04375
0 0.06328125 0.60703125 0.05390625 0.02734375
0 0.96640625 0.46015625 0.0625 0.0390625
0 0.3609375 0.13046875 0.07265625 0.0390625
0 0.4265625 0.4625 0.04765625 0.0703125
0 0.6828125 0.3109375 0.0921875 0.01484375
0 0.96328125 0.29453125 0.02734375 0.04453125
0 0.8234375 0.1140625 0.0734375 0.02265625
0 0.540625 0.5703125 0.04140625 0.0609375
0 0.87578125 0.60546875 0.05390625 0.03125
0 0.6265625 0.60625 0.04375 0.0390625
0 0.9859375 0.49296875 0.0234375 0.07109375
0 0.2640625 0.12265625 0.03984375 0.01640625
0 0.196875 0.26796875 0.02109375 0.01875
0 0.296875 0.315625 0.03359375 0.01484375
0 0.28984375 0.28203125 0.02734375 0.03984375
0 0.2515625 0.13046875 0.0359375 0.0140625
0 0.2734375 0.28984375 0.01640625 0.03203125
0 0.3765625 0.14453125 0.04765625 0.025
0 0.4359375 0.15546875 0.0421875 0.01484375
0 0.4484375 0.321875 0.01875 0.0234375
0 0.47578125 0.303125 0.01875 0.02421875
0 0.71640625 0.296875 0.05 0.0109375
0 0.9234375 0.2640625 0.0296875 0.0109375
0 0.2578125 0.48203125 0.02265625 0.0125
0 0.2078125 0.5734375 0.0109375 0.00703125
0 0.184375 0.46015625 0.0109375 0.00703125
0 0.3640625 0.390625 0.02734375 0.01875
0 0.36875 0.6421875 0.0125 0.009375
0 0.4421875 0.49609375 0.025 0.01484375
0 0.49296875 0.5765625 0.00859375 0.00625
0 0.51171875 0.6109375 0.02109375 0.03515625
0 0.34375 0.40625 0.0171875 0.03046875
0 0.59453125 0.403125 0.01875 0.02578125
0 0.5296875 0.62734375 0.01484375 0.0328125
0 0.6640625 0.58203125 0.05234375 0.02421875
0 0.53984375 0.49765625 0.0375 0.046875
0 0.60625 0.4328125 0.03984375 0.01015625
0 0.32734375 0.40546875 0.0328125 0.0484375
0 0.6078125 0.44140625 0.03515625 0.00546875
0 0.9359375 0.6046875 0.0546875 0.015625
0 0.8890625 0.63125 0.07109375 0.01171875
0 0.68203125 0.5953125 0.0265625 0.009375
0 0.81484375 0.61015625 0.03515625 0.009375
0 0.04609375 0.7875 0.025 0.0125
0 0.2015625 0.671875 0.0328125 0.0203125
0 0.6015625 0.790625 0.01484375 0.00703125
0 0.60859375 0.6875 0.0171875 0.01015625
0 0.6078125 0.728125 0.0125 0.0125
0 0.584375 0.8421875 0.01875 0.0109375
0 0.66953125 0.3015625 0.0453125 0.0109375
0 0.93984375 0.29921875 0.03984375 0.03515625
0 0.39765625 0.4546875 0.0140625 0.03515625