0 0.40234375 0.7890625 0.09375 0.07421875
0 0.04453125 0.66484375 0.0890625 0.09375
1 0.8671875 0.71796875 0.1671875 0.1484375
0 0.21171875 0.6546875 0.09140625 0.05
0 0.67109375 0.6359375 0.1328125 0.09296875
0 0.4578125 0.38046875 0.0765625 0.0515625
0 0.55 0.82265625 0.09765625 0.05390625
0 0.6671875 0.41484375 0.0796875 0.0640625
0 0.4328125 0.59296875 0.1109375 0.0546875
0 0.0296875 0.7421875 0.05859375 0.04375
0 0.5921875 0.4015625 0.04609375 0.0359375
0 0.365625 0.25 0.03515625 0.0375
0 0.27109375 0.478125 0.04375 0.0421875
0 0.6359375 0.68203125 0.0796875 0.0484375
0 0.07265625 0.78515625 0.0828125 0.03671875
0 0.77265625 0.60546875 0.06015625 0.03359375
0 0.56875 0.34453125 0.04765625 0.0359375
0 0.2484375 0.29140625 0.0328125 0.04609375
0 0.51953125 0.284375 0.05625 0.0390625
0 0.2953125 0.1453125 0.05859375 0.040625
1 0.3203125 0.8390625 0.1203125 0.0703125
0 0.4203125 0.278125 0.0453125 0.03671875
0 0.54296875 0.603125 0.1265625 0.0640625
0 0.2578125 0.73671875 0.17265625 0.05703125
0 0.59453125 0.5375 0.06015625 0.0359375
0 0.51015625 0.49375 0.05 0.0359375
0 0.54765625 0.259375 0.0515625 0.0390625
0 0.42109375 0.3796875 0.0484375 0.02734375
0 0.4984375 0.86171875 0.0734375 0.02890625
0 0.2453125 0.69453125 0.1171875 0.03359375
0 0.63671875 0.8046875 0.0703125 0.046875
0 0.2578125 0.2484375 0.0609375 0.0421875
0 0.6390625 0.6484375 0.05390625 0.028125
0 0.5640625 0.23984375 0.1140625 0.0390625
0 0.40390625 0.14296875 0.0515625 0.03828125
0 0.1890625 0.2421875 0.0265625 0.0203125
0 0.1359375 0.1984375 0.025 0.021875
0 0.084375 0.1640625 0.0265625 0.034375
0 0.25078125 0.1640625 0.04140625 0.0125
0 0.65078125 0.76875 0.0375 0.0265625
0 0.475 0.70390625 0.01640625 0.01328125
0 0.54609375 0.73828125 0.02734375 0.0125
0 0.453125 0.70078125 0.01875 0.0140625
0 0.6953125 0.77265625 0.0171875 0.0125
0 0.3578125 0.53203125 0.0328125 0.0234375
0 0.33671875 0.27109375 0.02265625 0.02421875
0 0.54375 0.36953125 0.0390625 0.0296875
0 0.703125 0.31328125 0.025 0.0453125
0 0.48203125 0.29453125 0.02265625 0.01796875
0 0.6171875 0.30234375 0.025 0.03359375
1 0.7265625 0.14921875 0.03984375 0.028125
0 0.65859375 0.2671875 0.0421875 0.01796875
0 0.6625 0.36796875 0.0234375 0.034375
0 0.6328125 0.16875 0.01875 0.01484375
0 0.45 0.14921875 0.02265625 0.015625
0 0.5875 0.16328125 0.02265625 0.01875
0 0.4953125 0.1546875 0.0265625 0.0203125
0 0.78046875 0.47109375 0.0375 0.03203125
0 0.73671875 0.4296875 0.03515625 0.0296875
1 0.778125 0.1578125 0.0390625 0.0265625
0 0.77421875 0.17734375 0.00625 0.0078125
0 0.6265625 0.63828125 0.0140625 0.00546875
0 0.29765625 0.7171875 0.0265625 0.01328125
0 0.259375 0.690625 0.02109375 0.00859375
0 0.4296875 0.14375 0.04140625 0.0421875
0 0.5328125 0.1296875 0.0296875 0.01015625
0 0.5984375 0.3234375 0.0421875 0.03125
0 0.76953125 0.36328125 0.02265625 0.04296875
0 0.8796875 0.86171875 0.0703125 0.03828125
1 0.85703125 0.8390625 0.18359375 0.084375
0 0.690625 0.76171875 0.01484375 0.009375
0 0.16171875 0.859375 0.0390625 0.025