0 0.1140625 0.43203125 0.09765625 0.06953125
0 0.27265625 0.1546875 0.1234375 0.07578125
1 0.21640625 0.7796875 0.1953125 0.12265625
0 0.2890625 0.28671875 0.06484375 0.06796875
0 0.321875 0.63125 0.12109375 0.09765625
0 0.65859375 0.46640625 0.0671875 0.05625
0 0.07109375 0.54296875 0.0703125 0.07265625
0 0.6171875 0.62421875 0.08359375 0.059375
0 0.375 0.45078125 0.0703125 0.0828125
0 0.16875 0.15 0.0578125 0.04609375
0 0.6328125 0.5671875 0.04609375 0.03359375
0 0.1328125 0.06484375 0.04375 0.03828125
0 0.8296875 0.39453125 0.05 0.025
0 0.0609375 0.08671875 0.0453125 0.0375
0 0.525 0.32734375 0.0546875 0.03203125
0 0.2609375 0.60546875 0.0640625 0.059375
0 0.1125 0.184375 0.04765625 0.0609375
0 0.3640625 0.70625 0.04375 0.04375
0 0.7078125 0.5484375 0.04609375 0.034375
0 0.7734375 0.30703125 0.0609375 0.0234375
0 0.78671875 0.5109375 0.0515625 0.04140625
0 0.96796875 0.340625 0.05234375 0.04296875
1 0.0453125 0.37109375 0.090625 0.0890625
0 0.79375 0.4359375 0.04765625 0.0328125
0 0.3640625 0.534375 0.0828125 0.09375
0 0.18046875 0.32265625 0.0734375 0.12890625
0 0.4515625 0.57109375 0.04609375 0.04375
0 0.5078125 0.5078125 0.04609375 0.03671875
0 0.8203125 0.53125 0.0515625 0.0375
0 0.65859375 0.4390625 0.03515625 0.03671875
0 0.01875 0.50546875 0.0375 0.0546875
0 0.2359375 0.3125 0.0421875 0.0875
0 0.096875 0.6078125 0.0609375 0.0515625
0 0.8296875 0.31328125 0.0546875 0.0453125
0 0.3046875 0.60703125 0.0359375 0.040625
0 0.84765625 0.54375 0.05 0.084375
0 0.9734375 0.421875 0.05 0.0375
0 0.8375 0.26171875 0.02734375 0.01953125
0 0.8953125 0.221875 0.02890625 0.01875
0 0.9390625 0.18203125 0.04609375 0.01875
0 0.9421875 0.30703125 0.01484375 0.03125
0 0.14453125 0.61796875 0.03359375 0.028125
0 0.22734375 0.48515625 0.0171875 0.0125
0 0.1828125 0.5390625 0.01640625 0.0203125
0 0.23203125 0.46796875 0.01875 0.0140625
0 0.140625 0.6515625 0.01640625 0.0125
0 0.4546875 0.39375 0.03125 0.02421875
0 0.8015625 0.3734375 0.0328125 0.0171875
0 0.67421875 0.53046875 0.0390625 0.028125
0 0.75234375 0.64921875 0.06015625 0.01796875
0 0.7734375 0.4828125 0.0234375 0.0171875
0 0.76484375 0.584375 0.0453125 0.01796875
1 0.9703125 0.6640625 0.0359375 0.02890625
0 0.8125 0.61484375 0.02265625 0.03203125
0 0.678125 0.61953125 0.04609375 0.0171875
0 0.94375 0.59375 0.0203125 0.0140625
0 0.965625 0.45625 0.02109375 0.0171875
0 0.95 0.559375 0.025 0.0171875
0 0.96015625 0.490625 0.02734375 0.01953125
0 0.54296875 0.71015625 0.04140625 0.02734375
0 0.59765625 0.6765625 0.03984375 0.025
1 0.9609375 0.703125 0.03359375 0.02890625
0 0.93515625 0.70078125 0.01015625 0.0046875
0 0.31796875 0.59765625 0.0078125 0.01015625
0 0.2078125 0.3515625 0.0171875 0.01953125
0 0.2421875 0.32265625 0.0109375 0.015625
0 0.97265625 0.44140625 0.0546875 0.0296875
0 0.99296875 0.51796875 0.0140625 0.02265625
0 0.73671875 0.57109375 0.03984375 0.03125
0 0.68671875 0.7 0.0578125 0.015625
0 0.025 0.79140625 0.05 0.0515625
1 0.0546875 0.77421875 0.10859375 0.13671875
0 0.1546875 0.64765625 0.0125 0.0109375
0 0.01640625 0.25234375 0.0328125 0.02890625