1 0.3734375 0.703125 0.3703125 0.23515625
0 0.1890625 0.5984375 0.14375 0.06171875
0 0.76328125 0.52109375 0.0859375 0.04453125
0 0.8 0.4140625 0.09765625 0.04375
0 0.06953125 0.80078125 0.1390625 0.0890625
0 0.79921875 0.2578125 0.05625 0.028125
0 0.0921875 0.52578125 0.07265625 0.03984375
0 0.8109375 0.45703125 0.10859375 0.053125
0 0.74140625 0.43515625 0.07265625 0.03359375
0 0.16484375 0.63984375 0.0734375 0.03359375
0 0.0515625 0.3671875 0.04765625 0.0375
0 0.0515625 0.39765625 0.0609375 0.03515625
0 0.6671875 0.83203125 0.03984375 0.01953125
0 0.7140625 0.7765625 0.05234375 0.0203125
0 0.76328125 0.72109375 0.01640625 0.0109375
0 0.4640625 0.7 0.02109375 0.01328125
0 0.03359375 0.690625 0.0515625 0.0265625
0 0.0765625 0.75703125 0.03515625 0.0171875
0 0.8125 0.509375 0.03984375 0.01796875
0 0.859375 0.490625 0.0375 0.03203125
0 0.7390625 0.68125 0.05390625 0.02265625
0 0.3765625 0.49375 0.01875 0.0125
0 0.5859375 0.38515625 0.0265625 0.0109375
0 0.075 0.4 0.04375 0.02890625
0 0.003125 0.53515625 0.00625 0.01484375
0 0.2484375 0.32109375 0.0234375 0.00859375
0 0.7640625 0.28828125 0.0421875 0.02109375
0 0.9265625 0.1859375 0.0265625 0.01328125
0 0.73046875 0.3453125 0.0328125 0.01171875
0 0.1390625 0.26640625 0.01875 0.00625
1 0.25234375 0.7984375 0.14375 0.04765625
1 0.3625 0.56484375 0.1234375 0.04609375
1 0.47421875 0.46953125 0.3390625 0.225
1 0.5859375 0.37265625 0.12890625 0.040625
1 0.48671875 0.6046875 0.1484375 0.0484375