0 0.6578125 0.55390625 0.1546875 0.115625
0 0.34765625 0.73828125 0.0796875 0.0703125
0 0.23125 0.8015625 0.07734375 0.05234375
0 0.41015625 0.8015625 0.1046875 0.0984375
0 0.8890625 0.13984375 0.0515625 0.04140625
0 0.19296875 0.38515625 0.04140625 0.03125
0 0.4609375 0.3734375 0.0515625 0.103125
0 0.8671875 0.0203125 0.05 0.040625
0 0.50390625 0.40078125 0.025 0.078125
1 0.92578125 0.7421875 0.1484375 0.3703125
0 0.26875 0.2765625 0.03515625 0.0234375
0 0.2625 0.19140625 0.02734375 0.034375
0 0.25 0.43515625 0.03515625 0.02734375
0 0.52890625 0.45703125 0.01484375 0.01484375
0 0.00390625 0.46171875 0.0078125 0.01328125
0 0.0046875 0.53125 0.00859375 0.01328125
0 0.0046875 0.57265625 0.00859375 0.0109375
0 0.3359375 0.62890625 0.01015625 0.009375
0 0.2890625 0.60078125 0.01015625 0.009375
0 0.3203125 0.63671875 0.0109375 0.00546875
0 0.3203125 0.63125 0.01015625 0.0046875
0 0.97578125 0.3265625 0.01875 0.0140625