1 0.2296875 0.80703125 0.23984375 0.1890625
0 0.9328125 0.78359375 0.1328125 0.1515625
0 0.8296875 0.34375 0.19609375 0.115625
0 0.5859375 0.76640625 0.07109375 0.05234375
0 0.2921875 0.159375 0.12890625 0.07109375
0 0.88984375 0.11484375 0.1078125 0.09453125
0 0.4765625 0.15390625 0.07890625 0.065625
0 0.5890625 0.69609375 0.0734375 0.053125
0 0.6609375 0.36796875 0.10234375 0.075
0 0.4421875 0.41484375 0.05859375 0.07421875
0 0.5640625 0.17265625 0.0609375 0.0640625
1 0.40234375 0.375 0.13515625 0.21171875
0 0.28046875 0.70234375 0.06640625 0.06640625
0 0.47734375 0.309375 0.03984375 0.0671875
0 0.05859375 0.11796875 0.0421875 0.0234375
0 0.665625 0.83515625 0.1484375 0.07109375
0 0.70546875 0.6296875 0.05390625 0.0484375
0 0.7046875 0.2625 0.14765625 0.04609375
0 0.65703125 0.55546875 0.0984375 0.05703125
0 0.059375 0.6015625 0.1015625 0.05
1 0.97578125 0.40703125 0.0484375 0.1296875
0 0.7546875 0.75703125 0.11875 0.0828125
0 0.6796875 0.61875 0.10390625 0.07890625
0 0.74140625 0.89296875 0.16015625 0.0546875
0 0.72109375 0.40078125 0.1046875 0.0578125
0 0.9734375 0.24375 0.05234375 0.1515625
0 0.7296875 0.4515625 0.1015625 0.05546875
0 0.434375 0.31171875 0.01640625 0.0203125
0 0.8296875 0.5390625 0.02890625 0.01796875
0 0.7578125 0.68828125 0.10859375 0.05234375
0 0.7328125 0.503125 0.10390625 0.0484375
0 0.5359375 0.54609375 0.02265625 0.01796875
0 0.4984375 0.4640625 0.05234375 0.03828125
0 0.6578125 0.3359375 0.10390625 0.0765625
0 0.0609375 0.571875 0.1078125 0.04375
0 0.46796875 0.5953125 0.03125 0.01484375