1 0.24453125 0.8140625 0.2484375 0.19609375
0 0.9375 0.77109375 0.125 0.15546875
0 0.821875 0.33515625 0.2015625 0.1203125
0 0.5984375 0.7640625 0.0734375 0.0546875
0 0.2765625 0.16484375 0.1328125 0.075
0 0.871875 0.1046875 0.1109375 0.09765625
0 0.4609375 0.1546875 0.08125 0.0671875
0 0.5984375 0.69375 0.0765625 0.05546875
0 0.6546875 0.3640625 0.10625 0.078125
0 0.43828125 0.41640625 0.0625 0.07578125
0 0.54921875 0.17109375 0.0640625 0.065625
1 0.396875 0.37734375 0.1453125 0.215625
0 0.28984375 0.7078125 0.06875 0.06875
0 0.46875 0.31015625 0.0421875 0.06875
0 0.04140625 0.1296875 0.04375 0.02421875
0 0.68125 0.83046875 0.15234375 0.075
0 0.7109375 0.62421875 0.05625 0.05
0 0.69375 0.2578125 0.15 0.05
0 0.659375 0.55078125 0.1015625 0.06015625
0 0.0640625 0.6125 0.10390625 0.05234375
1 0.971875 0.3953125 0.05390625 0.13046875
0 0.76640625 0.75 0.12265625 0.08515625
0 0.68515625 0.6140625 0.1078125 0.08125
0 0.759375 0.88671875 0.1625 0.0578125
0 0.71640625 0.3953125 0.1078125 0.0609375
0 0.9609375 0.23125 0.06015625 0.153125
0 0.7265625 0.4453125 0.10390625 0.0578125
0 0.42578125 0.3140625 0.0171875 0.0203125
0 0.83125 0.53125 0.0296875 0.01875
0 0.7671875 0.68125 0.1109375 0.05546875
0 0.7328125 0.496875 0.10625 0.0515625
0 0.5375 0.5453125 0.0234375 0.01875
0 0.49609375 0.4640625 0.05390625 0.0390625
0 0.65078125 0.33203125 0.1078125 0.0796875
0 0.0640625 0.58359375 0.11015625 0.046875
0 0.47265625 0.596875 0.0328125 0.015625