0 0.475 0.50859375 0.09609375 0.08125
0 0.39609375 0.48203125 0.06015625 0.053125
0 0.1703125 0.603125 0.05 0.0359375
0 0.7640625 0.6234375 0.0390625 0.05234375
0 0.2 0.79453125 0.04609375 0.0328125
0 0.8765625 0.5203125 0.03359375 0.0484375
0 0.2859375 0.3015625 0.0390625 0.0296875
0 0.29453125 0.14921875 0.03515625 0.0328125
0 0.24609375 0.165625 0.0171875 0.0140625
0 0.2265625 0.3046875 0.02890625 0.04140625
0 0.34453125 0.27109375 0.01875 0.0171875
0 0.49609375 0.15625 0.03359375 0.0328125
0 0.421875 0.253125 0.0421875 0.021875
0 0.41640625 0.1515625 0.03125 0.0390625
0 0.5953125 0.21015625 0.02734375 0.01875
0 0.6609375 0.27890625 0.03515625 0.03203125
0 0.62109375 0.184375 0.0234375 0.0234375
0 0.66328125 0.23125 0.03515625 0.03359375
0 0.5390625 0.2046875 0.0125 0.0171875
0 0.4625 0.29921875 0.02109375 0.01875
0 0.5890625 0.33046875 0.0359375 0.034375
0 0.55234375 0.2078125 0.0109375 0.01796875
0 0.4015625 0.2140625 0.01015625 0.01796875
0 0.6921875 0.3078125 0.0546875 0.0234375
0 0.3140625 0.43984375 0.0328125 0.0234375
0 0.25625 0.36328125 0.0171875 0.01953125
0 0.246875 0.6328125 0.02890625 0.01796875
0 0.2796875 0.5125 0.025 0.03828125
0 0.2984375 0.34453125 0.0265625 0.03359375
0 0.2875 0.57421875 0.0265625 0.04375
0 0.26171875 0.61875 0.0359375 0.01953125
0 0.2390625 0.36328125 0.01875 0.0140625
0 0.23515625 0.61484375 0.0234375 0.0171875
0 0.2640625 0.46953125 0.0171875 0.01796875
0 0.2375 0.37578125 0.0203125 0.0140625
0 0.2203125 0.38515625 0.0140625 0.01015625
0 0.27421875 0.4859375 0.0265625 0.015625
0 0.22421875 0.59453125 0.01640625 0.01484375
0 0.2703125 0.47734375 0.01875 0.01328125
0 0.284375 0.33515625 0.01875 0.025
0 0.6265625 0.353125 0.04140625 0.034375
0 0.6046875 0.61875 0.0390625 0.0296875
0 0.6515625 0.47578125 0.03359375 0.03828125
0 0.60703125 0.53671875 0.05390625 0.02265625
0 0.5453125 0.57890625 0.02109375 0.046875
0 0.4640625 0.5578125 0.02109375 0.01875
0 0.6640625 0.428125 0.01640625 0.01328125
0 0.64609375 0.6484375 0.03359375 0.028125
0 0.86953125 0.4125 0.0265625 0.02890625
0 0.8328125 0.38828125 0.0234375 0.0265625
0 0.809375 0.66796875 0.025 0.0359375
0 0.865625 0.52734375 0.0140625 0.015625
0 0.25234375 0.71953125 0.0265625 0.04296875
0 0.09609375 0.6765625 0.02109375 0.01484375
0 0.0765625 0.67109375 0.0234375 0.025
0 0.10625 0.84140625 0.02109375 0.040625
0 0.23828125 0.77734375 0.0203125 0.046875
0 0.59765625 0.73203125 0.0328125 0.02421875
0 0.6328125 0.8265625 0.0359375 0.02734375
0 0.79765625 0.8703125 0.0546875 0.0265625
0 0.92421875 0.7765625 0.0234375 0.03828125
0 0.3453125 0.446875 0.01875 0.01953125
0 0.353125 0.4421875 0.0125 0.0140625
0 0.2796875 0.515625 0.01015625 0.009375
0 0.2421875 0.5953125 0.02265625 0.025
0 0.2640625 0.59140625 0.025 0.0296875
0 0.24453125 0.5953125 0.0109375 0.0109375
0 0.24453125 0.63359375 0.0078125 0.00625
0 0.253125 0.71640625 0.00859375 0.00859375
0 0.2359375 0.78515625 0.0125 0.0109375
0 0.53984375 0.57109375 0.01015625 0.009375
0 0.778125 0.625 0.0078125 0.01328125
0 0.39296875 0.21171875 0.01015625 0.00859375
0 0.47265625 0.30078125 0.01640625 0.0140625