1 0.1359375 0.53359375 0.271875 0.2265625
0 0.115625 0.10625 0.0890625 0.06953125
0 0.09609375 0.4 0.0984375 0.04609375
0 0.93359375 0.440625 0.08359375 0.06015625
0 0.35234375 0.7078125 0.06640625 0.046875
0 0.6265625 0.83515625 0.0625 0.0390625
0 0.915625 0.27890625 0.08515625 0.0546875
0 0.37578125 0.2546875 0.0640625 0.046875
0 0.6609375 0.86171875 0.06015625 0.04140625
0 0.9625 0.54140625 0.06640625 0.0453125
0 0.20546875 0.55 0.0578125 0.05
0 0.26875 0.659375 0.06875 0.04765625
0 0.48828125 0.4359375 0.06484375 0.04765625
0 0.8953125 0.59921875 0.0640625 0.0453125
0 0.35234375 0.87734375 0.0765625 0.05078125
0 0.29453125 0.14921875 0.04609375 0.034375
0 0.4515625 0.2046875 0.05390625 0.05546875
0 0.08671875 0.5703125 0.06640625 0.046875
0 0.5359375 0.43515625 0.03984375 0.040625
0 0.50390625 0.20546875 0.0625 0.0421875
0 0.76640625 0.2 0.05234375 0.0390625
0 0.80625 0.30078125 0.04765625 0.03203125
0 0.6953125 0.44140625 0.0375 0.03828125
0 0.92265625 0.484375 0.05625 0.06015625
0 0.81953125 0.5984375 0.0578125 0.04609375
0 0.1859375 0.1015625 0.025 0.01328125
0 0.36953125 0.315625 0.0296875 0.02265625
0 0.39140625 0.2953125 0.0296875 0.021875
0 0.66171875 0.32265625 0.0546875 0.02265625
0 0.665625 0.18828125 0.0390625 0.025
0 0.3890625 0.47265625 0.0328125 0.015625
0 0.478125 0.58046875 0.025 0.01875
0 0.43671875 0.57578125 0.0328125 0.01484375
0 0.40859375 0.48984375 0.03515625 0.015625
0 0.98359375 0.34140625 0.02265625 0.02421875
0 0.85546875 0.565625 0.0359375 0.034375
0 0.0578125 0.92734375 0.02734375 0.01953125
0 0.49453125 0.73046875 0.0203125 0.015625
0 0.97265625 0.6625 0.02734375 0.021875
0 0.9921875 0.8453125 0.01484375 0.01484375
0 0.6734375 0.7109375 0.02109375 0.015625
0 0.93515625 0.6625 0.025 0.0203125
0 0.9765625 0.69296875 0.0375 0.03203125
0 0.9671875 0.690625 0.0140625 0.015625
0 0.996875 0.48046875 0.00625 0.03125
0 0.90859375 0.82421875 0.0359375 0.03125