0 0.57265625 0.20703125 0.0765625 0.059375
1 0.790625 0.35546875 0.41875 0.3609375
0 0.8328125 0.27734375 0.04375 0.03828125
0 0.5546875 0.2625 0.1375 0.109375
0 0.5859375 0.52734375 0.02890625 0.04765625
0 0.0703125 0.8296875 0.0234375 0.02265625
0 0.0578125 0.8203125 0.0125 0.0109375
0 0.0203125 0.76640625 0.0203125 0.01875
0 0.17265625 0.8296875 0.01875 0.0171875
0 0.04921875 0.86875 0.025 0.0125
0 0.1890625 0.74765625 0.02265625 0.0125
0 0.1421875 0.56171875 0.0390625 0.02265625
0 0.175 0.60234375 0.0265625 0.0171875
0 0.1765625 0.5671875 0.02265625 0.01484375
0 0.1265625 0.52890625 0.0375 0.0328125
0 0.1296875 0.53828125 0.02265625 0.01875
0 0.2078125 0.428125 0.0203125 0.0125
0 0.19921875 0.57890625 0.0125 0.01328125
0 0.20390625 0.240625 0.0234375 0.01484375
0 0.0734375 0.221875 0.025 0.015625
0 0.58828125 0.69375 0.0296875 0.02421875
0 0.6328125 0.72109375 0.0265625 0.02421875
0 0.6421875 0.77421875 0.03359375 0.03125
0 0.6234375 0.7671875 0.01875 0.01953125
0 0.61796875 0.70859375 0.0203125 0.015625
0 0.56796875 0.71796875 0.01015625 0.00859375
0 0.71640625 0.459375 0.03125 0.0234375
0 0.3671875 0.55234375 0.00859375 0.0078125
0 0.6296875 0.16328125 0.0265625 0.01953125
0 0.56328125 0.24765625 0.02265625 0.01953125
0 0.7484375 0.54609375 0.0296875 0.021875
0 0.7640625 0.53125 0.02109375 0.015625
0 0.72109375 0.55078125 0.0265625 0.01875
0 0.91796875 0.484375 0.025 0.0203125
0 0.76484375 0.2125 0.0265625 0.01875
0 0.7265625 0.35078125 0.03125 0.0234375
0 0.084375 0.790625 0.0078125 0.0078125
0 0.07578125 0.7953125 0.0078125 0.00625
0 0.0734375 0.8015625 0.0078125 0.00625
0 0.0765625 0.80625 0.0078125 0.00625
0 0.08359375 0.81015625 0.00859375 0.00625
0 0.43671875 0.27734375 0.0125 0.009375
0 0.61796875 0.203125 0.0359375 0.0328125
0 0.75234375 0.18828125 0.0171875 0.0125
0 0.6234375 0.4328125 0.0109375 0.0078125
1 0.95625 0.1890625 0.0875 0.04609375
1 0.7609375 0.6578125 0.47734375 0.35625
1 0.7375 0.825 0.46640625 0.09921875
0 0.1359375 0.57421875 0.0125 0.009375