1 0.26875 0.72734375 0.2421875 0.2265625
1 0.3140625 0.56328125 0.2609375 0.20390625
0 0.7421875 0.33515625 0.0828125 0.0640625
0 0.1328125 0.4234375 0.07890625 0.0453125
0 0.63515625 0.31015625 0.06015625 0.059375
0 0.44453125 0.39609375 0.04375 0.05859375
0 0.73359375 0.47734375 0.0546875 0.05
1 0.359375 0.74921875 0.1734375 0.1359375
0 0.65 0.5359375 0.0546875 0.075
1 0.44453125 0.6 0.10859375 0.09609375
0 0.2984375 0.34609375 0.06640625 0.203125
0 0.2953125 0.0390625 0.0390625 0.040625
0 0.79296875 0.334375 0.0515625 0.06484375
0 0.2171875 0.39375 0.03359375 0.06328125
0 0.45703125 0.540625 0.05390625 0.04765625
0 0.76796875 0.2796875 0.05859375 0.0609375
0 0.3453125 0.3796875 0.02734375 0.07109375
0 0.9671875 0.27578125 0.0625 0.05703125
0 0.75234375 0.55390625 0.05390625 0.05859375
0 0.36484375 0.31796875 0.02734375 0.10625
0 0.11484375 0.159375 0.0203125 0.0203125
0 0.1265625 0.00234375 0.0171875 0.0046875
0 0.4328125 0.175 0.025 0.0171875
0 0.40859375 0.1875 0.0203125 0.0109375
0 0.8390625 0.21875 0.025 0.0265625
0 0.79609375 0.2078125 0.0203125 0.0203125
0 0.7796875 0.2078125 0.0125 0.009375
0 0.8890625 0.30625 0.0078125 0.00625
0 0.3796875 0.55 0.0328125 0.025
0 0.34453125 0.54609375 0.02109375 0.0140625
0 0.4078125 0.54921875 0.0203125 0.0171875
0 0.525 0.42421875 0.02265625 0.05
0 0.4453125 0.57890625 0.01875 0.01875
0 0.83046875 0.42421875 0.03359375 0.02265625
0 0.7109375 0.515625 0.03984375 0.02734375
0 0.8890625 0.43671875 0.0265625 0.0328125
0 0.83828125 0.44375 0.03125 0.01953125
0 0.784375 0.4875 0.01875 0.015625
0 0.72265625 0.5359375 0.02265625 0.01796875
0 0.9171875 0.4578125 0.0109375 0.00859375
0 0.8703125 0.54609375 0.0109375 0.01328125
0 0.8734375 0.5375 0.00859375 0.01015625
0 0.98515625 0.50078125 0.02734375 0.02421875
0 0.41328125 0.77265625 0.01875 0.015625
0 0.971875 0.74140625 0.03125 0.01953125
0 0.98828125 0.69140625 0.02109375 0.0296875
0 0.85859375 0.67265625 0.01015625 0.0109375
0 0.25234375 0.265625 0.0421875 0.20078125
0 0.23828125 0.203125 0.01015625 0.0234375
0 0.7703125 0.27265625 0.01875 0.01484375
0 0.78359375 0.29375 0.0109375 0.0125
0 0.77265625 0.34140625 0.0125 0.0109375
0 0.97578125 0.375 0.00625 0.0140625
0 0.8796875 0.2296875 0.0046875 0.00625
0 0.6921875 0.7015625 0.0140625 0.01796875
0 0.428125 0.7828125 0.0078125 0.0171875
1 0.3890625 0.7640625 0.06015625 0.05234375
1 0.25390625 0.69765625 0.11875 0.09375
1 0.471875 0.590625 0.04140625 0.04609375
1 0.4140625 0.540625 0.05 0.078125