1 0.23203125 0.29609375 0.3328125 0.2125
1 0.44296875 0.353125 0.3046875 0.22265625
0 0.68359375 0.703125 0.09609375 0.0703125
0 0.6515625 0.2375 0.0703125 0.06484375
0 0.73125 0.6265625 0.0859375 0.05234375
0 0.64453125 0.4734375 0.0828125 0.040625
0 0.496875 0.67734375 0.0734375 0.04765625
1 0.190625 0.3609375 0.20390625 0.1484375
0 0.43125 0.60625 0.10625 0.0515625
1 0.37578125 0.44453125 0.14140625 0.09375
0 0.73046875 0.37109375 0.2765625 0.078125
0 0.6765625 0.740625 0.0921875 0.046875
0 0.6796875 0.30390625 0.0875 0.03359375
0 0.45234375 0.4625 0.0703125 0.046875
0 0.75390625 0.7296875 0.0890625 0.05234375
0 0.68046875 0.4015625 0.09765625 0.0296875
0 0.73046875 0.87890625 0.08359375 0.0546875
0 0.39453125 0.68046875 0.08359375 0.04765625
0 0.75859375 0.425 0.14375 0.0359375
0 0.99375 0.2609375 0.0125 0.01796875
0 0.93828125 0.49453125 0.0265625 0.0203125
0 0.92421875 0.47578125 0.0171875 0.0171875
0 0.8234375 0.79140625 0.0390625 0.02265625
0 0.84453125 0.7609375 0.0296875 0.01796875
0 0.846875 0.7484375 0.0140625 0.01015625
0 0.70078125 0.815625 0.01015625 0.00625
0 0.4515625 0.40390625 0.0375 0.028125
0 0.4609375 0.378125 0.02109375 0.01796875
0 0.4484375 0.42421875 0.025 0.0171875
0 0.596875 0.52890625 0.06875 0.0234375
0 0.40390625 0.44765625 0.02734375 0.0171875
0 0.55390625 0.75625 0.03515625 0.028125
0 0.44921875 0.6546875 0.04140625 0.03359375
0 0.52890625 0.7984375 0.04765625 0.02421875
0 0.52734375 0.759375 0.0296875 0.0265625
0 0.4765625 0.71328125 0.0234375 0.015625
0 0.421875 0.6609375 0.0265625 0.01875
0 0.49765625 0.815625 0.0125 0.009375
0 0.38671875 0.76875 0.01875 0.01015625
0 0.3984375 0.77265625 0.01484375 0.0078125
0 0.43203125 0.8609375 0.0359375 0.0234375
0 0.153125 0.39765625 0.0234375 0.015625
0 0.11640625 0.8171875 0.0296875 0.0265625
0 0.1796875 0.83671875 0.0421875 0.01953125
0 0.2234375 0.74296875 0.01640625 0.009375
0 0.84296875 0.3484375 0.27109375 0.059375
0 0.928125 0.34609375 0.0328125 0.01015625
0 0.76171875 0.73203125 0.02265625 0.015625
0 0.7328125 0.73984375 0.0171875 0.01015625
0 0.67109375 0.725 0.01640625 0.0109375
0 0.5984375 0.87109375 0.0203125 0.00625
0 0.80390625 0.81953125 0.00859375 0.0046875
0 0.2078125 0.61484375 0.025 0.01328125
0 0.13671875 0.40703125 0.0234375 0.0078125
1 0.1671875 0.38046875 0.07734375 0.0515625
1 0.2734375 0.2890625 0.13984375 0.1015625
1 0.384375 0.46640625 0.06640625 0.03671875
1 0.45859375 0.4296875 0.11015625 0.04765625