1 0.3078125 0.746875 0.27734375 0.246875
1 0.3265625 0.5796875 0.2921875 0.2265625
0 0.7140625 0.3140625 0.0921875 0.07109375
0 0.1234375 0.4578125 0.08515625 0.0515625
0 0.603125 0.29921875 0.06875 0.0640625
0 0.428125 0.4015625 0.05234375 0.06171875
0 0.728125 0.45625 0.0625 0.0546875
1 0.40078125 0.76015625 0.1953125 0.1515625
0 0.6546875 0.521875 0.06640625 0.0796875
1 0.4609375 0.60390625 0.1234375 0.10546875
0 0.275 0.36640625 0.0984375 0.2078125
0 0.22265625 0.0609375 0.0453125 0.04296875
0 0.7640625 0.30859375 0.0609375 0.06875
0 0.2015625 0.4203125 0.04375 0.065625
0 0.4640625 0.54375 0.0609375 0.05234375
0 0.73046875 0.25625 0.06875 0.065625
0 0.3265625 0.39453125 0.0390625 0.0734375
0 0.92734375 0.234375 0.07109375 0.06328125
0 0.759375 0.53046875 0.0625 0.06328125
0 0.3359375 0.33125 0.0453125 0.1078125
0 0.0625 0.196875 0.0234375 0.02265625
0 0.0484375 0.040625 0.01875 0.00625
0 0.3796875 0.1828125 0.02734375 0.01875
0 0.35859375 0.1984375 0.02109375 0.01328125
0 0.790625 0.18984375 0.02890625 0.028125
0 0.746875 0.1828125 0.0234375 0.02265625
0 0.73046875 0.184375 0.0140625 0.01015625
0 0.8546875 0.27265625 0.00859375 0.0078125
0 0.3890625 0.5609375 0.0359375 0.028125
0 0.353125 0.56015625 0.0234375 0.015625
0 0.41640625 0.55703125 0.02265625 0.01875
0 0.5125 0.421875 0.0296875 0.0515625
0 0.4578125 0.5828125 0.02109375 0.0203125
0 0.815625 0.39453125 0.0375 0.025
0 0.7125 0.496875 0.04375 0.03125
0 0.8765625 0.4015625 0.03125 0.034375
0 0.8265625 0.41328125 0.03359375 0.02265625
0 0.7796875 0.46171875 0.02109375 0.01796875
0 0.7265625 0.51484375 0.025 0.01953125
0 0.90703125 0.41953125 0.0125 0.009375
0 0.87578125 0.5125 0.0140625 0.0140625
0 0.8765625 0.503125 0.01015625 0.0109375
0 0.98125 0.45625 0.03125 0.0265625
0 0.4578125 0.778125 0.02109375 0.01796875
0 0.99453125 0.6953125 0.0109375 0.021875
0 0.88359375 0.63828125 0.0109375 0.0125
0 0.21640625 0.28984375 0.075 0.20390625
0 0.1921875 0.22890625 0.0140625 0.02421875
0 0.73125 0.25 0.02109375 0.0171875
0 0.7484375 0.26875 0.0140625 0.01328125
0 0.74453125 0.3171875 0.0140625 0.0125
0 0.9515625 0.33203125 0.00859375 0.0140625
0 0.8328125 0.196875 0.00625 0.00625
0 0.7234375 0.68203125 0.01640625 0.01875
0 0.47421875 0.7875 0.01015625 0.01796875
1 0.4328125 0.77265625 0.0671875 0.05703125
1 0.2875 0.71875 0.1328125 0.10390625
1 0.48671875 0.5921875 0.0484375 0.05
1 0.42109375 0.54765625 0.0625 0.08203125