0 0.0796875 0.23828125 0.06640625 0.0359375
0 0.1453125 0.6046875 0.0421875 0.04375
0 0.76484375 0.8109375 0.05 0.0375
0 0.64296875 0.8140625 0.07109375 0.0609375
0 0.86640625 0.33515625 0.0578125 0.0390625
0 0.90234375 0.65390625 0.0625 0.0359375
0 0.5453125 0.7171875 0.05859375 0.04140625
0 0.559375 0.39140625 0.0484375 0.0296875
0 0.80234375 0.87578125 0.0421875 0.0328125
0 0.58359375 0.66640625 0.03984375 0.0359375
1 0.31015625 0.35625 0.07734375 0.06015625
0 0.84296875 0.91796875 0.04375 0.0328125
0 0.35390625 0.50390625 0.0328125 0.05234375
0 0.3765625 0.6015625 0.0328125 0.06953125
1 0.02421875 0.46015625 0.0484375 0.05234375
0 0.965625 0.9546875 0.04609375 0.0375
0 0.25546875 0.23359375 0.01640625 0.01875
0 0.31796875 0.25703125 0.02890625 0.015625
0 0.271875 0.22109375 0.01875 0.034375
0 0.00546875 0.30703125 0.0109375 0.04609375
0 0.4046875 0.30078125 0.0296875 0.0171875
0 0.86796875 0.3234375 0.05625 0.015625
0 0.0078125 0.3359375 0.0109375 0.01796875
0 0.4640625 0.36796875 0.03125 0.01796875
0 0.62265625 0.484375 0.0375 0.0296875
0 0.4890625 0.4609375 0.0328125 0.01953125
0 0.5546875 0.46328125 0.0234375 0.028125
0 0.58671875 0.48671875 0.0234375 0.0296875
0 0.7234375 0.51640625 0.0390625 0.0296875
0 0.7359375 0.41875 0.02265625 0.015625
0 0.971875 0.40625 0.03359375 0.01796875
0 0.753125 0.56640625 0.04375 0.01796875
0 0.79765625 0.64375 0.0375 0.02890625
0 0.88671875 0.36015625 0.0109375 0.00859375
0 0.00703125 0.875 0.0140625 0.015625
0 0.64453125 0.72265625 0.0390625 0.0296875
0 0.7265625 0.7 0.02734375 0.0203125
0 0.01953125 0.47578125 0.0234375 0.015625
0 0.7546875 0.540625 0.0359375 0.03125
0 0.8625 0.62265625 0.03515625 0.0328125
0 0.96171875 0.69140625 0.0390625 0.02890625
0 0.3015625 0.6859375 0.0140625 0.02265625