0 0.9203125 0.76171875 0.06640625 0.0359375
0 0.8546875 0.3953125 0.0421875 0.04375
0 0.23515625 0.1890625 0.05 0.0375
0 0.35703125 0.1859375 0.07109375 0.0609375
0 0.13359375 0.66484375 0.0578125 0.0390625
0 0.09765625 0.34609375 0.0625 0.0359375
0 0.4546875 0.2828125 0.05859375 0.04140625
0 0.440625 0.60859375 0.0484375 0.0296875
0 0.19765625 0.12421875 0.0421875 0.0328125
0 0.41640625 0.33359375 0.03984375 0.0359375
1 0.68984375 0.64375 0.07734375 0.06015625
0 0.15703125 0.08203125 0.04375 0.0328125
0 0.64609375 0.49609375 0.0328125 0.05234375
0 0.6234375 0.3984375 0.0328125 0.06953125
1 0.97578125 0.53984375 0.0484375 0.05234375
0 0.034375 0.0453125 0.04609375 0.0375
0 0.74453125 0.76640625 0.01640625 0.01875
0 0.68203125 0.74296875 0.02890625 0.015625
0 0.728125 0.77890625 0.01875 0.034375
0 0.99453125 0.69296875 0.0109375 0.04609375
0 0.5953125 0.69921875 0.0296875 0.0171875
0 0.13203125 0.6765625 0.05625 0.015625
0 0.9921875 0.6640625 0.0109375 0.01796875
0 0.5359375 0.63203125 0.03125 0.01796875
0 0.37734375 0.515625 0.0375 0.0296875
0 0.5109375 0.5390625 0.0328125 0.01953125
0 0.4453125 0.53671875 0.0234375 0.028125
0 0.41328125 0.51328125 0.0234375 0.0296875
0 0.2765625 0.48359375 0.0390625 0.0296875
0 0.2640625 0.58125 0.02265625 0.015625
0 0.028125 0.59375 0.03359375 0.01796875
0 0.246875 0.43359375 0.04375 0.01796875
0 0.20234375 0.35625 0.0375 0.02890625
0 0.11328125 0.63984375 0.0109375 0.00859375
0 0.99296875 0.125 0.0140625 0.015625
0 0.35546875 0.27734375 0.0390625 0.0296875
0 0.2734375 0.3 0.02734375 0.0203125
0 0.98046875 0.52421875 0.0234375 0.015625
0 0.2453125 0.459375 0.0359375 0.03125
0 0.1375 0.37734375 0.03515625 0.0328125
0 0.03828125 0.30859375 0.0390625 0.02890625
0 0.6984375 0.3140625 0.0140625 0.02265625