0 0.3828125 0.49609375 0.10859375 0.1078125
0 0.2140625 0.3984375 0.07109375 0.05390625
0 0.27890625 0.4359375 0.0640625 0.096875
0 0.3828125 0.38671875 0.0421875 0.05390625
0 0.12734375 0.28671875 0.11015625 0.096875
0 0.36171875 0.46171875 0.0953125 0.08046875
0 0.49609375 0.46953125 0.10390625 0.11328125
0 0.1109375 0.15234375 0.0625 0.0265625
0 0.571875 0.44609375 0.07109375 0.084375
0 0.8859375 0.30859375 0.0453125 0.03125
0 0.6125 0.44140625 0.0796875 0.08828125
0 0.47578125 0.40390625 0.08125 0.14140625
0 0.19921875 0.28671875 0.04609375 0.075
0 0.2296875 0.26953125 0.04609375 0.034375
0 0.24140625 0.3015625 0.0546875 0.0421875
0 0.4359375 0.49140625 0.03515625 0.04375
1 0.240625 0.35859375 0.0953125 0.07109375
0 0.04375 0.1421875 0.0296875 0.02265625
0 0.03515625 0.13359375 0.03125 0.01953125
0 0.29765625 0.21015625 0.01640625 0.01953125
0 0.3015625 0.24921875 0.01484375 0.015625
0 0.32890625 0.215625 0.0203125 0.01953125
0 0.33359375 0.2671875 0.0203125 0.01953125
0 0.48828125 0.30078125 0.0125 0.01484375
0 0.33515625 0.31875 0.01640625 0.015625
0 0.4140625 0.17265625 0.0234375 0.03359375
0 0.3125 0.25 0.0125 0.0140625
0 0.4625 0.1734375 0.00859375 0.00625
0 0.8765625 0.28984375 0.025 0.01328125
0 0.24375 0.5015625 0.0203125 0.0203125
0 0.3421875 0.6453125 0.0140625 0.0171875
0 0.6359375 0.6296875 0.02734375 0.0203125
0 0.65546875 0.6453125 0.025 0.015625
0 0.5453125 0.49453125 0.0265625 0.0296875
0 0.44140625 0.4140625 0.01484375 0.0140625
0 0.43984375 0.5078125 0.0359375 0.02890625
0 0.48046875 0.6484375 0.01484375 0.01328125
0 0.4796875 0.634375 0.0171875 0.0140625
0 0.43671875 0.48828125 0.0328125 0.03828125
0 0.49765625 0.65390625 0.01484375 0.01328125
0 0.5375 0.46953125 0.01640625 0.0140625
0 0.328125 0.36171875 0.01875 0.015625
0 0.50078125 0.56328125 0.01875 0.01328125
0 0.36328125 0.62578125 0.025 0.01875
0 0.425 0.55625 0.01640625 0.0109375
0 0.65078125 0.56875 0.01875 0.01328125
0 0.33125 0.3484375 0.0171875 0.01484375
0 0.45703125 0.56015625 0.0140625 0.0125
0 0.3734375 0.6171875 0.01875 0.01484375
0 0.48671875 0.559375 0.01640625 0.0109375
0 0.44140625 0.56328125 0.01484375 0.01015625
0 0.34140625 0.34453125 0.025 0.0265625
0 0.559375 0.3796875 0.02265625 0.0171875
0 0.7078125 0.396875 0.0421875 0.03125
0 0.85546875 0.57109375 0.0328125 0.02265625
0 0.8203125 0.33671875 0.03984375 0.03203125
0 0.7890625 0.3515625 0.0375 0.03125
0 0.71796875 0.578125 0.0171875 0.01328125
0 0.7421875 0.51015625 0.0171875 0.01875
0 0.82734375 0.5828125 0.01875 0.01875
0 0.6703125 0.41015625 0.0265625 0.02421875
0 0.68515625 0.63671875 0.0125 0.01015625
0 0.8859375 0.5640625 0.02109375 0.0171875
0 0.6796875 0.4171875 0.0375 0.0328125
0 0.10859375 0.8015625 0.04140625 0.02890625
0 0.03125 0.72734375 0.025 0.0296875
0 0.3484375 0.71875 0.0234375 0.0171875
0 0.4359375 0.7703125 0.0390625 0.02890625
0 0.375 0.778125 0.0359375 0.02890625
0 0.4890625 0.71484375 0.025 0.01953125
0 0.503125 0.66796875 0.0140625 0.0140625
0 0.59296875 0.74609375 0.01640625 0.0109375
0 0.72734375 0.7171875 0.0171875 0.01484375
0 0.8125 0.7546875 0.0203125 0.01484375
0 0.48515625 0.5515625 0.01640625 0.0109375
0 0.66171875 0.56875 0.00859375 0.0109375
0 0.6484375 0.4421875 0.01484375 0.0296875
0 0.6890625 0.440625 0.04765625 0.0328125
0 0.2609375 0.35390625 0.0125 0.01328125
0 0.1984375 0.45 0.0125 0.00859375
1 0.19296875 0.4609375 0.0984375 0.07421875
0 0.028125 0.65234375 0.03359375 0.0421875