0 0.48671875 0.5875 0.1375 0.075
0 0.3453125 0.70703125 0.06640625 0.05
0 0.39921875 0.66171875 0.125 0.04140625
0 0.34140625 0.5796875 0.06875 0.028125
0 0.19140625 0.7640625 0.12265625 0.07578125
0 0.43984375 0.60078125 0.1015625 0.06640625
0 0.459375 0.50078125 0.1453125 0.0703125
0 0.01328125 0.7671875 0.0265625 0.0453125
0 0.43359375 0.4421875 0.10859375 0.04765625
0 0.27265625 0.19765625 0.0390625 0.03203125
0 0.43046875 0.41171875 0.1125 0.0546875
0 0.3703125 0.51171875 0.18515625 0.0515625
0 0.1953125 0.71015625 0.09765625 0.0296875
0 0.175 0.68671875 0.04375 0.0328125
0 0.21796875 0.6796875 0.05234375 0.03828125
0 0.48359375 0.54765625 0.05625 0.0234375
1 0.29453125 0.684375 0.0890625 0.06640625
0 0.003125 0.81640625 0.00625 0.021875
0 0.10078125 0.63125 0.025 0.0109375
0 0.153125 0.63125 0.0203125 0.01015625
0 0.1109375 0.60859375 0.025 0.0140625
0 0.1796875 0.60859375 0.025 0.0140625
0 0.23515625 0.49453125 0.01875 0.00859375
0 0.2484375 0.6109375 0.0203125 0.0109375
0 0.05859375 0.54140625 0.04375 0.015625
0 0.1546875 0.62265625 0.0171875 0.00859375
0 0.0640625 0.50546875 0.00859375 0.00625
0 0.24765625 0.203125 0.01640625 0.01796875
0 0.48359375 0.6921875 0.0265625 0.0140625
0 0.6828125 0.62890625 0.02109375 0.009375
0 0.68125 0.4078125 0.0265625 0.01953125
0 0.7046875 0.39375 0.0203125 0.01796875
0 0.49609375 0.465625 0.0390625 0.01796875
0 0.38203125 0.53828125 0.0171875 0.01015625
0 0.50625 0.5453125 0.0359375 0.025
0 0.69609375 0.525 0.01640625 0.01015625
0 0.6765625 0.525 0.0171875 0.0125
0 0.4796875 0.54609375 0.0484375 0.021875
0 0.70390625 0.5125 0.01640625 0.01015625
0 0.46171875 0.4703125 0.0171875 0.0109375
0 0.3046875 0.61953125 0.0203125 0.01328125
0 0.58359375 0.50390625 0.01640625 0.01328125
0 0.6578125 0.6109375 0.0234375 0.01796875
0 0.56875 0.56015625 0.0140625 0.0109375
0 0.6015625 0.3921875 0.01640625 0.01328125
0 0.2875 0.615625 0.01875 0.0125
0 0.5765625 0.53671875 0.01484375 0.009375
0 0.64609375 0.603125 0.01875 0.01328125
0 0.57734375 0.5140625 0.0140625 0.0109375
0 0.5796875 0.5484375 0.0125 0.01015625
0 0.2828125 0.6078125 0.03359375 0.0171875
0 0.34375 0.446875 0.02109375 0.015625
0 0.37734375 0.33671875 0.0390625 0.0296875
0 0.61953125 0.23828125 0.02734375 0.0234375
0 0.30546875 0.2484375 0.03984375 0.028125
0 0.32265625 0.27265625 0.0390625 0.0265625
0 0.61875 0.34140625 0.01640625 0.0125
0 0.5296875 0.31953125 0.0234375 0.0125
0 0.6328125 0.2609375 0.0234375 0.01328125
0 0.3921875 0.36640625 0.03125 0.01796875
0 0.69453125 0.37109375 0.0125 0.00859375
0 0.6125 0.215625 0.02109375 0.01484375
0 0.40234375 0.359375 0.04140625 0.0265625
0 0.8734375 0.8140625 0.0359375 0.02890625
0 0.7703125 0.8671875 0.0390625 0.0171875
0 0.7796875 0.62890625 0.02109375 0.0171875
0 0.85390625 0.5671875 0.0359375 0.02734375
0 0.8609375 0.61328125 0.0359375 0.025
0 0.784375 0.52265625 0.025 0.01796875
0 0.7234375 0.509375 0.0171875 0.009375
0 0.83359375 0.44765625 0.0140625 0.0109375
0 0.80390625 0.34453125 0.01875 0.0125
0 0.86015625 0.28359375 0.01875 0.0140625
0 0.5671875 0.51484375 0.0140625 0.0109375
0 0.603125 0.38359375 0.01484375 0.00546875
0 0.43359375 0.384375 0.0390625 0.009375
0 0.434375 0.3546875 0.04140625 0.03359375
0 0.2890625 0.66875 0.01640625 0.00859375
0 0.41328125 0.721875 0.01015625 0.00859375
1 0.4265625 0.72734375 0.0921875 0.06953125
0 0.6703125 0.8640625 0.05390625 0.02265625
0 0.02265625 0.8734375 0.025 0.0046875