0 0.38359375 0.48984375 0.1 0.103125
0 0.22421875 0.38359375 0.06640625 0.05
0 0.28515625 0.42421875 0.0546875 0.09375
0 0.39375 0.38046875 0.0375 0.0515625
0 0.1484375 0.26796875 0.1015625 0.0921875
0 0.365625 0.4546875 0.0890625 0.07578125
0 0.49921875 0.46953125 0.09375 0.10859375
0 0.14375 0.1328125 0.06015625 0.0234375
0 0.5765625 0.45 0.0640625 0.08203125
0 0.90234375 0.32890625 0.0421875 0.02890625
0 0.6171875 0.44765625 0.07265625 0.084375
0 0.484375 0.403125 0.06875 0.1390625
0 0.2203125 0.27109375 0.03984375 0.0734375
0 0.2515625 0.25625 0.04375 0.0328125
0 0.2609375 0.28828125 0.0515625 0.0390625
0 0.43671875 0.4875 0.03125 0.0421875
1 0.2546875 0.3453125 0.0890625 0.06640625
0 0.078125 0.11953125 0.02890625 0.0203125
0 0.0703125 0.11015625 0.0296875 0.01796875
0 0.325 0.2 0.01484375 0.01875
0 0.325 0.2390625 0.0140625 0.01484375
0 0.35546875 0.2078125 0.01875 0.01875
0 0.35546875 0.259375 0.01875 0.01875
0 0.50703125 0.30078125 0.0109375 0.0140625
0 0.35234375 0.3109375 0.01484375 0.01484375
0 0.44453125 0.16875 0.02109375 0.0328125
0 0.3359375 0.240625 0.0109375 0.01328125
0 0.49296875 0.17265625 0.00859375 0.00625
0 0.8953125 0.31015625 0.0234375 0.0125
0 0.24453125 0.4875 0.01875 0.01953125
0 0.32890625 0.63671875 0.0125 0.015625
0 0.6234375 0.6359375 0.0265625 0.01953125
0 0.6421875 0.65390625 0.0234375 0.01484375
0 0.5453125 0.496875 0.0234375 0.02890625
0 0.44921875 0.4109375 0.0140625 0.01328125
0 0.4390625 0.5046875 0.03359375 0.02734375
0 0.4671875 0.64765625 0.0140625 0.0125
0 0.4671875 0.6328125 0.01640625 0.01328125
0 0.43828125 0.48515625 0.02890625 0.03671875
0 0.4828125 0.653125 0.0140625 0.0125
0 0.53984375 0.47109375 0.01484375 0.01328125
0 0.34140625 0.353125 0.0171875 0.01484375
0 0.4953125 0.56328125 0.0171875 0.0125
0 0.3515625 0.61796875 0.0234375 0.01796875
0 0.4203125 0.5515625 0.01484375 0.01015625
0 0.64375 0.57578125 0.0171875 0.0125
0 0.3453125 0.340625 0.01640625 0.0140625
0 0.4515625 0.5578125 0.0125 0.0109375
0 0.3625 0.61015625 0.0171875 0.0140625
0 0.48125 0.55859375 0.01484375 0.01015625
0 0.4359375 0.559375 0.0140625 0.009375
0 0.35625 0.33671875 0.02265625 0.025
0 0.5703125 0.3828125 0.02109375 0.015625
0 0.7171875 0.4078125 0.03984375 0.02890625
0 0.8484375 0.58984375 0.03125 0.0203125
0 0.83515625 0.35390625 0.0375 0.0296875
0 0.80234375 0.36640625 0.03515625 0.02890625
0 0.7109375 0.5890625 0.01640625 0.0125
0 0.740625 0.52265625 0.01640625 0.01796875
0 0.81875 0.59921875 0.0171875 0.01796875
0 0.678125 0.41953125 0.0234375 0.0234375
0 0.671875 0.64609375 0.0109375 0.009375
0 0.87890625 0.584375 0.0203125 0.015625
0 0.6875 0.4265625 0.03515625 0.03125
0 0.08203125 0.78046875 0.0390625 0.02734375
0 0.0109375 0.70234375 0.021875 0.0296875
0 0.32890625 0.71015625 0.02265625 0.015625
0 0.4109375 0.765625 0.0359375 0.02734375
0 0.34921875 0.77109375 0.03359375 0.02734375
0 0.46953125 0.71328125 0.0234375 0.01875
0 0.4875 0.66796875 0.0125 0.01328125
0 0.5703125 0.75078125 0.01484375 0.01015625
0 0.70703125 0.728125 0.01640625 0.0140625
0 0.78828125 0.7703125 0.01875 0.0140625
0 0.4796875 0.55078125 0.01484375 0.01015625
0 0.6546875 0.57734375 0.0078125 0.0109375
0 0.65390625 0.45 0.0125 0.02890625
0 0.69375 0.45078125 0.0453125 0.03125
0 0.27578125 0.34140625 0.0109375 0.0125
0 0.2046875 0.434375 0.0109375 0.0078125
1 0.19765625 0.4453125 0.0921875 0.06953125
0 0.01484375 0.62734375 0.0296875 0.040625
0 0.003125 0.14140625 0.00625 0.01875