0 0.36953125 0.0390625 0.08203125 0.07109375
0 0.634375 0.11640625 0.0765625 0.1359375
0 0.79453125 0.2125 0.04609375 0.0859375
0 0.75234375 0.28203125 0.0515625 0.10390625
0 0.68828125 0.3375 0.07421875 0.07890625
0 0.44375 0.2 0.04375 0.0859375
0 0.515625 0.40390625 0.05390625 0.09296875
0 0.26953125 0.40703125 0.05625 0.09296875
0 0.3625 0.61953125 0.07421875 0.13203125
0 0.54375 0.725 0.071875 0.0859375
0 0.6984375 0.79453125 0.05625 0.07890625
0 0.8015625 0.5890625 0.0515625 0.12109375
0 0.75859375 0.94296875 0.05625 0.09296875
0 0.60625 0.9609375 0.04375 0.07109375
0 0.44453125 0.9625 0.05859375 0.075
0 0.28828125 0.95703125 0.0796875 0.0859375
0 0.2140625 0.74609375 0.03828125 0.11796875
0 0.64453125 0.55859375 0.05625 0.0890625
0 0.1875 0.0984375 0.0125 0.1140625
0 0.8359375 0.025 0.02578125 0.05