0 0.0359375 0.175 0.06171875 0.0859375
0 0.03203125 0.35 0.0640625 0.1140625
0 0.03828125 0.4640625 0.06171875 0.07109375
0 0.04453125 0.79140625 0.06640625 0.075
0 0.14453125 0.6640625 0.0921875 0.1109375
0 0.2296875 0.3 0.09453125 0.10390625
0 0.30390625 0.08046875 0.05859375 0.0609375
0 0.35234375 0.14140625 0.071875 0.06796875
0 0.38984375 0.23203125 0.05390625 0.1
0 0.28359375 0.56796875 0.05859375 0.05703125
0 0.43046875 0.475 0.0640625 0.07109375
0 0.42578125 0.81796875 0.0640625 0.075
0 0.58046875 0.69453125 0.0921875 0.1
0 0.6625 0.44609375 0.05859375 0.09609375
0 0.71796875 0.23359375 0.05390625 0.075
0 0.57421875 0.08359375 0.084375 0.06796875
0 0.8296875 0.15390625 0.06640625 0.075
0 0.9015625 0.025 0.06640625 0.05
0 0.9640625 0.30546875 0.071875 0.1109375
0 0.8421875 0.36796875 0.06171875 0.05703125
0 0.83984375 0.59140625 0.06640625 0.07890625
0 0.84140625 0.8109375 0.09765625 0.10703125
0 0.97890625 0.68046875 0.0421875 0.0890625
0 0.97578125 0.47890625 0.0484375 0.1140625
0 0.66640625 0.90703125 0.084375 0.05
0 0.54765625 0.3 0.06171875 0.075
0 0.2015625 0.92109375 0.08203125 0.0140625
0 0.1625 0.01640625 0.05625 0.03203125