0 0.66171875 0.9375 0.084375 0.0859375
0 0.39453125 0.9015625 0.0875 0.14609375
0 0.2296875 0.82890625 0.0515625 0.0890625
0 0.265625 0.75390625 0.05859375 0.10703125
0 0.32421875 0.6890625 0.0796875 0.0890625
0 0.578125 0.7890625 0.0484375 0.0890625
0 0.4921875 0.5984375 0.05859375 0.1
0 0.7359375 0.55859375 0.06171875 0.1
0 0.6265625 0.3609375 0.084375 0.14296875
0 0.43984375 0.28203125 0.0765625 0.09609375
0 0.28046875 0.2359375 0.06171875 0.0859375
0 0.19375 0.45546875 0.05859375 0.125
0 0.20625 0.09609375 0.06171875 0.09609375
0 0.35859375 0.05546875 0.04609375 0.07109375
0 0.51640625 0.03359375 0.0640625 0.0671875
0 0.67578125 0.03046875 0.084375 0.0609375
0 0.76640625 0.2140625 0.04609375 0.125
0 0.3515625 0.4625 0.06171875 0.09609375
0 0.84140625 0.85390625 0.0203125 0.1140625