1 0.3625 0.49921875 0.24375 0.24375
0 0.2453125 0.875 0.0859375 0.0609375
0 0.40078125 0.840625 0.09140625 0.06875
0 0.7796875 0.66328125 0.0875 0.078125
0 0.63046875 0.71953125 0.05390625 0.078125
1 0.571875 0.225 0.10625 0.0875
0 0.80546875 0.628125 0.07734375 0.0453125
0 0.6078125 0.6421875 0.0546875 0.0484375
0 0.6234375 0.48671875 0.05234375 0.03359375
1 0.603125 0.334375 0.05390625 0.04375
1 0.62890625 0.1578125 0.2140625 0.11328125
0 0.41640625 0.67265625 0.0546875 0.0296875
0 0.39765625 0.71015625 0.0625 0.0390625
1 0.51953125 0.47265625 0.13359375 0.2
1 0.54609375 0.525 0.13125 0.09765625
0 0.6671875 0.6453125 0.08359375 0.0328125
1 0.6734375 0.2890625 0.05234375 0.04296875
0 0.25703125 0.7359375 0.0640625 0.028125
1 0.44609375 0.5296875 0.14609375 0.16640625
0 0.359375 0.7015625 0.0609375 0.0546875
0 0.11796875 0.68515625 0.025 0.03203125
0 0.22109375 0.7203125 0.02109375 0.03125
0 0.29296875 0.7546875 0.05390625 0.028125
0 0.2078125 0.63203125 0.0203125 0.03125
0 0.1296875 0.634375 0.02265625 0.01953125
0 0.08359375 0.640625 0.02265625 0.009375
0 0.25859375 0.61328125 0.01875 0.0140625
0 0.19453125 0.59296875 0.0171875 0.01484375
0 0.27421875 0.62421875 0.025 0.009375
0 0.0859375 0.209375 0.03984375 0.0265625
0 0.16875 0.17265625 0.01875 0.0125
0 0.44609375 0.6515625 0.05 0.021875
0 0.49921875 0.74765625 0.0140625 0.009375
0 0.59453125 0.74921875 0.0203125 0.01953125
0 0.73046875 0.64609375 0.02109375 0.01875
0 0.33828125 0.73359375 0.01484375 0.0125
0 0.61171875 0.85 0.02890625 0.0140625
0 0.45 0.66484375 0.0515625 0.02421875
0 0.5796875 0.4640625 0.03359375 0.02421875
0 0.6328125 0.25703125 0.0375 0.034375
0 0.56015625 0.365625 0.04140625 0.0375
0 0.57890625 0.215625 0.01875 0.009375
0 0.309375 0.26015625 0.0171875 0.0125
0 0.91640625 0.5984375 0.02109375 0.01796875
0 0.83203125 0.4890625 0.0296875 0.01328125
0 0.7421875 0.46875 0.02734375 0.01015625
0 0.7015625 0.2578125 0.0390625 0.0359375
0 0.2203125 0.8171875 0.0375 0.02421875
0 0.2515625 0.8703125 0.01484375 0.0125
0 0.17421875 0.90546875 0.0328125 0.00859375
0 0.103125 0.54765625 0.0109375 0.009375
0 0.18984375 0.61328125 0.025 0.0078125
0 0.30546875 0.5796875 0.01640625 0.0140625
0 0.30078125 0.6359375 0.0265625 0.009375
0 0.3 0.62890625 0.02265625 0.0078125
0 0.3703125 0.696875 0.0140625 0.009375
0 0.4109375 0.66015625 0.0296875 0.0203125
0 0.4015625 0.5546875 0.01640625 0.009375
0 0.446875 0.4390625 0.0125 0.00859375
0 0.6859375 0.6265625 0.0703125 0.0375
0 0.78125 0.6734375 0.02109375 0.0171875
0 0.78515625 0.66796875 0.0203125 0.0171875
0 0.77421875 0.678125 0.00625 0.0046875
0 0.634375 0.73828125 0.01640625 0.01796875
0 0.6609375 0.28984375 0.01015625 0.00625
0 0.5640625 0.16328125 0.0125 0.00625
0 0.6078125 0.13515625 0.02109375 0.0125