1 0.63359375 0.52421875 0.2390625 0.24140625
0 0.86015625 0.178125 0.08515625 0.06015625
0 0.6984375 0.18515625 0.08984375 0.06796875
0 0.2765625 0.29375 0.0859375 0.07734375
0 0.4390625 0.2640625 0.0515625 0.078125
1 0.34765625 0.75625 0.10390625 0.08515625
0 0.240625 0.3234375 0.0765625 0.04375
0 0.43671875 0.34296875 0.05390625 0.0484375
0 0.3765625 0.4921875 0.0515625 0.03359375
1 0.35 0.64375 0.05234375 0.04375
1 0.27265625 0.81171875 0.2125 0.1109375
0 0.63359375 0.34609375 0.0546875 0.02890625
0 0.6625 0.3125 0.0625 0.0390625
1 0.4734375 0.5234375 0.1296875 0.19921875
1 0.4625 0.4671875 0.12890625 0.09609375
0 0.38125 0.33046875 0.0828125 0.03203125
1 0.2671875 0.67578125 0.0515625 0.04296875
0 0.8078125 0.3109375 0.0625 0.02734375
1 0.5609375 0.48046875 0.14375 0.1640625
0 0.69765625 0.32734375 0.06015625 0.05390625
0 0.928125 0.38359375 0.0234375 0.03125
0 0.8375 0.33203125 0.0203125 0.03125
0 0.778125 0.28671875 0.05234375 0.02734375
0 0.82421875 0.4203125 0.01875 0.03125
0 0.9015625 0.43125 0.02265625 0.01953125
0 0.9484375 0.43359375 0.02265625 0.009375
0 0.76875 0.43046875 0.0171875 0.0140625
0 0.82578125 0.4609375 0.0171875 0.01484375
0 0.75703125 0.4171875 0.025 0.009375
0 0.81640625 0.853125 0.0390625 0.0265625
0 0.72421875 0.875 0.01875 0.0109375
0 0.5984375 0.36171875 0.05 0.021875
0 0.57421875 0.259375 0.0140625 0.009375
0 0.4828125 0.24140625 0.0203125 0.01875
0 0.31953125 0.31875 0.02109375 0.01796875
0 0.728125 0.3 0.01484375 0.0125
0 0.4953125 0.13984375 0.02890625 0.01328125
0 0.5984375 0.34765625 0.0515625 0.0234375
0 0.41171875 0.521875 0.0328125 0.0234375
0 0.296875 0.71484375 0.0359375 0.034375
0 0.4015625 0.62109375 0.04140625 0.0375
0 0.33828125 0.7640625 0.01875 0.00859375
0 0.6140625 0.765625 0.0171875 0.0125
0 0.1234375 0.33359375 0.02109375 0.0171875
0 0.1734375 0.4546875 0.0296875 0.0125
0 0.2546875 0.48984375 0.02734375 0.01015625
0 0.23203125 0.7015625 0.0390625 0.0359375
0 0.8671875 0.23828125 0.0359375 0.02421875
0 0.85234375 0.18046875 0.01484375 0.0125
0 0.9390625 0.159375 0.03125 0.00859375
0 0.9015625 0.5203125 0.0109375 0.009375
0 0.8359375 0.44140625 0.025 0.0078125
0 0.71328125 0.4546875 0.01484375 0.0140625
0 0.73515625 0.40078125 0.0265625 0.009375
0 0.7328125 0.40859375 0.02265625 0.0078125
0 0.68515625 0.3296875 0.0140625 0.009375
0 0.63515625 0.359375 0.0296875 0.01953125
0 0.61171875 0.46328125 0.01640625 0.009375
0 0.53359375 0.56796875 0.0125 0.00859375
0 0.35625 0.3453125 0.06875 0.03671875
0 0.27734375 0.2828125 0.02109375 0.015625
0 0.27265625 0.2875 0.0203125 0.015625
0 0.2859375 0.28046875 0.00625 0.0046875
0 0.43984375 0.2453125 0.01640625 0.01796875
0 0.2796875 0.67734375 0.01015625 0.00625
0 0.3359375 0.8171875 0.0125 0.00625
0 0.2859375 0.83671875 0.02109375 0.0125