1 0.51796875 0.39765625 0.3015625 0.15703125
0 0.0359375 0.2640625 0.071875 0.059375
0 0.0625 0.384375 0.0828125 0.0609375
0 0.25 0.6890625 0.0953125 0.05703125
0 0.19375 0.5703125 0.1 0.03125
1 0.8546875 0.5875 0.1046875 0.0703125
0 0.29296875 0.7125 0.0515625 0.05390625
0 0.2984375 0.56328125 0.06015625 0.0359375
0 0.50234375 0.59375 0.03984375 0.0359375
1 0.70546875 0.596875 0.05390625 0.0359375
1 0.9359375 0.6375 0.12734375 0.15
0 0.28203125 0.41640625 0.03359375 0.03828125
0 0.234375 0.3984375 0.04609375 0.04296875
1 0.53359375 0.51796875 0.2546875 0.078125
1 0.4609375 0.53125 0.11640625 0.08828125
0 0.28828125 0.60625 0.03359375 0.06015625
1 0.7578125 0.65546875 0.05234375 0.034375
0 0.2171875 0.28984375 0.0296875 0.0453125
1 0.4671875 0.45625 0.2078125 0.0921875
0 0.25078125 0.3703125 0.06640625 0.040625
0 0.3015625 0.1921875 0.03984375 0.01484375
0 0.2421875 0.265625 0.03984375 0.0125
0 0.18828125 0.31484375 0.03125 0.0375
0 0.3609375 0.265625 0.03984375 0.0109375
0 0.3671875 0.2078125 0.0234375 0.01484375
0 0.36484375 0.17265625 0.01015625 0.015625
0 0.3796875 0.30625 0.0171875 0.0125
0 0.4140625 0.2609375 0.01875 0.0109375
0 0.3640625 0.3171875 0.01015625 0.01796875
0 0.934375 0.2265625 0.03125 0.02734375
0 0.9734375 0.29296875 0.0140625 0.01328125
0 0.30703125 0.44140625 0.0234375 0.0359375
0 0.1734375 0.46953125 0.0109375 0.009375
0 0.159375 0.53984375 0.0234375 0.01328125
0 0.27890625 0.65390625 0.02265625 0.0140625
0 0.2109375 0.35078125 0.01484375 0.01015625
0 0.0234375 0.540625 0.01484375 0.0203125
0 0.28828125 0.44296875 0.0265625 0.03671875
0 0.53828125 0.56328125 0.02890625 0.02265625
0 0.8046875 0.62890625 0.0421875 0.02421875
0 0.6703125 0.5609375 0.04609375 0.02734375
0 0.86640625 0.59375 0.01015625 0.01328125
0 0.83984375 0.3875 0.01484375 0.0125
0 0.31953125 0.7984375 0.02109375 0.0140625
0 0.47421875 0.7484375 0.0140625 0.021875
0 0.51171875 0.684375 0.0109375 0.01953125
0 0.7953125 0.6796875 0.04375 0.025
0 0.115625 0.253125 0.02890625 0.025
0 0.040625 0.2703125 0.01484375 0.01015625
0 0.00390625 0.2078125 0.0078125 0.0234375
0 0.4859375 0.1984375 0.0109375 0.0078125
0 0.3875 0.2546875 0.0078125 0.01796875
0 0.41796875 0.3453125 0.0171875 0.01015625
0 0.34453125 0.334375 0.01015625 0.01875
0 0.3546875 0.33515625 0.0078125 0.015625
0 0.25546875 0.3796875 0.0109375 0.009375
0 0.29921875 0.4140625 0.0234375 0.0203125
0 0.43984375 0.4203125 0.0109375 0.0109375
0 0.5859375 0.46796875 0.01015625 0.00859375
0 0.31015625 0.6234375 0.0421875 0.0484375
0 0.2359375 0.6890625 0.0203125 0.0140625
0 0.24296875 0.6921875 0.0203125 0.01328125
0 0.23125 0.6828125 0.0046875 0.0046875
0 0.16875 0.57109375 0.02265625 0.01015625
0 0.7578125 0.64609375 0.0078125 0.00625
0 0.93671875 0.5890625 0.0078125 0.00859375
0 0.96875 0.625 0.0140625 0.01484375