0 0.4671875 0.41171875 0.0875 0.05546875
0 0.29140625 0.10546875 0.1171875 0.07890625
0 0.1796875 0.43046875 0.1265625 0.07421875
0 0.2609375 0.58828125 0.1109375 0.07109375
0 0.4265625 0.59453125 0.12734375 0.06171875
0 0.121875 0.7359375 0.19140625 0.075
0 0.07578125 0.3234375 0.10390625 0.06796875
0 0.65625 0.31875 0.08515625 0.065625
0 0.3578125 0.40390625 0.1 0.06484375
0 0.4265625 0.33671875 0.10234375 0.06640625
0 0.0640625 0.6046875 0.12734375 0.0859375
0 0.77265625 0.96796875 0.1046875 0.0640625
0 0.315625 0.33828125 0.06015625 0.0375
0 0.2921875 0.44453125 0.0765625 0.05078125
0 0.66953125 0.21484375 0.0734375 0.04609375
1 0.73984375 0.60546875 0.15859375 0.09765625
0 0.10625 0.12734375 0.12734375 0.18203125
1 0.84296875 0.64765625 0.09375 0.0578125
1 0.93515625 0.47109375 0.1296875 0.1765625
0 0.82578125 0.19609375 0.0765625 0.034375
1 0.11875 0.26953125 0.18359375 0.1015625
1 0.803125 0.5796875 0.16015625 0.09453125
1 0.6640625 0.5890625 0.15234375 0.096875
1 0.19375 0.890625 0.0765625 0.06640625
0 0.9234375 0.11328125 0.04375 0.02578125
0 0.6921875 0.58046875 0.03515625 0.0234375
0 0.7890625 0.6296875 0.0296875 0.01796875
0 0.88203125 0.584375 0.02890625 0.01640625
0 0.6765625 0.56171875 0.03984375 0.02265625
0 0.71953125 0.6125 0.025 0.01328125
0 0.34921875 0.740625 0.0359375 0.0203125
0 0.45546875 0.7859375 0.02890625 0.015625
0 0.3265625 0.85703125 0.0328125 0.015625
0 0.90078125 0.39140625 0.03984375 0.03828125
0 0.77421875 0.54375 0.0203125 0.01171875