0 0.3671875 0.521875 0.08359375 0.05859375
0 0.39609375 0.71328125 0.1109375 0.084375
0 0.6328125 0.659375 0.10625 0.07421875
0 0.6421875 0.54921875 0.0921875 0.08515625
0 0.8546875 0.75234375 0.1125 0.12734375
0 0.2359375 0.7828125 0.10234375 0.06953125
0 0.228125 0.39609375 0.0984375 0.05703125
0 0.35625 0.5953125 0.09765625 0.06640625
0 0.25546875 0.5484375 0.1 0.06796875
0 0.65703125 0.7921875 0.12890625 0.0890625
0 0.2578125 0.62265625 0.05625 0.03984375
0 0.41640625 0.6390625 0.0765625 0.05078125
0 0.071875 0.38671875 0.06875 0.04921875
1 0.65859375 0.33984375 0.14609375 0.10546875
0 0.0390625 0.7671875 0.07734375 0.07421875
1 0.721875 0.27109375 0.0859375 0.0625
1 0.45625 0.203125 0.26484375 0.09921875
0 0.0484375 0.28359375 0.0421875 0.05078125
1 0.1546875 0.75390625 0.15234375 0.12265625
1 0.61953125 0.29765625 0.14140625 0.10703125
1 0.63359375 0.390625 0.1453125 0.1015625
0 0.6203125 0.371875 0.03515625 0.0234375
0 0.6953125 0.3078125 0.02734375 0.0203125
0 0.6265625 0.2453125 0.025 0.01953125
0 0.5921875 0.3828125 0.03359375 0.0265625
0 0.66875 0.35390625 0.0203125 0.01640625
0 0.8609375 0.60078125 0.0296875 0.02421875
0 0.9296875 0.5296875 0.0234375 0.01953125
0 0.33671875 0.2328125 0.0578125 0.0265625
0 0.565625 0.3171875 0.0171875 0.01328125