0 0.45390625 0.41484375 0.0796875 0.05078125
0 0.23046875 0.121875 0.10625 0.07265625
0 0.1703125 0.453125 0.11640625 0.06640625
0 0.27578125 0.6046875 0.1015625 0.0640625
0 0.44140625 0.59921875 0.1203125 0.053125
0 0.1609375 0.7609375 0.1828125 0.0625
0 0.05 0.35390625 0.0953125 0.06171875
0 0.6265625 0.30859375 0.0765625 0.0609375
0 0.34296875 0.41484375 0.09140625 0.059375
0 0.4015625 0.34296875 0.09375 0.0609375
0 0.0796875 0.634375 0.12265625 0.07734375
0 0.8453125 0.9484375 0.09609375 0.0625
0 0.29140625 0.35234375 0.0546875 0.034375
0 0.284375 0.459375 0.06875 0.046875
0 0.6234375 0.20390625 0.0671875 0.04140625
1 0.7546875 0.5890625 0.14609375 0.0875
0 0.05 0.15703125 0.1 0.17578125
1 0.8640625 0.6234375 0.0859375 0.0515625
1 0.93828125 0.4390625 0.1234375 0.16875
0 0.7765625 0.17578125 0.07265625 0.02890625
1 0.08515625 0.29765625 0.1703125 0.08984375
1 0.8140625 0.5578125 0.14765625 0.084375
1 0.67734375 0.57734375 0.13984375 0.0875
1 0.25703125 0.909375 0.06640625 0.0625
0 0.86015625 0.0859375 0.03984375 0.0234375
0 0.7046875 0.56640625 0.03125 0.021875
0 0.8078125 0.609375 0.02734375 0.01640625
0 0.89296875 0.5578125 0.0265625 0.01484375
0 0.68515625 0.54921875 0.0375 0.0203125
0 0.7359375 0.596875 0.0234375 0.01171875
0 0.38828125 0.74921875 0.03359375 0.0171875
0 0.50078125 0.78828125 0.0265625 0.0140625
0 0.38359375 0.8671875 0.0296875 0.0140625
0 0.88125 0.3640625 0.03515625 0.0359375
0 0.99375 0.11875 0.0125 0.07109375
0 0.7796875 0.52421875 0.01875 0.0109375