1 0.5015625 0.70546875 0.3109375 0.190625
0 0.76640625 0.26328125 0.09140625 0.06875
0 0.578125 0.48515625 0.075 0.0640625
0 0.88359375 0.30390625 0.0796875 0.07265625
0 0.3703125 0.35859375 0.05625 0.04609375
0 0.52109375 0.47890625 0.0515625 0.040625
0 0.7390625 0.44296875 0.04765625 0.0484375
0 0.7140625 0.4609375 0.05 0.03671875
0 0.3265625 0.44765625 0.0484375 0.03828125
0 0.63671875 0.58515625 0.06640625 0.05078125
0 0.51953125 0.6546875 0.0875 0.0515625
0 0.48515625 0.615625 0.05234375 0.0421875
0 0.4609375 0.646875 0.0515625 0.04296875
0 0.33203125 0.803125 0.05859375 0.034375
0 0.4796875 0.49765625 0.04609375 0.034375
0 0.45625 0.68515625 0.1015625 0.0453125
0 0.45859375 0.8609375 0.06875 0.021875
0 0.58359375 0.8109375 0.08359375 0.0265625
1 0.209375 0.61640625 0.11484375 0.134375
0 0.66484375 0.62734375 0.0765625 0.0328125
1 0.190625 0.446875 0.0953125 0.06484375
0 0.9203125 0.38984375 0.0421875 0.028125
0 0.80078125 0.3796875 0.0328125 0.028125
0 0.7421875 0.5546875 0.0328125 0.021875
0 0.7609375 0.409375 0.0359375 0.025
0 0.77265625 0.64609375 0.03515625 0.0203125
0 0.75078125 0.75 0.02734375 0.01796875
0 0.8140625 0.690625 0.0328125 0.01953125
0 0.8078125 0.71484375 0.01640625 0.01015625
0 0.7265625 0.68984375 0.0265625 0.00859375
0 0.73359375 0.77734375 0.0140625 0.00859375
0 0.75 0.76171875 0.0109375 0.00546875
0 0.6765625 0.1921875 0.04609375 0.028125
0 0.51171875 0.53359375 0.04765625 0.03125
0 0.66796875 0.50546875 0.03359375 0.0234375
0 0.303125 0.4703125 0.02734375 0.0140625
0 0.365625 0.49375 0.0359375 0.0265625
0 0.5140625 0.50859375 0.04140625 0.02890625
0 0.38671875 0.5078125 0.0375 0.02734375
0 0.35546875 0.85859375 0.02890625 0.015625
0 0.40625 0.85 0.03125 0.01875
0 0.4546875 0.69453125 0.04140625 0.021875
0 0.3921875 0.69140625 0.03125 0.01796875
0 0.521875 0.6953125 0.0109375 0.009375
0 0.47578125 0.7015625 0.0109375 0.0078125
0 0.42734375 0.65703125 0.02109375 0.01875
0 0.4171875 0.675 0.0421875 0.02734375
0 0.2078125 0.46171875 0.0234375 0.01796875
0 0.1765625 0.46875 0.0203125 0.0171875
0 0.2546875 0.47890625 0.01640625 0.01328125
0 0.3171875 0.8171875 0.05 0.0234375
0 0.3578125 0.828125 0.04609375 0.03125
0 0.3546875 0.8328125 0.01640625 0.025
0 0.4671875 0.8703125 0.0234375 0.0078125
0 0.446875 0.865625 0.01640625 0.00625
0 0.56953125 0.8171875 0.01484375 0.0046875
0 0.50234375 0.70078125 0.01015625 0.00859375
0 0.51953125 0.61875 0.03359375 0.03125
0 0.58046875 0.5984375 0.125 0.09765625
0 0.64609375 0.596875 0.06640625 0.0453125
0 0.68515625 0.64453125 0.05390625 0.028125
0 0.6796875 0.61171875 0.16640625 0.06484375
0 0.79375 0.7125 0.01015625 0.00625
0 0.54765625 0.5078125 0.04609375 0.0359375
0 0.48046875 0.5734375 0.05390625 0.04765625
0 0.4765625 0.53046875 0.06484375 0.0515625
1 0.43671875 0.5265625 0.1328125 0.1515625
0 0.353125 0.51484375 0.0421875 0.034375
1 0.340625 0.525 0.0828125 0.040625
1 0.278125 0.4953125 0.15625 0.0890625
1 0.32734375 0.45546875 0.2046875 0.09765625
1 0.3171875 0.60078125 0.33125 0.22734375
0 0.340625 0.6984375 0.02265625 0.01015625
0 0.18515625 0.665625 0.0125 0.0140625
0 0.41640625 0.1625 0.0203125 0.015625
0 0.58515625 0.50703125 0.01484375 0.009375
0 0.5234375 0.48203125 0.0328125 0.0234375