1 0.23515625 0.55078125 0.25390625 0.23359375
0 0.8703125 0.63671875 0.09140625 0.06875
0 0.5375 0.553125 0.08515625 0.05625
0 0.8453125 0.73203125 0.09609375 0.06015625
0 0.6515625 0.37109375 0.0609375 0.0421875
0 0.5328125 0.51015625 0.05390625 0.03828125
0 0.63203125 0.6609375 0.06484375 0.0359375
0 0.60234375 0.64609375 0.0484375 0.0375
0 0.52578125 0.3609375 0.0515625 0.03671875
0 0.42265625 0.6203125 0.0671875 0.05
0 0.3046875 0.5515625 0.06875 0.065625
0 0.34765625 0.5171875 0.05625 0.0390625
0 0.3015625 0.5078125 0.0578125 0.03828125
0 0.0671875 0.4515625 0.04609375 0.04375
0 0.4984375 0.48515625 0.04609375 0.034375
0 0.24921875 0.51328125 0.06015625 0.07578125
0 0.02421875 0.55703125 0.02890625 0.0515625
0 0.11796875 0.63671875 0.03515625 0.06328125
1 0.2796875 0.31640625 0.17890625 0.08671875
0 0.375 0.6515625 0.04375 0.05703125
1 0.49375 0.26171875 0.0859375 0.07109375
0 0.74296875 0.7796875 0.0375 0.03203125
0 0.85703125 0.84921875 0.05390625 0.0265625
0 0.728125 0.68984375 0.0375 0.02421875
0 0.48828125 0.68984375 0.02890625 0.02421875
0 0.6796875 0.66875 0.03359375 0.02734375
0 0.3765625 0.734375 0.02734375 0.0265625
0 0.23828125 0.74296875 0.0234375 0.0203125
0 0.3296875 0.77578125 0.0265625 0.02421875
0 0.296875 0.7765625 0.0140625 0.0125
0 0.31015625 0.7109375 0.0109375 0.01953125
0 0.1984375 0.7375 0.0109375 0.01015625
0 0.22265625 0.7453125 0.0078125 0.00859375
0 0.940625 0.5546875 0.0375 0.034375
0 0.459375 0.5171875 0.04140625 0.0359375
0 0.53359375 0.6234375 0.03125 0.025
0 0.49140625 0.34921875 0.01875 0.0203125
0 0.47578125 0.40078125 0.03515625 0.02734375
0 0.4921875 0.5125 0.0390625 0.03125
0 0.46328125 0.41953125 0.0359375 0.028125
0 0.00625 0.48125 0.0125 0.021875
0 0.025 0.51640625 0.025 0.0234375
0 0.23671875 0.51328125 0.02890625 0.03125
0 0.2265625 0.46796875 0.0234375 0.0234375
0 0.25234375 0.56328125 0.0125 0.00859375
0 0.234375 0.53125 0.01015625 0.00859375
0 0.2796875 0.48515625 0.025 0.015625
0 0.2546875 0.48203125 0.0359375 0.03203125
0 0.478125 0.278125 0.0234375 0.01796875
0 0.4625 0.25703125 0.02265625 0.01484375
0 0.46796875 0.315625 0.0171875 0.0125
0 0.0453125 0.44375 0.03125 0.0375
0 0.0421875 0.47578125 0.04140625 0.034375
0 0.03515625 0.475 0.03359375 0.0125
0 0.01328125 0.565625 0.01015625 0.01796875
0 0.01484375 0.55 0.00859375 0.0125
0 0.10703125 0.62734375 0.00625 0.0109375
0 0.2421875 0.55 0.0109375 0.0078125
0 0.3515625 0.54296875 0.04140625 0.025
0 0.3921875 0.5828125 0.1296875 0.09375
0 0.41015625 0.6296875 0.06015625 0.05
0 0.3578125 0.66953125 0.0375 0.040625
0 0.39921875 0.6578125 0.0859375 0.125
0 0.29765625 0.765625 0.00859375 0.0078125
0 0.5015625 0.53671875 0.04765625 0.034375
0 0.4 0.50390625 0.0640625 0.040625
0 0.4546875 0.48984375 0.06875 0.0484375
1 0.45078125 0.4609375 0.2015625 0.09921875
0 0.4453125 0.39609375 0.04609375 0.03203125
1 0.4296875 0.38984375 0.05390625 0.06171875
1 0.45234375 0.33671875 0.11875 0.1171875
1 0.51640625 0.36328125 0.1296875 0.15390625
1 0.3265625 0.39140625 0.30234375 0.2484375
0 0.2046875 0.43125 0.0140625 0.0171875
0 0.21015625 0.31015625 0.01875 0.009375
0 0.915625 0.35703125 0.02109375 0.01484375
0 0.51171875 0.5640625 0.0125 0.0109375
0 0.52890625 0.5125 0.03125 0.02421875