1 0.77109375 0.4734375 0.2203125 0.21484375
0 0.1546875 0.33046875 0.0828125 0.0609375
0 0.47109375 0.44375 0.07734375 0.05
0 0.19453125 0.2375 0.0890625 0.05234375
0 0.32890625 0.6140625 0.0546875 0.0375
0 0.46953125 0.48671875 0.0484375 0.034375
0 0.3953125 0.32890625 0.06015625 0.0296875
0 0.421875 0.3453125 0.04375 0.03359375
0 0.4515625 0.6359375 0.04609375 0.0328125
0 0.59609375 0.3875 0.0609375 0.04375
0 0.7015625 0.46640625 0.05859375 0.0609375
0 0.6546875 0.496875 0.0515625 0.034375
0 0.6984375 0.5109375 0.05234375 0.03359375
0 0.92109375 0.58828125 0.03984375 0.040625
0 0.49921875 0.51484375 0.04140625 0.03125
0 0.75078125 0.51015625 0.0484375 0.07265625
0 0.98125 0.48671875 0.02109375 0.05
0 0.9015625 0.39921875 0.025 0.0609375
1 0.6890625 0.70234375 0.16875 0.07109375
0 0.6484375 0.36171875 0.03515625 0.0546875
1 0.4671875 0.73671875 0.0765625 0.06484375
0 0.30390625 0.20078125 0.0328125 0.02890625
0 0.20234375 0.1203125 0.05 0.021875
0 0.3046875 0.290625 0.03359375 0.021875
0 0.5421875 0.3125 0.025 0.02265625
0 0.3484375 0.31640625 0.0296875 0.02421875
0 0.6609375 0.27890625 0.0234375 0.02421875
0 0.79921875 0.2828125 0.02109375 0.01875
0 0.7140625 0.2421875 0.02265625 0.02265625
0 0.74609375 0.24375 0.0125 0.0109375
0 0.7234375 0.3078125 0.00859375 0.01875
0 0.8375 0.2921875 0.01015625 0.009375
0 0.81484375 0.28203125 0.00625 0.0078125
0 0.07109375 0.40546875 0.0328125 0.03203125
0 0.54296875 0.48671875 0.0359375 0.0328125
0 0.4859375 0.37421875 0.02734375 0.0234375
0 0.484375 0.65 0.01640625 0.01953125
0 0.5078125 0.60078125 0.03125 0.02421875
0 0.51015625 0.48828125 0.03515625 0.028125
0 0.5234375 0.58359375 0.0328125 0.025
0 0.990625 0.5640625 0.01875 0.01953125
0 0.97421875 0.52734375 0.02109375 0.021875
0 0.76328125 0.51015625 0.0234375 0.02890625
0 0.76640625 0.55703125 0.0203125 0.021875
0 0.75546875 0.46015625 0.0109375 0.0078125
0 0.76875 0.49375 0.00859375 0.0078125
0 0.71640625 0.534375 0.02265625 0.0140625
0 0.740625 0.540625 0.03125 0.02890625
0 0.4859375 0.72265625 0.02109375 0.015625
0 0.49765625 0.74453125 0.0203125 0.01328125
0 0.5015625 0.6859375 0.01640625 0.01015625
0 0.9421875 0.59765625 0.0265625 0.0359375
0 0.95078125 0.565625 0.0359375 0.03203125
0 0.9578125 0.56796875 0.0328125 0.009375
0 0.99375 0.4796875 0.0078125 0.0171875
0 0.9890625 0.49453125 0.0078125 0.0109375
0 0.9109375 0.409375 0.0046875 0.0109375
0 0.7640625 0.4734375 0.01015625 0.00625
0 0.6546875 0.47109375 0.0375 0.02265625
0 0.6203125 0.42734375 0.1171875 0.08359375
0 0.6109375 0.3796875 0.05234375 0.0453125
0 0.66875 0.34453125 0.03125 0.0375
0 0.62578125 0.35234375 0.0671875 0.11953125
0 0.74453125 0.2546875 0.0078125 0.00625
0 0.5046875 0.46328125 0.0421875 0.03125
0 0.6 0.50546875 0.05859375 0.0359375
0 0.54296875 0.5140625 0.0625 0.04296875
1 0.5421875 0.54375 0.1890625 0.0828125
0 0.53671875 0.6078125 0.0421875 0.028125
1 0.55234375 0.615625 0.0453125 0.05859375
1 0.5203125 0.66640625 0.1015625 0.10859375
1 0.46171875 0.634375 0.1078125 0.1453125
1 0.6546875 0.62421875 0.2671875 0.2265625
0 0.78203125 0.59453125 0.0109375 0.015625
0 0.75703125 0.71484375 0.0171875 0.0078125
0 0.0640625 0.60390625 0.01875 0.01328125
0 0.4984375 0.4359375 0.0109375 0.01015625
0 0.4734375 0.48515625 0.02734375 0.021875