1 0.7453125 0.490625 0.50859375 0.378125
1 0.36796875 0.50546875 0.46640625 0.3203125
0 0.7671875 0.7390625 0.1875 0.0640625
1 0.59609375 0.271875 0.5875 0.15390625
0 0.96875 0.7421875 0.0625 0.0296875
0 0.63984375 0.72890625 0.06640625 0.0453125
1 0.2015625 0.634375 0.29140625 0.12265625
0 0.6671875 0.32421875 0.02734375 0.00625
0 0.2265625 0.35234375 0.13359375 0.06328125
0 0.19453125 0.453125 0.03125 0.01953125
0 0.47421875 0.4234375 0.0390625 0.02109375
0 0.4453125 0.628125 0.03125 0.0078125
0 0.13984375 0.5703125 0.12265625 0.05703125