1 0.44140625 0.66328125 0.70390625 0.3578125
1 0.525 0.42734375 0.5875 0.2765625
0 0.046875 0.85078125 0.09375 0.05703125
0 0.03984375 0.5828125 0.0796875 0.1078125
1 0.85703125 0.6109375 0.2859375 0.334375
0 0.0703125 0.5171875 0.0828125 0.0390625
0 0.51796875 0.87265625 0.13515625 0.06015625
1 0.34609375 0.303125 0.2296875 0.16796875
0 0.0421875 0.81484375 0.0453125 0.0171875
0 0.7578125 0.63671875 0.0125 0.015625
0 0.82578125 0.38984375 0.11875 0.07734375
0 0.659375 0.34609375 0.0359375 0.01796875
0 0.63828125 0.50625 0.0390625 0.02265625
0 0.89140625 0.85234375 0.0421875 0.0421875
0 0.29375 0.43671875 0.01640625 0.01796875
0 0.4734375 0.2859375 0.10625 0.07109375