1 0.54296875 0.3671875 0.25625 0.14453125
0 0.71484375 0.59765625 0.06484375 0.0578125
0 0.3359375 0.6234375 0.0484375 0.0578125
0 0.65078125 0.55546875 0.0515625 0.03671875
0 0.77890625 0.24140625 0.03984375 0.040625
0 0.35078125 0.590625 0.06875 0.053125
1 0.06484375 0.3046875 0.07734375 0.19375
0 0.8546875 0.565625 0.0515625 0.034375
0 0.7203125 0.559375 0.0640625 0.0578125
0 0.84375 0.51796875 0.0328125 0.06015625
0 0.70625 0.4953125 0.0375 0.034375
0 0.93125 0.42421875 0.0296875 0.0625
0 0.6 0.646875 0.0453125 0.03359375
0 0.7359375 0.2625 0.0515625 0.034375
1 0.0734375 0.50078125 0.04140625 0.04765625
1 0.1296875 0.54375 0.06875 0.08515625
1 0.14296875 0.4953125 0.1203125 0.134375
0 0.16484375 0.2734375 0.025 0.0203125
0 0.1125 0.228125 0.02734375 0.0421875
0 0.0046875 0.20078125 0.00859375 0.021875
0 0.4921875 0.1890625 0.0265625 0.02421875
0 0.54609375 0.14609375 0.0203125 0.01484375
0 0.5921875 0.32578125 0.0265625 0.0125
0 0.4703125 0.1890625 0.0125 0.00625
0 0.5859375 0.1375 0.0125 0.0078125
0 0.36015625 0.25625 0.0125 0.00625
0 0.82265625 0.31953125 0.0296875 0.0203125
0 0.0453125 0.40703125 0.0421875 0.01484375
0 0.0078125 0.53671875 0.015625 0.0390625
0 0.1734375 0.34609375 0.0328125 0.0109375
0 0.02734375 0.5265625 0.025 0.01484375
0 0.0984375 0.44453125 0.01640625 0.009375
0 0.04453125 0.50390625 0.01875 0.0296875
0 0.0296875 0.5890625 0.0140625 0.00859375
0 0.025 0.42265625 0.01484375 0.0109375
0 0.17421875 0.49375 0.00859375 0.0078125
0 0.06328125 0.634375 0.01640625 0.01015625
0 0.17421875 0.3390625 0.0109375 0.0046875
0 0.25625 0.35078125 0.01484375 0.0078125
0 0.16171875 0.5 0.0109375 0.0125
0 0.4421875 0.51875 0.02109375 0.0234375
0 0.4546875 0.49609375 0.0140625 0.0265625
0 0.46796875 0.5 0.0140625 0.0234375
0 0.6640625 0.58515625 0.0421875 0.02890625
0 0.3453125 0.41640625 0.00625 0.00625
0 0.5828125 0.66328125 0.05 0.02421875
0 0.9546875 0.39140625 0.0328125 0.02890625
0 0.9265625 0.6421875 0.0359375 0.025
0 0.9578125 0.515625 0.0265625 0.015625
0 0.8203125 0.51796875 0.02265625 0.025
0 0.4359375 0.68671875 0.0359375 0.021875
0 0.48203125 0.6859375 0.0265625 0.015625
0 0.8578125 0.7171875 0.0359375 0.0265625
0 0.7140625 0.69609375 0.0296875 0.0234375
0 0.1265625 0.67109375 0.01015625 0.0078125
0 0.0828125 0.5125 0.0109375 0.01015625
1 0.14921875 0.60390625 0.04375 0.0421875
0 0.0359375 0.3609375 0.00625 0.0109375
0 0.04140625 0.34765625 0.0046875 0.01015625
0 0.0609375 0.3 0.00625 0.01328125
0 0.38125 0.25703125 0.0171875 0.00390625
0 0.3703125 0.26171875 0.05 0.00859375
0 0.33671875 0.28125 0.01015625 0.00390625
0 0.29453125 0.27578125 0.0109375 0.0046875
0 0.2828125 0.278125 0.0109375 0.00390625
0 0.2859375 0.2828125 0.0359375 0.0078125
0 0.2984375 0.2859375 0.0625 0.00859375
0 0.28125 0.290625 0.03984375 0.00859375
0 0.3265625 0.290625 0.05234375 0.01015625
0 0.3421875 0.284375 0.0171875 0.00390625
0 0.43359375 0.390625 0.0234375 0.0125
0 0.43828125 0.38359375 0.01875 0.0078125
0 0.49921875 0.3875 0.01015625 0.00546875
1 0.54609375 0.3703125 0.25234375 0.153125
1 0.625 0.37421875 0.1015625 0.1578125
0 0.73515625 0.28125 0.0296875 0.015625
0 0.33359375 0.6234375 0.0109375 0.00859375
0 0.34453125 0.58046875 0.0078125 0.0046875
0 0.6546875 0.21015625 0.02734375 0.025