1 0.321875 0.4703125 0.19765625 0.1953125
0 0.6265625 0.33671875 0.07890625 0.05
0 0.6671875 0.62109375 0.07890625 0.0375
0 0.57109375 0.3859375 0.05 0.0390625
0 0.15 0.2953125 0.0546875 0.03125
0 0.6234375 0.6109375 0.07265625 0.05234375
1 0.24765625 0.8296875 0.26015625 0.06171875
0 0.58125 0.23359375 0.04765625 0.0390625
0 0.57578125 0.33359375 0.07890625 0.0484375
0 0.51796875 0.2421875 0.0796875 0.025
0 0.48984375 0.3453125 0.04765625 0.02890625
0 0.39140625 0.178125 0.08359375 0.0234375
0 0.69375 0.42265625 0.04609375 0.034375
0 0.1796875 0.32734375 0.04765625 0.0390625
1 0.5078125 0.8203125 0.06484375 0.03203125
1 0.56484375 0.7765625 0.11484375 0.053125
1 0.5 0.7671875 0.18125 0.0921875
0 0.20390625 0.7546875 0.02734375 0.01875
0 0.14453125 0.7953125 0.05625 0.021875
0 0.11015625 0.8765625 0.02890625 0.00625
0 0.0859375 0.51171875 0.0328125 0.01953125
0 0.02734375 0.47109375 0.0203125 0.01484375
0 0.265625 0.434375 0.01640625 0.01953125
0 0.0859375 0.528125 0.00859375 0.009375
0 0.015625 0.4421875 0.01015625 0.009375
0 0.17734375 0.609375 0.00859375 0.009375
0 0.25390625 0.26171875 0.02734375 0.02265625
0 0.38359375 0.8421875 0.02109375 0.03203125
0 0.5578125 0.86796875 0.05234375 0.01328125
0 0.3 0.74765625 0.01484375 0.02421875
0 0.54375 0.85390625 0.0203125 0.01875
0 0.4328125 0.80234375 0.0125 0.0125
0 0.5140625 0.84140625 0.03984375 0.01484375
0 0.6265625 0.8515625 0.0109375 0.01015625
0 0.4046875 0.8578125 0.01484375 0.0109375
0 0.49765625 0.74453125 0.01015625 0.00625
0 0.6859375 0.825 0.0140625 0.0125
0 0.290625 0.746875 0.00625 0.00859375
0 0.3046875 0.6859375 0.01015625 0.0109375
0 0.50546875 0.753125 0.01640625 0.00859375
0 0.5265625 0.54296875 0.03125 0.015625
0 0.4953125 0.534375 0.03515625 0.01015625
0 0.50078125 0.52421875 0.03125 0.01015625
0 0.6109375 0.37578125 0.03984375 0.0328125
0 0.39140625 0.6171875 0.00859375 0.0046875
0 0.7171875 0.43515625 0.03359375 0.0375
0 0.346875 0.1609375 0.0390625 0.025
0 0.6828125 0.17734375 0.03515625 0.02734375
0 0.51328125 0.15625 0.02109375 0.01953125
0 0.51796875 0.259375 0.03359375 0.0171875
0 0.75 0.5453125 0.0296875 0.02734375
0 0.74765625 0.51015625 0.02109375 0.01953125
0 0.7828125 0.228125 0.0359375 0.02734375
0 0.7578125 0.33671875 0.03125 0.02265625
0 0.734375 0.77734375 0.01015625 0.0078125
0 0.5234375 0.8125 0.0140625 0.00859375
1 0.64453125 0.7609375 0.0578125 0.03359375
0 0.32265625 0.85 0.01484375 0.0046875
0 0.3046875 0.846875 0.0140625 0.00390625
0 0.24140625 0.8328125 0.0171875 0.0046875
0 0.17734375 0.59296875 0.0046875 0.01328125
0 0.18515625 0.6015625 0.0125 0.0375
0 0.2109375 0.62578125 0.0046875 0.0078125
0 0.2046875 0.6578125 0.00625 0.00859375
0 0.2078125 0.66640625 0.0046875 0.00859375
0 0.2140625 0.6640625 0.0109375 0.02734375
0 0.21796875 0.65546875 0.0125 0.046875
0 0.225 0.66796875 0.0125 0.0296875
0 0.22421875 0.63359375 0.01484375 0.0390625
0 0.21484375 0.62265625 0.0046875 0.01328125
0 0.3546875 0.5515625 0.01640625 0.01796875
0 0.34609375 0.5484375 0.01015625 0.0140625
0 0.35 0.50234375 0.0078125 0.0078125
1 0.3265625 0.46796875 0.20859375 0.1921875
1 0.33046875 0.40859375 0.2109375 0.07890625
0 0.2046875 0.32734375 0.02109375 0.02265625
0 0.6671875 0.62265625 0.0109375 0.00859375
0 0.61015625 0.615625 0.00625 0.00546875
0 0.1109375 0.3890625 0.03359375 0.0203125