0 0.79140625 0.6484375 0.04765625 0.0359375
1 0.17109375 0.62421875 0.1765625 0.14453125
0 0.8515625 0.5703125 0.04140625 0.0421875
0 0.68984375 0.3703125 0.0484375 0.04609375
1 0.384375 0.33984375 0.15859375 0.17109375
0 0.7640625 0.30859375 0.05234375 0.0296875
0 0.60390625 0.4453125 0.05234375 0.0390625
0 0.71015625 0.6265625 0.05234375 0.0390625
0 0.5421875 0.6328125 0.05 0.028125
0 0.93984375 0.58515625 0.0421875 0.0296875
0 0.5515625 0.44609375 0.0484375 0.04765625
0 0.76015625 0.62265625 0.05234375 0.04140625
0 0.659375 0.4640625 0.05625 0.04375
0 0.46328125 0.55078125 0.0609375 0.0328125
0 0.6265625 0.534375 0.07734375 0.0375
0 0.621875 0.35859375 0.04375 0.0328125
0 0.0765625 0.75390625 0.05234375 0.04765625
0 0.0375 0.0578125 0.03984375 0.0328125
1 0.3453125 0.325 0.08515625 0.1359375
0 0.059375 0.8046875 0.07890625 0.04140625
0 0.65859375 0.49453125 0.0671875 0.0546875
0 0.2703125 0.18984375 0.0421875 0.02734375
0 0.1765625 0.25 0.0359375 0.0265625
0 0.09765625 0.32578125 0.0375 0.0265625
0 0.33203125 0.1875 0.0734375 0.015625
0 0.2765625 0.21171875 0.0359375 0.021875
0 0.0125 0.084375 0.025 0.0375
0 0.140625 0.19609375 0.03359375 0.02890625
0 0.59375 0.25390625 0.0328125 0.03125
0 0.0328125 0.41875 0.0375 0.028125
0 0.0890625 0.35 0.0390625 0.0296875
0 0.33125 0.6234375 0.0453125 0.02421875
0 0.09921875 0.58046875 0.0359375 0.0265625
0 0.32578125 0.58359375 0.04140625 0.02734375
0 0.4546875 0.63046875 0.03125 0.021875
0 0.63671875 0.375 0.0359375 0.0265625
0 0.41328125 0.5296875 0.02109375 0.021875
0 0.62578125 0.39140625 0.02890625 0.0203125
0 0.35546875 0.66484375 0.03125 0.02421875
0 0.42890625 0.5296875 0.0125 0.009375
0 0.8890625 0.47578125 0.0359375 0.02265625
0 0.7796875 0.57109375 0.0265625 0.0265625
0 0.8359375 0.34609375 0.025 0.015625
0 0.6765625 0.51953125 0.0203125 0.01953125
0 0.82890625 0.546875 0.0296875 0.02890625
0 0.90234375 0.6484375 0.025 0.01875
0 0.709375 0.46015625 0.02890625 0.0203125
0 0.703125 0.44140625 0.0265625 0.0203125
0 0.921875 0.5375 0.0234375 0.0140625
0 0.9828125 0.615625 0.03125 0.0203125
0 0.921875 0.55234375 0.02109375 0.0140625
0 0.6953125 0.4921875 0.0265625 0.0171875
0 0.88125 0.490625 0.0203125 0.015625
0 0.9203125 0.64140625 0.0203125 0.0109375
0 0.8765625 0.6578125 0.0234375 0.0140625
0 0.8328125 0.36015625 0.0125 0.01015625
0 0.9703125 0.43828125 0.0125 0.00859375
0 0.8515625 0.6703125 0.02734375 0.0234375
0 0.99140625 0.43125 0.01640625 0.009375
0 0.7859375 0.603125 0.0109375 0.00625
0 0.61171875 0.6796875 0.0359375 0.025
0 0.6890625 0.73046875 0.03359375 0.0265625
0 0.76796875 0.72734375 0.03125 0.0234375
0 0.6984375 0.65625 0.0375 0.03125
1 0.2640625 0.4234375 0.04140625 0.03203125
1 0.2015625 0.4921875 0.08515625 0.059375
1 0.22421875 0.4734375 0.11484375 0.15625
1 0.196875 0.51171875 0.1296875 0.1125
1 0.196875 0.59296875 0.0671875 0.0796875
0 0.4375 0.53359375 0.0140625 0.009375
0 0.0140625 0.44921875 0.028125 0.0390625
0 0.3109375 0.18046875 0.01875 0.0078125
0 0.721875 0.603125 0.00625 0.00546875