0 0.6984375 0.28125 0.04765625 0.0359375
1 0.665625 0.746875 0.1921875 0.13203125
0 0.59375 0.2359375 0.05625 0.03125
0 0.3265625 0.35703125 0.0609375 0.03671875
1 0.28671875 0.58671875 0.22734375 0.11953125
0 0.2453125 0.3015625 0.03984375 0.0390625
0 0.4265625 0.421875 0.05234375 0.0390625
0 0.66796875 0.3421875 0.05234375 0.0390625
0 0.6765625 0.46796875 0.0375 0.0375
0 0.61328125 0.16953125 0.03984375 0.03203125
0 0.42890625 0.4609375 0.0640625 0.03671875
0 0.66328125 0.3046875 0.0546875 0.0390625
0 0.45234375 0.38046875 0.05859375 0.0421875
0 0.5671875 0.52734375 0.04375 0.04609375
0 0.54609375 0.40546875 0.05 0.05859375
0 0.31171875 0.40859375 0.04375 0.0328125
0 0.8375 0.81796875 0.0640625 0.0390625
1 0.2671875 0.61640625 0.18125 0.0640625
0 0.90546875 0.83125 0.0546875 0.059375
0 0.49296875 0.38046875 0.07265625 0.05078125
0 0.0875 0.67265625 0.0359375 0.03203125
0 0.1671875 0.74296875 0.03515625 0.02734375
0 0.26796875 0.80234375 0.03515625 0.028125
0 0.08359375 0.6265625 0.02109375 0.05546875
0 0.11640625 0.66796875 0.02890625 0.02734375
0 0.0953125 0.7703125 0.0390625 0.025
0 0.17265625 0.4296875 0.04140625 0.02421875
0 0.3921875 0.8515625 0.0375 0.028125
0 0.30078125 0.80859375 0.03984375 0.02890625
0 0.6640625 0.62734375 0.0328125 0.03359375
0 0.60703125 0.80078125 0.03515625 0.02734375
0 0.6109375 0.63125 0.0359375 0.03125
0 0.6734375 0.534375 0.02890625 0.0234375
0 0.3328125 0.396875 0.03515625 0.02734375
0 0.53984375 0.565625 0.02890625 0.015625
0 0.35546875 0.40546875 0.02734375 0.021875
0 0.71953125 0.60859375 0.0328125 0.0234375
0 0.5390625 0.55390625 0.0125 0.009375
0 0.46796875 0.2078125 0.0296875 0.02734375
0 0.59453125 0.28984375 0.03515625 0.01953125
0 0.2953125 0.24765625 0.02109375 0.01875
0 0.5265625 0.36796875 0.0265625 0.01484375
0 0.5625 0.253125 0.0390625 0.02265625
0 0.6984375 0.19765625 0.025 0.01875
0 0.446875 0.34296875 0.02734375 0.021875
0 0.421875 0.34765625 0.02734375 0.01953125
0 0.55 0.1828125 0.01875 0.01796875
0 0.6546875 0.13671875 0.02734375 0.0234375
0 0.5703125 0.1828125 0.01875 0.015625
0 0.4890625 0.353125 0.02265625 0.01953125
0 0.4875 0.21328125 0.02109375 0.01484375
0 0.68828125 0.184375 0.01484375 0.01484375
0 0.71015625 0.2171875 0.01875 0.01796875
0 0.3140625 0.25 0.0140625 0.009375
0 0.4171875 0.146875 0.0109375 0.009375
0 0.7265625 0.2359375 0.03125 0.0203125
0 0.4078125 0.13125 0.0125 0.0125
0 0.6375 0.28515625 0.00859375 0.00859375
0 0.7390625 0.415625 0.03359375 0.02734375
0 0.80703125 0.3578125 0.03515625 0.025
0 0.80234375 0.2984375 0.03125 0.0234375
0 0.7078125 0.3515625 0.04140625 0.028125
1 0.3984375 0.67734375 0.0421875 0.03125
1 0.4890625 0.72421875 0.07890625 0.0640625
1 0.46484375 0.70703125 0.2078125 0.08671875
1 0.515625 0.72734375 0.15 0.09765625
1 0.6234375 0.72734375 0.10625 0.05078125
0 0.5453125 0.546875 0.0125 0.01015625
0 0.4328125 0.86484375 0.0515625 0.021875
0 0.075 0.64140625 0.01015625 0.0140625
0 0.6375 0.33359375 0.0078125 0.0046875