0 0.4890625 0.11796875 0.10390625 0.06171875
1 0.30546875 0.5625 0.09765625 0.071875
0 0.80390625 0.04921875 0.0625 0.0484375
0 0.27421875 0.66171875 0.05390625 0.03125
0 0.3546875 0.06484375 0.0484375 0.03671875
0 0.7578125 0.0484375 0.06640625 0.04765625
0 0.2703125 0.10859375 0.0484375 0.03515625
1 0.5546875 0.359375 0.0875 0.0921875
0 0.8890625 0.15078125 0.0625 0.05
0 0.8015625 0.14375 0.0703125 0.046875
1 0.478125 0.48671875 0.1140625 0.07734375
1 0.3515625 0.4734375 0.10234375 0.0734375
0 0.2453125 0.3234375 0.0515625 0.02734375
0 0.3140625 0.17578125 0.0375 0.0203125
0 0.52109375 0.01015625 0.0375 0.0203125
0 0.38515625 0.26640625 0.02109375 0.01796875
0 0.91796875 0.06171875 0.0328125 0.02265625
0 0.66953125 0.0046875 0.0390625 0.009375
0 0.7828125 0.13515625 0.0296875 0.0234375
0 0.2890625 0.63203125 0.0515625 0.02890625
0 0.403125 0.409375 0.02265625 0.01640625
0 0.2921875 0.76953125 0.03359375 0.02890625
0 0.3421875 0.74921875 0.0296875 0.0171875
0 0.9875 0.525 0.025 0.1859375
0 0.23359375 0.30625 0.00859375 0.01328125
0 0.24765625 0.41640625 0.00859375 0.01484375
0 0.24140625 0.22421875 0.05234375 0.03515625
0 0.4953125 0.10234375 0.0546875 0.0265625
0 0.853125 0.13984375 0.0828125 0.07109375
1 0.56484375 0.35703125 0.16015625 0.2328125