0 0.534375 0.88125 0.10625 0.0640625
1 0.690625 0.43359375 0.1015625 0.0734375
0 0.22421875 0.95703125 0.06640625 0.04921875
0 0.715625 0.334375 0.0546875 0.03203125
0 0.67265625 0.93203125 0.0515625 0.0375
0 0.2703125 0.95703125 0.0703125 0.04921875
0 0.753125 0.88671875 0.0515625 0.03671875
1 0.4546875 0.64140625 0.0921875 0.09375
0 0.1328125 0.85703125 0.06484375 0.05078125
0 0.2203125 0.86171875 0.07265625 0.0484375
1 0.52265625 0.5125 0.1171875 0.07890625
1 0.64921875 0.5234375 0.10625 0.07421875
0 0.76484375 0.671875 0.05390625 0.028125
0 0.70546875 0.8203125 0.0390625 0.02109375
0 0.5078125 0.9890625 0.0390625 0.02109375
0 0.6296875 0.73125 0.02109375 0.01796875
0 0.109375 0.94609375 0.03359375 0.02265625
0 0.36171875 0.99609375 0.0390625 0.00703125
0 0.23984375 0.8703125 0.03125 0.02421875
0 0.7015625 0.36328125 0.05234375 0.0296875
0 0.60234375 0.58828125 0.0234375 0.0171875
0 0.69140625 0.2265625 0.03515625 0.02890625
0 0.6421875 0.24765625 0.0296875 0.01796875
0 0.0140625 0.48515625 0.028125 0.1859375
0 0.778125 0.68828125 0.01015625 0.0140625
0 0.7578125 0.578125 0.01015625 0.015625
0 0.77578125 0.7703125 0.0546875 0.0359375
0 0.5296875 0.89765625 0.05625 0.02734375
0 0.16953125 0.8671875 0.0859375 0.07265625
1 0.44375 0.64453125 0.1734375 0.234375