1 0.40390625 0.284375 0.175 0.13125
0 0.278125 0.55546875 0.07734375 0.059375
0 0.35546875 0.67734375 0.075 0.0625
0 0.4578125 0.75546875 0.0828125 0.05078125
0 0.1734375 0.63046875 0.07109375 0.08515625
0 0.596875 0.5578125 0.0796875 0.04609375
0 0.7109375 0.50234375 0.0640625 0.06484375
0 0.22265625 0.57421875 0.0640625 0.0515625
0 0.1953125 0.23359375 0.05859375 0.046875
0 0.7109375 0.728125 0.07109375 0.0609375
0 0.52890625 0.33515625 0.0515625 0.03359375
0 0.2359375 0.4234375 0.1046875 0.1265625
0 0.64140625 0.3796875 0.05859375 0.053125
1 0.1078125 0.440625 0.05390625 0.0375
0 0.5453125 0.58203125 0.0859375 0.0453125
1 0.7359375 0.2375 0.10234375 0.07421875
0 0.39453125 0.578125 0.0625 0.040625
0 0.21328125 0.321875 0.1359375 0.046875
1 0.3015625 0.3515625 0.1765625 0.121875
0 0.45234375 0.5453125 0.0640625 0.028125
0 0.8203125 0.73359375 0.05 0.03671875
0 0.578125 0.3015625 0.14140625 0.053125
0 0.49296875 0.134375 0.03515625 0.02265625
0 0.6328125 0.2875 0.0390625 0.0296875
0 0.48828125 0.225 0.0375 0.02890625
0 0.6046875 0.28671875 0.02109375 0.015625
0 0.2984375 0.24296875 0.0171875 0.0140625
0 0.4625 0.128125 0.0359375 0.009375
0 0.446875 0.22265625 0.01875 0.01484375
0 0.54609375 0.453125 0.0359375 0.02421875
0 0.4484375 0.459375 0.0296875 0.0234375
0 0.453125 0.48515625 0.0453125 0.028125
0 0.6359375 0.43984375 0.0359375 0.0265625
0 0.2796875 0.45234375 0.0390625 0.02890625
0 0.56171875 0.60234375 0.0640625 0.0234375
0 0.61484375 0.67265625 0.0359375 0.025
0 0.73828125 0.66640625 0.03984375 0.025
0 0.5515625 0.63046875 0.0609375 0.021875
0 0.475 0.85 0.0234375 0.0171875
0 0.41015625 0.63984375 0.02890625 0.0203125
0 0.03984375 0.375 0.0359375 0.03359375
0 0.07890625 0.203125 0.03515625 0.0328125
0 0.0921875 0.28359375 0.03359375 0.03125
0 0.03828125 0.18046875 0.03359375 0.0234375
0 0.09453125 0.540625 0.03359375 0.025
0 0.2359375 0.87890625 0.0328125 0.0265625
0 0.2671875 0.75234375 0.03984375 0.03203125
0 0.2953125 0.77109375 0.0390625 0.028125
0 0.12890625 0.709375 0.0328125 0.0265625
0 0.14296875 0.83671875 0.0265625 0.02265625
0 0.29296875 0.89140625 0.0765625 0.02265625
0 0.090625 0.915625 0.01484375 0.0109375
0 0.27578125 0.8140625 0.02265625 0.01484375
0 0.1734375 0.909375 0.0140625 0.00546875
0 0.7640625 0.35234375 0.0234375 0.01328125
0 0.73125 0.22578125 0.0171875 0.009375
0 0.4203125 0.271875 0.0171875 0.01484375
0 0.60234375 0.58046875 0.04375 0.01796875