1 0.2015625 0.54140625 0.15625 0.11640625
0 0.5421875 0.67265625 0.0703125 0.0515625
0 0.7140625 0.63203125 0.075 0.0484375
0 0.83125 0.5671875 0.0578125 0.05625
0 0.6265625 0.7609375 0.10625 0.04296875
0 0.5890625 0.4359375 0.0515625 0.05546875
0 0.5328125 0.34375 0.0796875 0.040625
0 0.559375 0.71640625 0.0609375 0.0421875
0 0.10546875 0.6890625 0.05625 0.03828125
0 0.83046875 0.375 0.0734375 0.04609375
0 0.28671875 0.45625 0.0390625 0.034375
0 0.36171875 0.6859375 0.15859375 0.0625
0 0.3609375 0.378125 0.06484375 0.0375
1 0.3671875 0.7828125 0.04375 0.03671875
0 0.6140625 0.478125 0.0484375 0.06015625
1 0.1859375 0.28828125 0.0875 0.06875
0 0.58828125 0.5890625 0.04609375 0.0421875
0 0.225 0.68828125 0.0453125 0.0984375
1 0.2765625 0.62734375 0.1421875 0.11796875
0 0.55234375 0.54140625 0.0296875 0.0453125
0 0.853125 0.29453125 0.0421875 0.03359375
0 0.2484375 0.4140625 0.05234375 0.1015625
0 0.015625 0.45390625 0.0265625 0.0234375
0 0.23828125 0.371875 0.0359375 0.025
0 0.13515625 0.4703125 0.03515625 0.02421875
0 0.2328125 0.3921875 0.01875 0.0140625
0 0.13203125 0.6140625 0.01640625 0.0109375
0 0.00390625 0.47578125 0.0078125 0.0265625
0 0.1265625 0.50078125 0.0171875 0.0125
0 0.44453125 0.459375 0.02890625 0.02421875
0 0.4390625 0.5328125 0.02734375 0.01953125
0 0.4734375 0.5328125 0.0328125 0.03125
0 0.4390625 0.390625 0.03125 0.02421875
0 0.40625 0.65703125 0.03515625 0.025
0 0.64375 0.46796875 0.02265625 0.04609375
0 0.74375 0.43828125 0.0296875 0.02421875
0 0.753125 0.34609375 0.02890625 0.02734375
0 0.6796875 0.48046875 0.02109375 0.04375
0 0.95859375 0.5671875 0.0203125 0.015625
0 0.671875 0.5859375 0.0234375 0.01953125
0 0.2703125 0.82421875 0.04140625 0.0234375
0 0.0484375 0.77109375 0.03984375 0.02265625
0 0.1578125 0.77265625 0.0375 0.021875
0 0.18125 0.88984375 0.03515625 0.021875
0 0.0140625 0.7984375 0.02734375 0.02265625
0 0.0453125 0.975 0.0203125 0.01015625
0 0.49765625 0.80703125 0.0296875 0.02265625
0 0.96328125 0.7484375 0.03125 0.021875
0 0.8015625 0.7078125 0.0375 0.0265625
0 0.8296875 0.68984375 0.0328125 0.0265625
0 0.72421875 0.8046875 0.03125 0.021875
0 0.8953125 0.81171875 0.02734375 0.0171875
0 0.940625 0.9234375 0.02109375 0.0109375
0 0.9890625 0.7078125 0.0203125 0.05546875
0 0.9921875 0.86171875 0.0140625 0.01015625
0 0.88359375 0.71015625 0.0171875 0.01484375
0 0.9953125 0.79921875 0.00625 0.009375
0 0.3421875 0.28359375 0.01484375 0.015625
0 0.16953125 0.28984375 0.01015625 0.0125
0 0.1875 0.52734375 0.0171875 0.0109375
0 0.6203125 0.43515625 0.01875 0.03125