0 0.8921875 0.41953125 0.1109375 0.08515625
0 0.7859375 0.62265625 0.0921875 0.07421875
0 0.96015625 0.884375 0.0796875 0.0625
0 0.52265625 0.17578125 0.0484375 0.0375
0 0.9703125 0.7140625 0.05234375 0.034375
0 0.8234375 0.78828125 0.05234375 0.0296875
0 0.5671875 0.76484375 0.04140625 0.0328125
0 0.790625 0.56796875 0.0625 0.078125
0 0.56484375 0.79296875 0.04609375 0.0359375
0 0.68515625 0.5671875 0.05234375 0.034375
0 0.5203125 0.4171875 0.04609375 0.0359375
0 0.4984375 0.8328125 0.025 0.0203125
0 0.5578125 0.84453125 0.0375 0.025
0 0.3828125 0.67109375 0.03125 0.03125
0 0.66796875 0.78828125 0.03984375 0.0296875
0 0.40390625 0.85078125 0.03359375 0.0234375
0 0.6703125 0.90546875 0.04140625 0.02890625
0 0.278125 0.71328125 0.0171875 0.01796875
0 0.2984375 0.86328125 0.02109375 0.01796875
0 0.14375 0.7046875 0.0171875 0.0140625
0 0.28046875 0.6953125 0.01484375 0.0171875
0 0.75625 0.3515625 0.03984375 0.0265625
0 0.4234375 0.3859375 0.0390625 0.025
0 0.471875 0.63671875 0.0328125 0.0328125
0 0.44140625 0.565625 0.03515625 0.03125
0 0.44609375 0.3671875 0.0265625 0.02265625
0 0.65625 0.51953125 0.0265625 0.01953125
0 0.41875 0.4484375 0.02109375 0.01484375
0 0.4328125 0.5078125 0.0171875 0.0125
0 0.465625 0.37890625 0.01875 0.015625
0 0.40859375 0.5953125 0.0171875 0.01484375
0 0.15234375 0.36328125 0.02734375 0.021875
0 0.15546875 0.5453125 0.0265625 0.01953125
0 0.1421875 0.46875 0.025 0.015625
0 0.20546875 0.46796875 0.01875 0.0140625
0 0.18671875 0.590625 0.01640625 0.01015625
0 0.1015625 0.48515625 0.01875 0.0140625
0 0.76484375 0.1796875 0.0359375 0.02265625
0 0.7609375 0.24765625 0.0375 0.0234375
0 0.6328125 0.3234375 0.03359375 0.02265625
0 0.43046875 0.29296875 0.0296875 0.01875
0 0.1875 0.228125 0.0296875 0.0234375
0 0.13046875 0.3625 0.0171875 0.0171875
0 0.7453125 0.55234375 0.0890625 0.07578125
0 0.99375 0.86015625 0.0125 0.03203125
0 0.85546875 0.446875 0.01875 0.0140625
0 0.42109375 0.36171875 0.01640625 0.0140625
0 0.459375 0.384375 0.01875 0.01796875