0 0.74609375 0.2140625 0.14609375 0.090625
0 0.63828125 0.17890625 0.11875 0.10703125
0 0.33203125 0.60546875 0.0859375 0.0609375
1 0.8703125 0.34921875 0.2375 0.11640625
0 0.9375 0.55703125 0.0546875 0.040625
0 0.34765625 0.73828125 0.0453125 0.034375
0 0.13828125 0.82265625 0.1796875 0.11640625
0 0.2578125 0.7078125 0.0828125 0.05546875
0 0.259375 0.64453125 0.08515625 0.0671875
0 0.99375 0.74609375 0.0125 0.0640625
0 0.5140625 0.36796875 0.0984375 0.1078125
0 0.54140625 0.4421875 0.10625 0.15
0 0.38984375 0.3125 0.0953125 0.1109375
0 0.4859375 0.42734375 0.09609375 0.10859375
0 0.3609375 0.19296875 0.0390625 0.02421875
0 0.4640625 0.35859375 0.1046875 0.15078125
1 0.1109375 0.38515625 0.221875 0.3296875
0 0.26875 0.16015625 0.02265625 0.015625
0 0.28515625 0.165625 0.01484375 0.01328125
0 0.553125 0.23359375 0.05 0.02265625
0 0.53203125 0.09453125 0.08125 0.0203125
0 0.9390625 0.28984375 0.0453125 0.02734375
0 0.9546875 0.20546875 0.025 0.0234375
0 0.54140625 0.65390625 0.0625 0.0203125
0 0.38984375 0.3890625 0.0390625 0.0265625
0 0.4515625 0.428125 0.0296875 0.0296875
0 0.42421875 0.62578125 0.05625 0.0171875
0 0.390625 0.534375 0.0203125 0.0140625
0 0.4875 0.5109375 0.02890625 0.01796875
0 0.44296875 0.49453125 0.0328125 0.021875
0 0.4625 0.63125 0.03359375 0.0140625
0 0.61796875 0.625 0.0296875 0.0296875
0 0.73359375 0.54296875 0.0171875 0.0140625
0 0.921875 0.60625 0.0328125 0.053125
0 0.64921875 0.86484375 0.06875 0.02265625
0 0.51328125 0.78515625 0.05234375 0.021875
0 0.48671875 0.771875 0.03515625 0.0125
0 0.3984375 0.83203125 0.02890625 0.02265625
0 0.5984375 0.83515625 0.03359375 0.01328125
0 0.58359375 0.69296875 0.03359375 0.01015625
0 0.43828125 0.68125 0.0359375 0.01328125
0 0.99453125 0.68359375 0.0109375 0.0140625
0 0.2078125 0.403125 0.02109375 0.0203125
0 0.0765625 0.475 0.03515625 0.0203125
0 0.92890625 0.3671875 0.04765625 0.021875
0 0.36953125 0.26875 0.03984375 0.01953125
0 0.46796875 0.28515625 0.03125 0.015625
0 0.5203125 0.3234375 0.0296875 0.015625
0 0.54765625 0.50625 0.0328125 0.0171875
0 0.05859375 0.90078125 0.0296875 0.02890625
0 0.9296875 0.63984375 0.0453125 0.02890625
0 0.6484375 0.60390625 0.0515625 0.0265625