0 0.77890625 0.23125 0.1375 0.0828125
0 0.675 0.1890625 0.1078125 0.1
0 0.3203125 0.59453125 0.0796875 0.05625
1 0.88671875 0.37421875 0.2265625 0.10234375
0 0.9296875 0.5859375 0.0515625 0.0375
0 0.3203125 0.72734375 0.04140625 0.03203125
0 0.1015625 0.79765625 0.16875 0.10625
0 0.23515625 0.69140625 0.07734375 0.05078125
0 0.24375 0.628125 0.07734375 0.0625
0 0.98046875 0.77890625 0.0390625 0.06171875
0 0.52890625 0.36953125 0.0875 0.10234375
0 0.54765625 0.4453125 0.08984375 0.14453125
0 0.4125 0.30625 0.0828125 0.10625
0 0.4953125 0.4265625 0.08515625 0.103125
0 0.396875 0.184375 0.0359375 0.02265625
0 0.48046875 0.35703125 0.0890625 0.1453125
1 0.11015625 0.36015625 0.2203125 0.31640625
0 0.309375 0.14609375 0.02109375 0.01484375
0 0.32421875 0.153125 0.0140625 0.0125
0 0.58359375 0.23828125 0.04765625 0.01953125
0 0.57890625 0.0984375 0.0796875 0.01484375
0 0.9609375 0.31953125 0.0421875 0.02421875
0 0.9875 0.2359375 0.02265625 0.02265625
0 0.5234375 0.65625 0.0609375 0.0171875
0 0.403125 0.38203125 0.0359375 0.02421875
0 0.4609375 0.42578125 0.0265625 0.028125
0 0.41015625 0.6203125 0.0546875 0.01328125
0 0.38671875 0.5265625 0.01875 0.01328125
0 0.4859375 0.51015625 0.02734375 0.015625
0 0.44375 0.49140625 0.0296875 0.01953125
0 0.44765625 0.628125 0.0328125 0.0125
0 0.603125 0.63203125 0.0265625 0.028125
0 0.728125 0.5578125 0.01640625 0.01328125
0 0.9078125 0.6328125 0.0265625 0.0515625
0 0.60625 0.87265625 0.0671875 0.01796875
0 0.4796875 0.78515625 0.05 0.01875
0 0.45546875 0.76953125 0.03359375 0.01015625
0 0.3609375 0.8234375 0.0265625 0.0203125
0 0.55859375 0.840625 0.0328125 0.0109375
0 0.5609375 0.69765625 0.0328125 0.00859375
0 0.4171875 0.6765625 0.03515625 0.0109375
0 0.9765625 0.71640625 0.01875 0.0140625
0 0.2203125 0.384375 0.01875 0.01953125
0 0.08046875 0.446875 0.0328125 0.01875
0 0.9421875 0.3953125 0.0453125 0.01875
0 0.396875 0.26171875 0.0390625 0.0171875
0 0.49296875 0.28359375 0.0296875 0.0140625
0 0.54140625 0.325 0.02890625 0.0140625
0 0.54609375 0.51015625 0.03125 0.01484375
0 0.0140625 0.8703125 0.02734375 0.02734375
0 0.9109375 0.6671875 0.0421875 0.0265625
0 0.6359375 0.61328125 0.0484375 0.0234375