0 0.6625 0.234375 0.08984375 0.0421875
0 0.6328125 0.4125 0.0859375 0.0546875
1 0.38515625 0.3171875 0.21484375 0.05859375
0 0.4796875 0.51015625 0.04609375 0.034375
0 0.98828125 0.36328125 0.0234375 0.03203125
0 0.46015625 0.8171875 0.05234375 0.03359375
0 0.66953125 0.44765625 0.0359375 0.06796875
0 0.3421875 0.12734375 0.07265625 0.03359375
1 0.70703125 0.284375 0.31484375 0.1390625
1 0.49921875 0.278125 0.30625 0.10546875
0 0.80390625 0.19375 0.1140625 0.0390625
0 0.434375 0.846875 0.0578125 0.0421875
0 0.0890625 0.48046875 0.04375 0.0390625
0 0.58359375 0.2078125 0.075 0.03203125
0 0.8546875 0.54609375 0.0609375 0.0390625
0 0.3515625 0.81328125 0.05234375 0.05546875
0 0.34765625 0.70625 0.04375 0.04140625
0 0.7734375 0.52109375 0.0984375 0.03359375
1 0.803125 0.2890625 0.225 0.08515625
0 0.759375 0.26796875 0.0484375 0.0203125
0 0.9265625 0.30546875 0.0484375 0.025
0 0.8671875 0.39375 0.05 0.03203125
0 0.81796875 0.3328125 0.04765625 0.03203125
0 0.9453125 0.51484375 0.0453125 0.02734375
0 0.89453125 0.5734375 0.0390625 0.0203125
0 0.74765625 0.60390625 0.03359375 0.0234375
0 0.8421875 0.52265625 0.01875 0.01015625
0 0.80390625 0.54609375 0.02890625 0.015625
0 0.7609375 0.6609375 0.0328125 0.0265625
0 0.76328125 0.6953125 0.0265625 0.040625
0 0.7375 0.6609375 0.0265625 0.02265625
0 0.571875 0.25 0.0484375 0.02734375
0 0.38359375 0.246875 0.0390625 0.0234375
0 0.48828125 0.234375 0.0171875 0.0125
0 0.6921875 0.34765625 0.0171875 0.0109375
0 0.56953125 0.365625 0.0203125 0.0171875
0 0.4390625 0.12265625 0.02890625 0.009375
0 0.334375 0.5359375 0.0296875 0.02265625
0 0.60703125 0.5703125 0.0296875 0.02265625
0 0.51015625 0.52890625 0.0296875 0.01953125
0 0.36796875 0.4453125 0.0265625 0.01953125
0 0.5796875 0.5640625 0.03125 0.021875
0 0.6921875 0.6109375 0.03125 0.02265625
0 0.3109375 0.409375 0.0453125 0.0234375
0 0.67890625 0.84296875 0.0375 0.0203125
0 0.3203125 0.6265625 0.03359375 0.028125
0 0.2765625 0.62421875 0.0265625 0.02890625
0 0.5625 0.84375 0.04375 0.03359375
0 0.3765625 0.68046875 0.025 0.015625
0 0.36640625 0.8484375 0.025 0.01796875
0 0.540625 0.85234375 0.03359375 0.0234375
0 0.54296875 0.8734375 0.0546875 0.01484375
0 0.20234375 0.284375 0.01484375 0.009375
0 0.253125 0.30859375 0.01640625 0.01328125
0 0.2234375 0.2953125 0.0140625 0.01015625
0 0.2890625 0.246875 0.01015625 0.00625
0 0.1703125 0.26484375 0.0171875 0.009375
0 0.1453125 0.49765625 0.0546875 0.02421875
0 0.26015625 0.44609375 0.0296875 0.05390625
0 0.10859375 0.82421875 0.0375 0.028125
0 0.1796875 0.778125 0.0328125 0.028125
0 0.22421875 0.625 0.03125 0.0203125
0 0.2546875 0.68828125 0.02734375 0.02421875
0 0.2375 0.74296875 0.0265625 0.0296875
0 0.2140625 0.84140625 0.07109375 0.03828125
0 0.2375 0.8453125 0.03984375 0.0296875
0 0.3953125 0.84140625 0.0703125 0.05234375
0 0.4 0.86328125 0.0234375 0.015625
0 0.46171875 0.784375 0.0625 0.03671875
0 0.5203125 0.8390625 0.02734375 0.0203125
0 0.53984375 0.825 0.0125 0.0078125
1 0.5921875 0.69921875 0.2078125 0.12734375
1 0.6109375 0.675 0.15859375 0.0734375
1 0.3125 0.5796875 0.09140625 0.0515625
1 0.2828125 0.55625 0.17109375 0.08359375
0 0.3125 0.59453125 0.0171875 0.0125
0 0.3765625 0.68984375 0.01484375 0.009375
0 0.36875 0.69375 0.0140625 0.009375
1 0.4078125 0.578125 0.1296875 0.05859375
1 0.42421875 0.59375 0.07734375 0.0484375
1 0.5015625 0.62421875 0.03515625 0.01953125
1 0.446875 0.5984375 0.1765625 0.0609375
0 0.8265625 0.525 0.01640625 0.009375
0 0.70078125 0.5125 0.0546875 0.03203125
0 0.6734375 0.49765625 0.05 0.02890625
0 0.7484375 0.5015625 0.0203125 0.01328125
0 0.74921875 0.49453125 0.0171875 0.01015625
0 0.490625 0.4109375 0.21015625 0.0484375
0 0.4109375 0.40859375 0.1359375 0.0359375
0 0.65703125 0.234375 0.0125 0.0078125