0 0.8765625 0.57421875 0.05625 0.06796875
0 0.63828125 0.5828125 0.07265625 0.06484375
1 0.7203125 0.3828125 0.07734375 0.16171875
0 0.4828125 0.48671875 0.04609375 0.034375
0 0.7640625 0.8484375 0.0421875 0.03828125
0 0.0765625 0.525 0.0453125 0.0390625
0 0.59765625 0.615625 0.08984375 0.02734375
0 0.9609375 0.31796875 0.0453125 0.0546875
1 0.81875 0.615625 0.18515625 0.23671875
1 0.790625 0.46171875 0.13984375 0.2296875
0 0.9546875 0.67109375 0.05234375 0.08515625
0 0.67578125 0.88125 0.0421875 0.03671875
0 0.03359375 0.51171875 0.05625 0.04296875
0 0.45390625 0.1921875 0.05234375 0.0328125
0 0.89765625 0.5109375 0.0421875 0.05625
0 0.5015625 0.7703125 0.05234375 0.04609375
0 0.06328125 0.44453125 0.0734375 0.0390625
0 0.203125 0.42265625 0.0546875 0.0328125
0 0.51953125 0.70625 0.0453125 0.07421875
1 0.8296875 0.6875 0.1140625 0.16875
0 0.84921875 0.6515625 0.02734375 0.03671875
0 0.82890625 0.78203125 0.03359375 0.03671875
0 0.7765625 0.89609375 0.03359375 0.0296875
0 0.703125 0.75390625 0.0421875 0.0375
0 0.77421875 0.70625 0.0421875 0.0359375
0 0.8390625 0.85234375 0.0125 0.01328125
0 0.5578125 0.83203125 0.0359375 0.03359375
0 0.47265625 0.80390625 0.02734375 0.02890625
0 0.40625 0.7015625 0.03125 0.025
0 0.5296875 0.75703125 0.0140625 0.0140625
0 0.4921875 0.7328125 0.02109375 0.021875
0 0.33515625 0.7203125 0.03515625 0.02421875
0 0.2890625 0.72890625 0.05390625 0.01953125
0 0.33046875 0.703125 0.0296875 0.01953125
0 0.83984375 0.51015625 0.0359375 0.03671875
0 0.81171875 0.3703125 0.03125 0.02890625
0 0.84609375 0.4453125 0.01640625 0.01328125
0 0.73359375 0.615625 0.01484375 0.01328125
0 0.68828125 0.528125 0.02265625 0.01484375
0 0.98359375 0.38984375 0.0125 0.021875
0 0.4234375 0.384375 0.0296875 0.02265625
0 0.4265625 0.59140625 0.0296875 0.02265625
0 0.4640625 0.5125 0.0265625 0.02265625
0 0.5484375 0.39296875 0.0265625 0.01953125
0 0.4296875 0.56953125 0.02890625 0.0234375
0 0.38828125 0.6609375 0.0296875 0.0234375
0 0.5859375 0.34375 0.03125 0.03359375
0 0.08203125 0.6921875 0.02734375 0.028125
0 0.30234375 0.38984375 0.0375 0.025
0 0.2984375 0.35625 0.0390625 0.01953125
0 0.06015625 0.60546875 0.0453125 0.0328125
0 0.24140625 0.43984375 0.02109375 0.01875
0 0.01953125 0.46171875 0.0234375 0.01875
0 0.0453125 0.59140625 0.03125 0.025
0 0.01796875 0.596875 0.0203125 0.04140625
0 0.73203125 0.24296875 0.0125 0.0109375
0 0.7078125 0.284375 0.0171875 0.0125
0 0.7203125 0.259375 0.0140625 0.01015625
0 0.7953125 0.3 0.00859375 0.0078125
0 0.7515625 0.21484375 0.0125 0.01328125
0 0.4421875 0.2375 0.0328125 0.04140625
0 0.52890625 0.31328125 0.07109375 0.02265625
0 0.01328125 0.26640625 0.0265625 0.028125
0 0.0796875 0.3109375 0.0375 0.02421875
0 0.28828125 0.31796875 0.02734375 0.0234375
0 0.2109375 0.35078125 0.0328125 0.0203125
0 0.1359375 0.3484375 0.03984375 0.01953125
0 0.0140625 0.346875 0.028125 0.053125
0 0.0109375 0.365625 0.02109375 0.0296875
0 0.034375 0.48203125 0.06875 0.05234375
0 0.0078125 0.48828125 0.015625 0.0171875
0 0.12109375 0.52109375 0.0484375 0.046875
0 0.059375 0.5734375 0.02734375 0.0203125
0 0.08046875 0.5859375 0.01015625 0.009375
1 0.2546875 0.603125 0.1703125 0.15625
1 0.28984375 0.6125 0.09765625 0.11953125
1 0.36328125 0.375 0.06875 0.06875
1 0.38828125 0.3484375 0.1109375 0.12890625
0 0.34375 0.378125 0.01640625 0.01328125
0 0.2296875 0.44140625 0.0125 0.0109375
0 0.2234375 0.43671875 0.0125 0.01015625
1 0.38203125 0.4453125 0.07734375 0.09765625
1 0.3640625 0.4609375 0.06484375 0.05859375
1 0.33671875 0.52265625 0.0265625 0.0265625
1 0.3609375 0.478125 0.08125 0.13203125
0 0.5234375 0.74609375 0.0125 0.0125
0 0.51875 0.65078125 0.0421875 0.04140625
0 0.5328125 0.62734375 0.0390625 0.0375
0 0.540625 0.684375 0.0171875 0.01484375
0 0.55078125 0.6828125 0.0140625 0.01328125
0 0.61484375 0.47734375 0.06484375 0.1578125
0 0.60390625 0.41796875 0.04765625 0.10234375
0 0.87578125 0.5703125 0.01015625 0.009375