0 0.3921875 0.61796875 0.1140625 0.09453125
0 0.54609375 0.5484375 0.1015625 0.09765625
1 0.5984375 0.25234375 0.06640625 0.05546875
1 0.24609375 0.45859375 0.0921875 0.06875
0 0.50625 0.440625 0.1171875 0.08359375
0 0.715625 0.4890625 0.09140625 0.09921875
0 0.65625 0.734375 0.0625 0.0609375
0 0.93046875 0.48984375 0.0453125 0.03125
0 0.5046875 0.70859375 0.0828125 0.021875
0 0.50390625 0.72734375 0.0671875 0.02421875
0 0.8578125 0.53359375 0.04375 0.021875
0 0.9515625 0.73515625 0.03359375 0.02265625
0 0.35078125 0.73828125 0.0296875 0.021875
0 0.96484375 0.38359375 0.04140625 0.03203125
0 0.9875 0.40546875 0.025 0.03203125
0 0.86171875 0.5734375 0.02890625 0.01796875
0 0.8125 0.628125 0.0265625 0.01796875
0 0.996875 0.43828125 0.00625 0.03359375
0 0.8859375 0.39609375 0.02265625 0.0125
0 0.7390625 0.684375 0.0296875 0.02421875
0 0.53671875 0.5875 0.0140625 0.01328125
0 0.21015625 0.63359375 0.0234375 0.03125
0 0.2390625 0.32734375 0.0140625 0.009375
0 0.7828125 0.21171875 0.0109375 0.009375
0 0.6765625 0.33828125 0.01484375 0.00859375
0 0.27578125 0.3 0.0140625 0.009375
0 0.23359375 0.4046875 0.01484375 0.009375
1 0.25703125 0.7234375 0.14140625 0.08671875
0 0.671875 0.7125 0.0359375 0.0203125