0 0.37890625 0.6109375 0.1234375 0.10078125
0 0.540625 0.5515625 0.1109375 0.10234375
1 0.62734375 0.26015625 0.07109375 0.059375
1 0.2515625 0.4421875 0.0984375 0.0734375
0 0.51328125 0.44140625 0.125 0.08984375
0 0.71640625 0.503125 0.1015625 0.10390625
0 0.628125 0.74375 0.06875 0.0640625
0 0.93046875 0.51796875 0.04765625 0.03359375
0 0.48046875 0.70859375 0.08359375 0.02734375
0 0.47734375 0.7265625 0.0703125 0.028125
0 0.853125 0.55703125 0.04609375 0.02421875
0 0.92265625 0.7640625 0.0359375 0.02421875
0 0.3234375 0.72734375 0.0328125 0.02265625
0 0.9765625 0.41484375 0.0453125 0.03359375
0 0.990625 0.43828125 0.01875 0.03359375
0 0.8515625 0.596875 0.03125 0.01953125
0 0.796875 0.64765625 0.02890625 0.01953125
0 0.896875 0.42109375 0.0234375 0.0140625
0 0.71640625 0.6984375 0.0328125 0.0265625
0 0.5265625 0.58984375 0.01484375 0.01328125
0 0.1953125 0.61484375 0.02734375 0.03203125
0 0.26015625 0.3109375 0.0140625 0.009375
0 0.81484375 0.23125 0.0109375 0.009375
0 0.69453125 0.35078125 0.01484375 0.009375
0 0.29921875 0.2859375 0.0140625 0.009375
0 0.2453125 0.3875 0.01484375 0.01015625
1 0.23203125 0.70625 0.1484375 0.09453125
0 0.646875 0.72265625 0.0390625 0.02265625