0 0.72578125 0.4734375 0.06875 0.059375
1 0.94140625 0.81328125 0.0953125 0.0796875
1 0.04375 0.76328125 0.0875 0.12265625
0 0.7140625 0.4109375 0.05859375 0.059375
1 0.3640625 0.49140625 0.1671875 0.1
0 0.28984375 0.5078125 0.0796875 0.065625
1 0.14609375 0.859375 0.0546875 0.046875
0 0.8484375 0.95390625 0.04609375 0.03828125
0 0.2703125 0.6921875 0.0515625 0.07421875
1 0.83125 0.7546875 0.075 0.05546875
1 0.771875 0.6953125 0.05625 0.0390625
1 0.54453125 0.67421875 0.07109375 0.053125
1 0.60234375 0.65078125 0.0546875 0.0375
0 0.571875 0.63125 0.04609375 0.034375
0 0.38203125 0.22890625 0.1234375 0.03125
0 0.6203125 0.29140625 0.0328125 0.0171875
0 0.5171875 0.25234375 0.04140625 0.0140625
0 0.5171875 0.26171875 0.01484375 0.00859375
0 0.465625 0.2359375 0.0359375 0.0203125
0 0.4359375 0.2734375 0.0078125 0.0109375
0 0.1921875 0.51796875 0.02734375 0.0234375
0 0.05 0.6203125 0.0125 0.01328125
0 0.0078125 0.40390625 0.01484375 0.0203125
0 0.0078125 0.42734375 0.015625 0.0171875
0 0.00859375 0.415625 0.0171875 0.0125
0 0.609375 0.34375 0.0140625 0.01875
0 0.565625 0.3828125 0.0109375 0.01796875
0 0.63671875 0.63984375 0.02109375 0.01015625
0 0.5859375 0.36796875 0.01484375 0.0171875
0 0.61953125 0.63125 0.0234375 0.00625
0 0.57578125 0.37578125 0.0140625 0.01328125
0 0.70625 0.5140625 0.0328125 0.03125
0 0.7171875 0.359375 0.0328125 0.01953125
0 0.96484375 0.55859375 0.0125 0.009375
0 0.11640625 0.70625 0.02734375 0.02890625
0 0.11171875 0.9234375 0.01640625 0.0125
0 0.865625 0.76796875 0.02109375 0.025
0 0.465625 0.25234375 0.04140625 0.01328125
1 0.0109375 0.78515625 0.021875 0.0140625
0 0.40078125 0.51484375 0.01640625 0.01015625
1 0.3453125 0.4640625 0.1296875 0.0546875