0 0.7234375 0.68828125 0.0875 0.059375
0 0.35234375 0.5984375 0.07734375 0.10625
0 0.95703125 0.5546875 0.05390625 0.04375
0 0.03984375 0.40546875 0.05234375 0.0453125
0 0.8703125 0.52734375 0.0546875 0.05
0 0.98203125 0.7359375 0.0359375 0.034375
0 0.39609375 0.84765625 0.05 0.0375
0 0.71328125 0.31640625 0.04609375 0.0828125
0 0.4328125 0.234375 0.07265625 0.025
0 0.5265625 0.4453125 0.07109375 0.02421875
0 0.1546875 0.24296875 0.0328125 0.03125
0 0.0640625 0.34140625 0.0296875 0.02890625
0 0.203125 0.15859375 0.0171875 0.01796875
0 0.19140625 0.16484375 0.01640625 0.025
0 0.4828125 0.64921875 0.0296875 0.02265625
0 0.41484375 0.87734375 0.03984375 0.01953125
0 0.59921875 0.840625 0.0140625 0.0109375
0 0.465625 0.53359375 0.0359375 0.0296875
0 0.6703125 0.465625 0.0296875 0.05546875
0 0.6546875 0.44453125 0.0171875 0.025
0 0.49140625 0.375 0.0265625 0.0375
0 0.45 0.46640625 0.03359375 0.0140625
0 0.53984375 0.45703125 0.03125 0.0109375
0 0.2625 0.484375 0.05390625 0.015625
0 0.6265625 0.20703125 0.06875 0.021875
0 0.3796875 0.14375 0.0390625 0.0234375
0 0.3078125 0.1765625 0.02890625 0.0125
0 0.83203125 0.84140625 0.02265625 0.01328125
0 0.928125 0.3703125 0.02734375 0.0234375
0 0.8296875 0.271875 0.01875 0.025
0 0.825 0.171875 0.02890625 0.025
0 0.9171875 0.22578125 0.01484375 0.01796875
0 0.23828125 0.47578125 0.0578125 0.0171875
0 0.2890625 0.465625 0.0140625 0.02421875
0 0.3890625 0.259375 0.025 0.05
0 0.37578125 0.2515625 0.0125 0.025
0 0.3703125 0.14140625 0.0359375 0.015625
0 0.4609375 0.33203125 0.01640625 0.025
0 0.478125 0.35078125 0.0234375 0.04609375
0 0.5640625 0.67265625 0.0484375 0.0359375
0 0.60234375 0.7 0.0515625 0.034375