0 0.375 0.6453125 0.1109375 0.078125
0 0.396875 0.578125 0.11875 0.0875
0 0.47734375 0.61640625 0.1046875 0.08828125
0 0.8078125 0.61328125 0.0671875 0.05234375
0 0.571875 0.30625 0.0578125 0.0484375
0 0.678125 0.67265625 0.05625 0.05
0 0.94609375 0.64921875 0.0546875 0.0453125
0 0.45234375 0.5296875 0.0515625 0.0328125
0 0.58984375 0.33984375 0.05625 0.0453125
0 0.6140625 0.4859375 0.0578125 0.04296875
0 0.678125 0.6 0.04140625 0.04140625
0 0.6296875 0.53359375 0.0578125 0.040625
0 0.23125 0.703125 0.04140625 0.02265625
0 0.1421875 0.78125 0.0125 0.01328125
0 0.190625 0.68671875 0.01875 0.02265625
0 0.2984375 0.7640625 0.0265625 0.0265625
0 0.103125 0.228125 0.01875 0.015625
0 0.1609375 0.17578125 0.0234375 0.02734375
0 0.0953125 0.15625 0.01484375 0.02265625
0 0.640625 0.63203125 0.03984375 0.0265625
0 0.428125 0.771875 0.02734375 0.02890625
0 0.6609375 0.74765625 0.02265625 0.021875
0 0.5265625 0.6890625 0.03984375 0.03203125
0 0.50390625 0.8078125 0.0203125 0.015625
0 0.36171875 0.696875 0.0203125 0.01015625
0 0.27890625 0.15859375 0.0265625 0.02890625
0 0.4890625 0.23203125 0.02109375 0.0140625
0 0.9515625 0.540625 0.02265625 0.01953125
0 0.87578125 0.56953125 0.02734375 0.0234375
0 0.87265625 0.54140625 0.0171875 0.0125
0 0.7578125 0.57109375 0.01640625 0.01484375
0 0.7578125 0.596875 0.02734375 0.0328125
0 0.946875 0.4828125 0.01484375 0.01484375
0 0.465625 0.54296875 0.01640625 0.015625
0 0.45546875 0.6 0.025 0.025
0 0.3546875 0.628125 0.0234375 0.021875
0 0.6140625 0.51796875 0.0484375 0.03203125
0 0.6171875 0.46875 0.0140625 0.0078125
0 0.8703125 0.53046875 0.01484375 0.0125