0 0.35859375 0.63671875 0.10625 0.0734375
0 0.38828125 0.57109375 0.1140625 0.08359375
0 0.4640625 0.6140625 0.1 0.084375
0 0.79375 0.6328125 0.0640625 0.05078125
0 0.59453125 0.31171875 0.0546875 0.046875
0 0.6578125 0.68359375 0.05390625 0.04765625
0 0.9265625 0.67734375 0.05234375 0.04296875
0 0.44921875 0.5265625 0.05 0.03125
0 0.6078125 0.34609375 0.05390625 0.04296875
0 0.61484375 0.49375 0.0546875 0.04140625
0 0.665625 0.6109375 0.0390625 0.040625
0 0.625 0.5421875 0.0546875 0.03828125
0 0.20859375 0.684375 0.03984375 0.021875
0 0.1109375 0.75703125 0.0109375 0.0125
0 0.1703125 0.665625 0.01640625 0.021875
0 0.26953125 0.75 0.0234375 0.025
0 0.1359375 0.203125 0.0171875 0.01484375
0 0.20078125 0.15546875 0.02109375 0.0265625
0 0.13671875 0.13125 0.0125 0.021875
0 0.625 0.640625 0.0375 0.025
0 0.396875 0.76640625 0.0265625 0.028125
0 0.63125 0.7578125 0.02109375 0.0203125
0 0.5046875 0.690625 0.0390625 0.03125
0 0.46796875 0.80703125 0.01875 0.01484375
0 0.3390625 0.6875 0.01875 0.009375
0 0.31953125 0.1453125 0.025 0.028125
0 0.5203125 0.23203125 0.0203125 0.01328125
0 0.9453125 0.56953125 0.02109375 0.01875
0 0.86640625 0.59375 0.025 0.02265625
0 0.86640625 0.565625 0.01640625 0.0109375
0 0.7484375 0.5875 0.01484375 0.0140625
0 0.7453125 0.61328125 0.0265625 0.03203125
0 0.94765625 0.51171875 0.0140625 0.0140625
0 0.4609375 0.540625 0.01484375 0.01484375
0 0.44375 0.596875 0.02265625 0.02421875
0 0.340625 0.61875 0.02265625 0.0203125
0 0.6109375 0.525 0.04765625 0.0296875
0 0.6203125 0.4765625 0.0140625 0.00625
0 0.865625 0.5546875 0.0140625 0.0109375