1 0.809375 0.17421875 0.1140625 0.096875
1 0.915625 0.43984375 0.16875 0.1140625
1 0.48515625 0.09296875 0.1140625 0.09453125
1 0.63671875 0.125 0.27890625 0.12109375
0 0.37890625 0.5484375 0.05859375 0.03125
0 0.16875 0.46640625 0.0859375 0.07578125
0 0.77734375 0.0734375 0.0796875 0.0265625
0 0.45390625 0.44296875 0.05625 0.0328125
0 0.915625 0.7328125 0.04375 0.03203125
0 0.43125 0.321875 0.04765625 0.0375
0 0.1890625 0.7203125 0.04609375 0.03828125
0 0.45546875 0.21484375 0.1859375 0.071875
0 0.040625 0.60234375 0.0640625 0.01796875
0 0.0171875 0.63671875 0.03359375 0.046875
0 0.9796875 0.75546875 0.0296875 0.021875
0 0.9421875 0.7171875 0.0140625 0.0109375
0 0.8578125 0.75546875 0.0203125 0.0125
0 0.2828125 0.71796875 0.025 0.01328125
0 0.0859375 0.68828125 0.0328125 0.0234375
0 0.28125 0.728125 0.0234375 0.01015625
0 0.8515625 0.4953125 0.02109375 0.0125
0 0.9140625 0.45390625 0.01484375 0.01328125
0 0.6515625 0.42421875 0.0203125 0.0125
0 0.484375 0.4390625 0.01640625 0.0140625
0 0.64375 0.41328125 0.02109375 0.0109375
0 0.3453125 0.35234375 0.03359375 0.0359375
0 0.2015625 0.46640625 0.02109375 0.0171875
0 0.18984375 0.45 0.02265625 0.01796875
0 0.2875 0.5734375 0.02265625 0.028125
0 0.2640625 0.5671875 0.03515625 0.01953125
0 0.1390625 0.4140625 0.025 0.0109375
0 0.01328125 0.5734375 0.0265625 0.021875
0 0.13125 0.63515625 0.0234375 0.00859375
0 0.80546875 0.334375 0.02890625 0.0171875
0 0.45625 0.321875 0.0140625 0.01328125
0 0.46953125 0.3125 0.0125 0.0109375
0 0.3703125 0.15625 0.0140625 0.0125
0 0.27578125 0.31953125 0.0375 0.0234375
0 0.2734375 0.30703125 0.0171875 0.01328125
0 0.30625 0.07578125 0.01484375 0.0140625
0 0.303125 0.15859375 0.0203125 0.0109375
0 0.33671875 0.26640625 0.0390625 0.04140625
0 0.3390625 0.2546875 0.01640625 0.015625
0 0.0421875 0.6140625 0.0234375 0.009375
0 0.70703125 0.125 0.13984375 0.06640625
0 0.04609375 0.2625 0.0546875 0.02265625
0 0.0078125 0.3140625 0.00625 0.0109375