1 0.6046875 0.34375 0.2453125 0.22890625
0 0.40625 0.81875 0.1109375 0.0796875
0 0.56328125 0.44609375 0.11015625 0.0890625
0 0.7265625 0.41796875 0.075 0.10546875
1 0.4953125 0.16796875 0.1125 0.09375
0 0.271875 0.265625 0.0546875 0.0515625
0 0.5078125 0.2921875 0.0515625 0.04375
0 0.42734375 0.37890625 0.04609375 0.03125
0 0.20078125 0.77109375 0.1125 0.046875
0 0.2015625 0.653125 0.09765625 0.03671875
0 0.38203125 0.39453125 0.05 0.03828125
1 0.7109375 0.1640625 0.1265625 0.065625
0 0.50390625 0.6125 0.1046875 0.0390625
1 0.8109375 0.1984375 0.11015625 0.12109375
0 0.1125 0.31796875 0.04609375 0.0359375
1 0.240625 0.259375 0.13125 0.14921875
0 0.05703125 0.79453125 0.1140625 0.0296875
1 0.75078125 0.196875 0.10234375 0.125
1 0.88046875 0.19921875 0.14375 0.1171875
1 0.43515625 0.134375 0.0734375 0.03203125
1 0.54609375 0.19140625 0.10390625 0.13515625
1 0.2296875 0.13515625 0.33515625 0.0609375
0 0.22890625 0.70078125 0.0234375 0.0125
0 0.1796875 0.6765625 0.03125 0.01796875
0 0.05546875 0.6328125 0.01484375 0.0140625
0 0.140625 0.371875 0.0375 0.0296875
0 0.01796875 0.3609375 0.01484375 0.02734375
0 0.0765625 0.565625 0.02265625 0.009375
0 0.121875 0.36015625 0.0359375 0.0328125
0 0.18359375 0.4625 0.025 0.01484375
0 0.071875 0.25234375 0.04609375 0.0296875
0 0.2546875 0.31328125 0.02265625 0.0171875
0 0.2109375 0.35078125 0.04609375 0.02890625
0 0.28203125 0.64375 0.02890625 0.021875
0 0.5828125 0.8546875 0.0234375 0.01953125
0 0.35 0.68984375 0.0359375 0.01484375
0 0.421875 0.6953125 0.02265625 0.021875
0 0.4640625 0.86953125 0.0265625 0.0109375
0 0.37890625 0.5640625 0.02265625 0.0171875
0 0.28125 0.496875 0.02265625 0.0171875
0 0.39140625 0.534375 0.0203125 0.009375
0 0.378125 0.54765625 0.0109375 0.009375
0 0.5453125 0.203125 0.025 0.02734375
0 0.82890625 0.86171875 0.02265625 0.01796875
0 0.7046875 0.64375 0.02109375 0.0125
0 0.87734375 0.409375 0.0140625 0.01484375
0 0.865625 0.5140625 0.02734375 0.0109375
0 0.82265625 0.42734375 0.01484375 0.0171875
0 0.5359375 0.865625 0.05234375 0.028125
0 0.5609375 0.72421875 0.02890625 0.01328125
0 0.6203125 0.58515625 0.0234375 0.01015625
0 0.6203125 0.575 0.02109375 0.01015625
0 0.68671875 0.28359375 0.03359375 0.0234375
0 0.196875 0.47578125 0.02734375 0.0140625
1 0.05390625 0.11015625 0.03984375 0.0234375