1 0.571875 0.534375 0.0859375 0.05859375
0 0.7578125 0.50546875 0.0734375 0.03828125
1 0.61484375 0.77265625 0.0921875 0.1171875
0 0.8203125 0.52265625 0.0625 0.046875
0 0.959375 0.34609375 0.05390625 0.03828125
0 0.61171875 0.6140625 0.07109375 0.0421875
1 0.5359375 0.83671875 0.0625 0.08203125
0 0.9328125 0.7171875 0.08984375 0.0359375
0 0.5859375 0.34765625 0.0484375 0.0359375
0 0.76484375 0.63671875 0.05234375 0.0328125
0 0.92109375 0.38203125 0.05859375 0.040625
0 0.5578125 0.63203125 0.04375 0.04765625
0 0.87421875 0.52421875 0.0546875 0.03203125
0 0.8796875 0.36015625 0.0375 0.0265625
0 0.76484375 0.3171875 0.02109375 0.0140625
0 0.921875 0.3453125 0.02109375 0.01875
0 0.759375 0.32734375 0.0234375 0.01328125
0 0.81484375 0.30703125 0.01484375 0.0109375
0 0.9359375 0.32265625 0.0140625 0.0109375
0 0.92734375 0.41875 0.03515625 0.0265625
0 0.89921875 0.4984375 0.0625 0.015625
0 0.8921875 0.56171875 0.01640625 0.01484375
0 0.834375 0.6203125 0.02109375 0.0140625
0 0.771875 0.3921875 0.025 0.01015625
0 0.93046875 0.87265625 0.01484375 0.02890625
0 0.95234375 0.6875 0.0171875 0.0296875
0 0.71484375 0.678125 0.0359375 0.025
0 0.93828125 0.68515625 0.0171875 0.03828125
0 0.715625 0.65703125 0.02734375 0.01953125
0 0.6171875 0.32890625 0.0203125 0.015625
0 0.515625 0.31015625 0.0203125 0.0109375
0 0.6828125 0.28984375 0.0203125 0.0171875
0 0.41640625 0.31015625 0.01875 0.0125
0 0.4671875 0.32734375 0.0359375 0.01484375
0 0.6515625 0.28671875 0.01484375 0.0140625
0 0.68515625 0.23828125 0.0140625 0.009375
0 0.65 0.30546875 0.0125 0.0109375
0 0.6296875 0.31796875 0.01015625 0.0078125
1 0.63359375 0.478125 0.0421875 0.03125
0 0.4546875 0.57734375 0.0359375 0.0265625
0 0.6609375 0.596875 0.0265625 0.01953125
1 0.7015625 0.52890625 0.03984375 0.0296875
0 0.43125 0.59453125 0.02109375 0.01484375
0 0.5578125 0.575 0.03359375 0.025
0 0.41484375 0.50859375 0.0171875 0.01328125
0 0.584375 0.3828125 0.01875 0.01015625
0 0.52265625 0.48203125 0.01015625 0.00546875
0 0.3765625 0.53828125 0.0078125 0.00546875
0 0.4703125 0.4484375 0.00859375 0.00625
0 0.48046875 0.63203125 0.02890625 0.0234375
0 0.5828125 0.6546875 0.02109375 0.01875
0 0.37890625 0.6296875 0.0140625 0.0125
0 0.97578125 0.2 0.0484375 0.0375
0 0.99609375 0.26796875 0.0078125 0.0203125
0 0.98984375 0.28671875 0.01640625 0.0140625
0 0.98203125 0.28359375 0.0109375 0.0140625
0 0.9515625 0.62421875 0.0328125 0.01953125
0 0.69921875 0.51953125 0.0125 0.0046875
0 0.6921875 0.53359375 0.0125 0.015625
0 0.63828125 0.60703125 0.00625 0.009375
0 0.6015625 0.5171875 0.0140625 0.0078125