1 0.45390625 0.55390625 0.07734375 0.06484375
0 0.49296875 0.69375 0.0515625 0.05546875
1 0.1375 0.58671875 0.15625 0.06953125
0 0.4703125 0.740625 0.0625 0.046875
0 0.7046875 0.8453125 0.0515625 0.040625
0 0.3484375 0.584375 0.05625 0.05390625
1 0.053125 0.5265625 0.10625 0.046875
0 0.2109375 0.825 0.04765625 0.06796875
0 0.70234375 0.56484375 0.04765625 0.03671875
0 0.31796875 0.69921875 0.04375 0.0390625
0 0.6578125 0.81640625 0.05390625 0.04375
0 0.32421875 0.54296875 0.0640625 0.0328125
0 0.4671875 0.78125 0.0421875 0.04140625
0 0.6859375 0.78515625 0.03515625 0.028125
0 0.74296875 0.69921875 0.01875 0.015625
0 0.70625 0.8171875 0.025 0.015625
0 0.7296875 0.69453125 0.0171875 0.01796875
0 0.75703125 0.73671875 0.01484375 0.0109375
0 0.7359375 0.82734375 0.01484375 0.01015625
0 0.6078125 0.82109375 0.03515625 0.0265625
0 0.5015625 0.8 0.02109375 0.046875
0 0.4171875 0.79453125 0.0203125 0.0125
0 0.3390625 0.7515625 0.01875 0.015625
0 0.64296875 0.70390625 0.0140625 0.01875
0 0.0109375 0.82265625 0.021875 0.0109375
0 0.25 0.83984375 0.03984375 0.01328125
0 0.2625 0.66171875 0.03359375 0.02734375
0 0.25390625 0.82890625 0.0515625 0.01328125
0 0.29140625 0.66171875 0.0265625 0.0203125
0 0.72734375 0.5875 0.02109375 0.01484375
0 0.75234375 0.51171875 0.01484375 0.01484375
0 0.7796875 0.63671875 0.02265625 0.01484375
0 0.753125 0.43671875 0.01640625 0.0140625
0 0.7296875 0.47578125 0.0203125 0.02734375
0 0.784375 0.61328125 0.01875 0.0109375
0 0.8484375 0.6390625 0.0125 0.01015625
0 0.75859375 0.6125 0.01484375 0.009375
0 0.7421875 0.596875 0.01015625 0.0078125
1 0.5296875 0.60078125 0.04140625 0.03203125
0 0.396875 0.465625 0.03515625 0.02734375
0 0.3703125 0.62109375 0.0265625 0.01953125
1 0.4609375 0.6515625 0.03984375 0.0296875
0 0.37421875 0.4484375 0.0203125 0.015625
0 0.40078125 0.54375 0.03359375 0.025
0 0.48828125 0.4359375 0.0171875 0.01328125
0 0.65546875 0.56328125 0.0140625 0.0140625
0 0.52421875 0.5171875 0.0078125 0.0078125
0 0.44921875 0.40703125 0.0078125 0.00546875
0 0.56796875 0.47734375 0.00859375 0.00625
0 0.32421875 0.48515625 0.03125 0.021875
0 0.29375 0.56171875 0.025 0.015625
0 0.32734375 0.40859375 0.01640625 0.01015625
0 0.8984375 0.8609375 0.0515625 0.0421875
0 0.80859375 0.88203125 0.02890625 0.0234375
0 0.78359375 0.86796875 0.01875 0.0125
0 0.78828125 0.86171875 0.01875 0.00859375
0 0.33515625 0.8390625 0.0265625 0.02421875
0 0.4734375 0.65 0.00625 0.009375
0 0.45546875 0.64375 0.02109375 0.009375
0 0.3578125 0.60390625 0.0125 0.0046875
0 0.47734375 0.57578125 0.01015625 0.01015625