0 0.93203125 0.4984375 0.13359375 0.09453125
0 0.78203125 0.315625 0.10859375 0.084375
0 0.28046875 0.5640625 0.06875 0.053125
0 0.09140625 0.73515625 0.0875 0.1046875
0 0.93203125 0.23203125 0.0890625 0.05703125
0 0.15078125 0.9265625 0.0734375 0.053125
1 0.5671875 0.5328125 0.2734375 0.08125
0 0.04375 0.890625 0.075 0.05546875
0 0.3140625 0.62109375 0.05 0.05546875
0 0.43671875 0.45859375 0.05625 0.0625
1 0.3421875 0.80078125 0.25390625 0.14921875
0 0.16796875 0.6984375 0.0484375 0.0921875
0 0.8734375 0.55546875 0.05 0.0390625
0 0.1140625 0.67265625 0.0671875 0.05234375
0 0.86875 0.72890625 0.1 0.04140625
0 0.9140625 0.771875 0.0671875 0.04296875
0 0.15078125 0.26171875 0.0390625 0.0390625
1 0.596875 0.4015625 0.10859375 0.23515625
1 0.50390625 0.675 0.0703125 0.171875
0 0.34375 0.4625 0.0296875 0.0796875
0 0.2515625 0.39765625 0.0296875 0.07578125
0 0.98203125 0.434375 0.0359375 0.059375
1 0.940625 0.6984375 0.0734375 0.0421875
0 0.55546875 0.684375 0.02734375 0.0671875
0 0.08046875 0.3234375 0.03359375 0.01875
0 0.2984375 0.24765625 0.0328125 0.01953125
0 0.20078125 0.25 0.03359375 0.0203125
0 0.17421875 0.2859375 0.0140625 0.01015625
0 0.6359375 0.22578125 0.0359375 0.02890625
0 0.38359375 0.24296875 0.02265625 0.01953125
0 0.5296875 0.315625 0.0125 0.0109375
0 0.896875 0.3140625 0.0359375 0.0234375
0 0.2671875 0.6015625 0.025 0.01875
0 0.0328125 0.38046875 0.03515625 0.0203125
0 0.00859375 0.503125 0.0171875 0.0375
0 0.15078125 0.35 0.01640625 0.01953125
0 0.17109375 0.65859375 0.03984375 0.01328125
0 0.125 0.5296875 0.0125 0.01328125
0 0.37109375 0.484375 0.0171875 0.01015625
0 0.603125 0.3390625 0.0140625 0.01328125
0 0.38671875 0.41015625 0.01640625 0.0140625
0 0.48203125 0.4171875 0.01640625 0.0140625
0 0.38671875 0.3484375 0.0140625 0.03125
0 0.3734375 0.571875 0.0140625 0.01328125
0 0.48984375 0.6421875 0.01015625 0.01796875
0 0.5890625 0.47265625 0.0203125 0.021875
0 0.0671875 0.9234375 0.01484375 0.0140625
0 0.98671875 0.63203125 0.0265625 0.03359375
0 0.93203125 0.70703125 0.0125 0.00625
0 0.95234375 0.71875 0.0265625 0.00859375
0 0.84765625 0.80625 0.01015625 0.0078125
0 0.54453125 0.6953125 0.0265625 0.05703125
0 0.4921875 0.6609375 0.0046875 0.00859375
0 0.1421875 0.9359375 0.02734375 0.0171875
0 0.1703125 0.68046875 0.0203125 0.01484375
0 0.171875 0.66484375 0.02109375 0.009375
0 0.01171875 0.46640625 0.0234375 0.0234375
0 0.03203125 0.45 0.03359375 0.0203125
0 0.25078125 0.41484375 0.02109375 0.01875
0 0.3375 0.4671875 0.0109375 0.021875
0 0.5203125 0.3015625 0.0078125 0.01796875
0 0.5265625 0.3015625 0.0078125 0.0171875
0 0.8609375 0.22421875 0.04609375 0.025
0 0.63046875 0.515625 0.02265625 0.015625
0 0.38125 0.56875 0.0109375 0.01328125