0 0.5984375 0.41953125 0.09609375 0.065625
0 0.40859375 0.80703125 0.07734375 0.05625
0 0.93125 0.5359375 0.09765625 0.0796875
0 0.39765625 0.2796875 0.07734375 0.04609375
0 0.63671875 0.19140625 0.07109375 0.0453125
1 0.24375 0.634375 0.2140625 0.14453125
1 0.07578125 0.50859375 0.1515625 0.0859375
0 0.59375 0.86796875 0.07265625 0.0515625
0 0.63203125 0.26875 0.0734375 0.04765625
0 0.94296875 0.4578125 0.07109375 0.053125
0 0.84921875 0.5203125 0.0859375 0.0546875
0 0.9203125 0.371875 0.07734375 0.0375
0 0.7640625 0.525 0.05 0.08828125
0 0.73046875 0.45234375 0.06875 0.04296875
0 0.68125 0.4875 0.0796875 0.0765625
0 0.8828125 0.3984375 0.08359375 0.04140625
0 0.6546875 0.51015625 0.0890625 0.0546875
0 0.0671875 0.29296875 0.0546875 0.034375
0 0.72421875 0.653125 0.08359375 0.046875
0 0.5046875 0.64609375 0.04765625 0.0296875
0 0.465625 0.4828125 0.05625 0.04765625
0 0.30234375 0.428125 0.0625 0.040625
0 0.16953125 0.6375 0.0515625 0.02890625
0 0.0734375 0.3140625 0.0546875 0.02421875
0 0.496875 0.54921875 0.05390625 0.05078125
0 0.21484375 0.41640625 0.07265625 0.03125
0 0.23203125 0.2765625 0.0390625 0.01796875
0 0.34921875 0.24375 0.0234375 0.0171875
0 0.47578125 0.23828125 0.0359375 0.0171875
0 0.79453125 0.1890625 0.04609375 0.0234375
0 0.9390625 0.3 0.0390625 0.01875
0 0.7125 0.29609375 0.0171875 0.0109375
0 0.7453125 0.246875 0.03515625 0.0171875
0 0.1859375 0.5953125 0.02109375 0.0140625
0 0.24140625 0.61875 0.02265625 0.0125
0 0.23203125 0.63046875 0.01875 0.0109375
0 0.25234375 0.6546875 0.0578125 0.021875
0 0.1375 0.37734375 0.0171875 0.01796875
0 0.01484375 0.3390625 0.0296875 0.02890625
0 0.475 0.3359375 0.0375 0.01796875
0 0.78828125 0.646875 0.01875 0.01328125
0 0.2796875 0.81171875 0.0171875 0.009375
0 0.94296875 0.70703125 0.04609375 0.02421875
0 0.8046875 0.82265625 0.0421875 0.02265625
0 0.73671875 0.8 0.02109375 0.01328125
0 0.7421875 0.81875 0.02109375 0.0140625
0 0.98984375 0.415625 0.0203125 0.0296875
0 0.9234375 0.4046875 0.01875 0.0109375
0 0.1484375 0.39140625 0.02265625 0.0171875
0 0.6359375 0.63984375 0.05625 0.0390625
0 0.6359375 0.6578125 0.0921875 0.06171875
0 0.6 0.65859375 0.10625 0.07421875