0 0.6203125 0.56015625 0.1015625 0.08125
0 0.08125 0.48046875 0.0859375 0.06640625
0 0.5203125 0.825 0.1203125 0.084375
0 0.77421875 0.3890625 0.07265625 0.06484375
0 0.928125 0.553125 0.0703125 0.06015625
1 0.2828125 0.33125 0.2234375 0.18125
1 0.421875 0.18671875 0.1375 0.12578125
0 0.0421875 0.625 0.05390625 0.059375
0 0.82578125 0.56171875 0.075 0.06171875
0 0.625 0.82109375 0.08125 0.0609375
0 0.528125 0.76171875 0.08515625 0.071875
0 0.734375 0.790625 0.0609375 0.0625
0 0.50859375 0.69921875 0.1234375 0.05078125
0 0.5984375 0.66328125 0.0671875 0.0578125
0 0.5453125 0.63203125 0.1140625 0.07109375
0 0.69375 0.76796875 0.0671875 0.06875
0 0.5109375 0.615625 0.08515625 0.07421875
0 0.7046875 0.146875 0.05390625 0.04609375
0 0.3328125 0.690625 0.075 0.06953125
0 0.30859375 0.5265625 0.04765625 0.040625
0 0.5171875 0.471875 0.07109375 0.0484375
0 0.5640625 0.3421875 0.0625 0.05234375
0 0.2671875 0.2765625 0.04609375 0.0421875
0 0.678125 0.15546875 0.04140625 0.0453125
0 0.43515625 0.50546875 0.075 0.04765625
0 0.56484375 0.27578125 0.05234375 0.0578125
0 0.7515625 0.26640625 0.0296875 0.03203125
0 0.8140625 0.3484375 0.0265625 0.0203125
0 0.84140625 0.440625 0.02734375 0.02890625
0 0.95625 0.66953125 0.0375 0.0375
0 0.8328125 0.79453125 0.03125 0.03203125
0 0.8015625 0.62578125 0.0171875 0.01484375
0 0.87265625 0.6421875 0.02734375 0.028125
0 0.325 0.28203125 0.02109375 0.01796875
0 0.30234375 0.32734375 0.0203125 0.01875
0 0.2859375 0.321875 0.0171875 0.015625
0 0.2578125 0.340625 0.0375 0.04609375
0 0.6046875 0.2125 0.0265625 0.015625
0 0.6359375 0.115625 0.0421875 0.02734375
0 0.71171875 0.45625 0.02890625 0.03125
0 0.3515625 0.7359375 0.0203125 0.015625
0 0.0546875 0.3859375 0.01484375 0.0140625
0 0.296875 0.86015625 0.0390625 0.03828125
0 0.12265625 0.7765625 0.0359375 0.034375
0 0.14140625 0.72265625 0.0203125 0.01796875
0 0.11796875 0.72890625 0.02109375 0.01796875
0 0.6875 0.84921875 0.0421875 0.01953125
0 0.6921875 0.79921875 0.0171875 0.015625
0 0.58828125 0.2234375 0.0265625 0.01953125
0 0.3375 0.62265625 0.0609375 0.04765625
0 0.3140625 0.62578125 0.09609375 0.078125
0 0.30625 0.59921875 0.1140625 0.08984375