0 0.5828125 0.41015625 0.1078125 0.075
0 0.4671875 0.81328125 0.0875 0.0640625
0 0.93359375 0.48984375 0.1109375 0.0890625
0 0.3578125 0.2921875 0.08515625 0.053125
0 0.578125 0.1796875 0.07890625 0.0515625
1 0.27109375 0.659375 0.2390625 0.16484375
1 0.08203125 0.553125 0.1640625 0.1015625
0 0.6609375 0.8546875 0.08125 0.059375
0 0.5875 0.25703125 0.0828125 0.05546875
0 0.93125 0.41171875 0.0796875 0.06015625
0 0.85 0.48359375 0.0953125 0.0625
0 0.8921875 0.3296875 0.08359375 0.0453125
0 0.765625 0.496875 0.06640625 0.09296875
0 0.71953125 0.42890625 0.0765625 0.05
0 0.6765625 0.46875 0.09375 0.084375
0 0.8609375 0.359375 0.08984375 0.05
0 0.6546875 0.49375 0.09765625 0.0625
0 0.0328125 0.33984375 0.0609375 0.040625
0 0.75078125 0.628125 0.09140625 0.05546875
0 0.53203125 0.64375 0.05234375 0.034375
0 0.46328125 0.48671875 0.06484375 0.053125
0 0.29140625 0.44921875 0.06875 0.046875
0 0.1984375 0.67109375 0.05625 0.03359375
0 0.04296875 0.36015625 0.05859375 0.0296875
0 0.50625 0.54921875 0.0625 0.05546875
0 0.20234375 0.446875 0.07734375 0.03828125
0 0.19296875 0.30703125 0.04140625 0.021875
0 0.303125 0.26171875 0.0265625 0.01875
0 0.42734375 0.24296875 0.0390625 0.0203125
0 0.73359375 0.1609375 0.05 0.028125
0 0.8984375 0.25546875 0.04140625 0.02265625
0 0.67265625 0.27578125 0.0203125 0.01328125
0 0.6953125 0.2234375 0.0375 0.0203125
0 0.20625 0.62734375 0.0234375 0.015625
0 0.265625 0.64453125 0.025 0.0140625
0 0.25859375 0.6578125 0.02109375 0.01328125
0 0.28359375 0.67890625 0.0609375 0.02734375
0 0.11796875 0.41640625 0.02109375 0.01953125
0 0.00390625 0.390625 0.0078125 0.03203125
0 0.4453125 0.33984375 0.03984375 0.021875
0 0.8125 0.615625 0.02109375 0.01484375
0 0.33984375 0.83203125 0.01875 0.0109375
0 0.97578125 0.65859375 0.0484375 0.02890625
0 0.86171875 0.7875 0.04609375 0.0265625
0 0.790625 0.77265625 0.0234375 0.01484375
0 0.7984375 0.790625 0.0234375 0.015625
0 0.96953125 0.365625 0.025 0.03203125
0 0.9015625 0.3609375 0.02109375 0.01328125
0 0.13203125 0.42890625 0.025 0.01875
0 0.6609375 0.62421875 0.0625 0.0453125
0 0.6640625 0.64140625 0.10234375 0.07109375
0 0.62890625 0.646875 0.11875 0.084375