0 0.31875 0.57890625 0.13984375 0.06484375
0 0.64375 0.6671875 0.0671875 0.0515625
0 0.7109375 0.3359375 0.06640625 0.04296875
0 0.2296875 0.321875 0.0484375 0.084375
0 0.465625 0.4359375 0.05625 0.07109375
0 0.703125 0.596875 0.05390625 0.03359375
1 0.04296875 0.45390625 0.0859375 0.16171875
0 0.02734375 0.178125 0.01484375 0.01015625
0 0.07578125 0.1875 0.01875 0.01328125
0 0.5453125 0.28828125 0.0265625 0.02421875
0 0.59765625 0.29453125 0.0171875 0.01796875
0 0.6859375 0.30625 0.0296875 0.01953125
0 0.953125 0.2640625 0.0265625 0.0203125
0 0.984375 0.23671875 0.0265625 0.03671875
0 0.6390625 0.56953125 0.0375 0.02734375
0 0.4875 0.5453125 0.03984375 0.02734375
0 0.6546875 0.60546875 0.02109375 0.01875
0 0.49375 0.4234375 0.025 0.02421875
0 0.5234375 0.603125 0.0125 0.00625
0 0.484375 0.6640625 0.0109375 0.00546875
0 0.4796875 0.4453125 0.02109375 0.021875
0 0.7265625 0.625 0.025 0.0203125
0 0.71796875 0.5734375 0.04609375 0.025
0 0.7859375 0.44296875 0.0390625 0.02890625
0 0.7875 0.42265625 0.0171875 0.0140625
0 0.6703125 0.47734375 0.0390625 0.0328125
0 0.7984375 0.36171875 0.025 0.0203125
0 0.85078125 0.55390625 0.01640625 0.0140625
0 0.740625 0.7171875 0.03359375 0.02421875
0 0.68125 0.7359375 0.02734375 0.021875
0 0.70234375 0.675 0.02734375 0.015625
0 0.3796875 0.54765625 0.1046875 0.04609375
0 0.37890625 0.553125 0.0734375 0.01953125
0 0.4390625 0.49375 0.0390625 0.02734375
0 0.4375 0.49453125 0.0140625 0.0109375
0 0.49921875 0.54375 0.01640625 0.0140625
0 0.62890625 0.409375 0.0390625 0.034375
0 0.6984375 0.4984375 0.04375 0.03359375
0 0.715625 0.5015625 0.00859375 0.0140625
0 0.7296875 0.32734375 0.025 0.01953125
0 0.01875 0.4296875 0.0046875 0.0078125