0 0.68125 0.39921875 0.08984375 0.0609375
0 0.64296875 0.26953125 0.1359375 0.1125
0 0.76953125 0.6546875 0.13515625 0.07109375
0 0.33828125 0.478125 0.1234375 0.0796875
0 0.1796875 0.3828125 0.08125 0.1125
0 0.5390625 0.5609375 0.07890625 0.05859375
0 0.6015625 0.421875 0.12109375 0.08984375
0 0.3734375 0.34921875 0.1046875 0.11015625
0 0.83203125 0.37265625 0.09375 0.06484375
0 0.1578125 0.315625 0.1 0.0921875
0 0.25 0.70546875 0.1453125 0.05703125
0 0.63828125 0.671875 0.1265625 0.07421875
0 0.4703125 0.30078125 0.0640625 0.121875
0 0.36953125 0.7359375 0.0765625 0.05546875
0 0.0796875 0.175 0.04765625 0.0359375
0 0.03984375 0.39921875 0.04375 0.0328125
0 0.60390625 0.7109375 0.06640625 0.0484375
0 0.35546875 0.59296875 0.1 0.03828125
0 0.240625 0.19609375 0.0546875 0.03671875
0 0.2203125 0.63359375 0.1359375 0.040625
0 0.0640625 0.384375 0.04609375 0.0328125
0 0.06796875 0.7640625 0.05625 0.0265625
0 0.22109375 0.3390625 0.0625 0.0265625
0 0.1171875 0.66953125 0.15625 0.0421875
0 0.25703125 0.47734375 0.0359375 0.0328125
0 0.2296875 0.50859375 0.01875 0.01484375
0 0.21875 0.50078125 0.025 0.021875
0 0.0078125 0.33125 0.015625 0.021875
0 0.4296875 0.45703125 0.03515625 0.0234375
0 0.98828125 0.62265625 0.02109375 0.015625
0 0.290625 0.80859375 0.01875 0.01328125
0 0.340625 0.9046875 0.04140625 0.03125
0 0.34453125 0.70390625 0.03359375 0.02890625
0 0.2109375 0.3265625 0.0265625 0.0078125
0 0.9109375 0.159375 0.14140625 0.01953125
0 0.4484375 0.57890625 0.0265625 0.01875
0 0.2640625 0.7171875 0.0203125 0.00859375