0 0.3828125 0.35546875 0.0890625 0.07265625
0 0.20703125 0.37265625 0.1609375 0.11171875
0 0.728125 0.31171875 0.10625 0.10703125
0 0.4578125 0.61953125 0.11640625 0.09921875
0 0.3171875 0.7296875 0.15625 0.0703125
0 0.58359375 0.47578125 0.08359375 0.0640625
0 0.4046875 0.4171875 0.1296875 0.0984375
0 0.2890625 0.58125 0.1546875 0.08828125
0 0.36015625 0.240625 0.09375 0.07578125
0 0.2265625 0.740625 0.13125 0.0828125
0 0.75078125 0.70546875 0.0890625 0.11328125
0 0.73984375 0.41171875 0.11015625 0.1015625
0 0.2328125 0.50546875 0.1671875 0.05859375
0 0.8015625 0.61796875 0.0796875 0.06171875
0 0.03203125 0.7859375 0.0515625 0.03828125
0 0.3265625 0.8359375 0.04765625 0.0359375
0 0.7890625 0.440625 0.0703125 0.05390625
0 0.6109375 0.615625 0.06015625 0.078125
0 0.07421875 0.66796875 0.05390625 0.04375
0 0.653125 0.72109375 0.06484375 0.10546875
0 0.30859375 0.815625 0.04765625 0.0375
0 0.81328125 0.84609375 0.03984375 0.04375
0 0.26171875 0.69453125 0.03984375 0.0484375
0 0.69140625 0.8015625 0.0703125 0.1203125
0 0.4484375 0.6796875 0.04609375 0.0296875
0 0.48828125 0.703125 0.02109375 0.01484375
0 0.4765625 0.71015625 0.03125 0.0203125
0 0.234375 0.85390625 0.0296875 0.0140625
0 0.43671875 0.5484375 0.03359375 0.028125
0 0.70546875 0.1453125 0.02265625 0.0171875
0 0.890625 0.68359375 0.01875 0.01484375
0 0.75703125 0.634375 0.04140625 0.028125
0 0.2453125 0.70078125 0.0125 0.0203125
0 0.08359375 0.16328125 0.0390625 0.10703125
0 0.6 0.5453125 0.02734375 0.021875
0 0.7671875 0.6953125 0.0125 0.015625