1 0.35234375 0.59765625 0.1328125 0.115625
1 0.5859375 0.69921875 0.09765625 0.08125
1 0.46171875 0.6578125 0.09140625 0.078125
0 0.290625 0.35703125 0.0875 0.0828125
0 0.325 0.31953125 0.08984375 0.0734375
0 0.6203125 0.24140625 0.1 0.0640625
0 0.4140625 0.34921875 0.0796875 0.059375
0 0.3703125 0.3890625 0.0734375 0.053125
1 0.71875 0.78125 0.13125 0.0859375
0 0.71875 0.18671875 0.07265625 0.05703125
0 0.6515625 0.309375 0.12734375 0.08046875
0 0.76796875 0.31484375 0.06015625 0.046875
0 0.7171875 0.27109375 0.1140625 0.06015625
0 0.69609375 0.7234375 0.09609375 0.04296875
0 0.5265625 0.6171875 0.0484375 0.0359375
0 0.48125 0.59453125 0.04609375 0.03828125
0 0.6125 0.38203125 0.0828125 0.11875
1 0.6796875 0.85859375 0.0828125 0.02421875
0 0.1703125 0.77578125 0.0234375 0.0234375
0 0.1234375 0.6609375 0.03125 0.02421875
0 0.1578125 0.56328125 0.02265625 0.021875
0 0.25234375 0.54609375 0.01015625 0.00859375
0 0.21640625 0.26640625 0.0328125 0.0234375
0 0.1140625 0.175 0.02734375 0.021875
0 0.2484375 0.2 0.02265625 0.01796875
0 0.0984375 0.36328125 0.02109375 0.015625
0 0.1109375 0.3796875 0.01015625 0.00859375
0 0.1671875 0.22421875 0.02265625 0.0234375
0 0.3734375 0.84453125 0.02734375 0.02421875
0 0.6734375 0.53984375 0.01875 0.01796875
0 0.30390625 0.3890625 0.0625 0.01796875
0 0.4546875 0.3984375 0.01875 0.0140625
0 0.446875 0.25078125 0.0375 0.01953125
0 0.59609375 0.18203125 0.0328125 0.0265625
0 0.6265625 0.13671875 0.0234375 0.01796875
0 0.66015625 0.16640625 0.03359375 0.02421875
0 0.459375 0.328125 0.01015625 0.0125
0 0.49609375 0.23046875 0.01015625 0.0078125
0 0.91953125 0.6390625 0.0296875 0.03828125
0 0.78515625 0.6859375 0.0296875 0.0265625
0 0.8796875 0.8328125 0.01015625 0.0109375
0 0.74296875 0.61171875 0.02734375 0.021875
0 0.72109375 0.146875 0.0328125 0.02734375
0 0.9265625 0.31171875 0.0125 0.0125
0 0.79296875 0.1234375 0.03515625 0.0125
0 0.284375 0.2765625 0.02265625 0.02265625
0 0.1328125 0.3609375 0.0359375 0.034375
0 0.14453125 0.3609375 0.0078125 0.0109375
0 0.3203125 0.3578125 0.02890625 0.03828125
0 0.34921875 0.30859375 0.0359375 0.03359375
0 0.46953125 0.32734375 0.00859375 0.0109375
0 0.91953125 0.2265625 0.0109375 0.0078125
0 0.34140625 0.2765625 0.0078125 0.00625