1 0.65390625 0.4078125 0.1296875 0.1140625
1 0.42890625 0.29765625 0.0953125 0.0796875
1 0.54921875 0.34375 0.0890625 0.0765625
0 0.6984375 0.65078125 0.08515625 0.08125
0 0.66171875 0.6875 0.0875 0.071875
0 0.3625 0.753125 0.0984375 0.06171875
0 0.57578125 0.65390625 0.07890625 0.0578125
0 0.62265625 0.615625 0.07265625 0.05234375
1 0.3015625 0.21015625 0.1296875 0.084375
0 0.26015625 0.80390625 0.07109375 0.05625
0 0.3359375 0.68359375 0.125 0.0796875
0 0.21875 0.67421875 0.05859375 0.04609375
0 0.2671875 0.72109375 0.1125 0.059375
0 0.3203125 0.26953125 0.09609375 0.04140625
0 0.48203125 0.38203125 0.0484375 0.0359375
0 0.525 0.40703125 0.04609375 0.03828125
0 0.3796875 0.61328125 0.0796875 0.11796875
1 0.34609375 0.134375 0.08125 0.0234375
0 0.8484375 0.2375 0.02265625 0.02265625
0 0.88828125 0.35390625 0.0296875 0.0234375
0 0.84609375 0.45 0.02109375 0.0203125
0 0.75 0.46328125 0.01015625 0.00859375
0 0.7671875 0.74453125 0.03125 0.02265625
0 0.86171875 0.8390625 0.0265625 0.0203125
0 0.73046875 0.809375 0.02109375 0.0171875
0 0.890625 0.65234375 0.0203125 0.01484375
0 0.8796875 0.6359375 0.01015625 0.00859375
0 0.81328125 0.78828125 0.02109375 0.02265625
0 0.65078125 0.1609375 0.0265625 0.0234375
0 0.3296875 0.453125 0.0171875 0.01796875
0 0.6890625 0.61796875 0.0609375 0.0171875
0 0.53828125 0.603125 0.0171875 0.0140625
0 0.5359375 0.75078125 0.0359375 0.01953125
0 0.38125 0.8140625 0.03125 0.025
0 0.3484375 0.8578125 0.02265625 0.0171875
0 0.3171875 0.82734375 0.0328125 0.0234375
0 0.52890625 0.6734375 0.01015625 0.0125
0 0.48515625 0.76953125 0.01015625 0.0078125
0 0.09140625 0.34453125 0.0296875 0.0375
0 0.228125 0.30234375 0.02890625 0.025
0 0.14375 0.15234375 0.01015625 0.0109375
0 0.26484375 0.37890625 0.0265625 0.0203125
0 0.2546875 0.84375 0.03125 0.0265625
0 0.0609375 0.67109375 0.0125 0.0125
0 0.18046875 0.8640625 0.03515625 0.0109375
0 0.69921875 0.73203125 0.02109375 0.021875
0 0.85703125 0.653125 0.0359375 0.03359375
0 0.8453125 0.653125 0.0078125 0.0109375
0 0.66875 0.64921875 0.02890625 0.0375
0 0.6375 0.69765625 0.0359375 0.0328125
0 0.51875 0.67421875 0.00859375 0.0109375
0 0.06171875 0.75625 0.0109375 0.0078125
0 0.6421875 0.72890625 0.0078125 0.00625