0 0.3984375 0.40078125 0.0859375 0.059375
0 0.0859375 0.565625 0.0625 0.05390625
0 0.121875 0.7796875 0.0546875 0.0359375
0 0.3796875 0.44609375 0.0890625 0.0609375
0 0.1765625 0.31796875 0.06484375 0.03671875
1 0.77578125 0.45625 0.26640625 0.08359375
0 0.5328125 0.47734375 0.07734375 0.04609375
0 0.3578125 0.540625 0.12890625 0.03359375
0 0.49765625 0.53671875 0.04375 0.0484375
0 0.45625 0.4140625 0.06640625 0.11484375
0 0.98203125 0.5109375 0.0359375 0.04140625
0 0.6140625 0.38515625 0.09609375 0.06328125
0 0.13671875 0.2484375 0.0359375 0.03203125
0 0.2890625 0.2359375 0.02734375 0.015625
0 0.0265625 0.178125 0.0359375 0.03359375
0 0.8859375 0.1921875 0.0328125 0.02890625
0 0.92734375 0.25625 0.03515625 0.02890625
0 0.83125 0.16328125 0.0265625 0.01484375
0 0.77109375 0.15859375 0.01875 0.009375
0 0.7171875 0.1609375 0.01875 0.01015625
0 0.11328125 0.50078125 0.04375 0.0328125
0 0.25703125 0.61953125 0.0375 0.0234375
0 0.14453125 0.6484375 0.0359375 0.040625
0 0.1984375 0.54140625 0.03359375 0.01796875
0 0.25234375 0.5703125 0.02890625 0.015625
0 0.61484375 0.428125 0.0734375 0.02421875
0 0.45234375 0.61015625 0.01875 0.0140625
0 0.6140625 0.51171875 0.01484375 0.009375
0 0.940625 0.32109375 0.03515625 0.028125
0 0.70546875 0.59453125 0.04140625 0.01796875
0 0.1765625 0.72734375 0.03359375 0.04140625
0 0.253125 0.6984375 0.0296875 0.015625
0 0.19140625 0.72109375 0.01484375 0.0125
0 0.4578125 0.72421875 0.03984375 0.021875
0 0.48203125 0.6890625 0.01640625 0.0234375
0 0.45 0.5625 0.02890625 0.07890625
0 0.46484375 0.61640625 0.01015625 0.0171875
1 0.3078125 0.62421875 0.35234375 0.29921875