0 0.41328125 0.39296875 0.07890625 0.05390625
0 0.0796875 0.5328125 0.05625 0.05
0 0.08515625 0.74765625 0.0515625 0.03203125
0 0.38828125 0.43671875 0.08125 0.05546875
0 0.203125 0.29375 0.0609375 0.03203125
1 0.7796875 0.478125 0.25859375 0.0640625
0 0.5359375 0.48046875 0.07265625 0.040625
0 0.35234375 0.5296875 0.1265625 0.02421875
0 0.4921875 0.53671875 0.0375 0.04609375
0 0.46796875 0.4109375 0.0515625 0.1109375
0 0.9796875 0.5484375 0.03515625 0.03828125
0 0.6296875 0.39453125 0.0890625 0.05625
0 0.1734375 0.22109375 0.0328125 0.02890625
0 0.01171875 0.115625 0.0234375 0.03125
0 0.01328125 0.20390625 0.0265625 0.03125
0 0.3265625 0.22109375 0.0265625 0.0140625
0 0.0734375 0.14296875 0.0328125 0.03125
0 0.9265625 0.22421875 0.02890625 0.02734375
0 0.959375 0.290625 0.03125 0.02734375
0 0.8765625 0.190625 0.025 0.01328125
0 0.8171875 0.18203125 0.0171875 0.00859375
0 0.7640625 0.1796875 0.0171875 0.009375
0 0.11484375 0.4703125 0.03984375 0.0296875
0 0.24140625 0.6 0.03515625 0.0203125
0 0.12578125 0.6203125 0.03125 0.03828125
0 0.19453125 0.5171875 0.03125 0.01484375
0 0.24375 0.55078125 0.02734375 0.0140625
0 0.62421875 0.4375 0.07109375 0.01875
0 0.4375 0.60546875 0.0171875 0.01328125
0 0.61171875 0.5203125 0.0140625 0.00859375
0 0.96328125 0.35703125 0.03125 0.0265625
0 0.69140625 0.61015625 0.03984375 0.01484375
0 0.146875 0.70078125 0.02890625 0.0390625
0 0.2265625 0.67734375 0.02890625 0.0140625
0 0.16171875 0.69609375 0.0140625 0.0109375
0 0.42734375 0.71953125 0.0375 0.01875
0 0.45546875 0.68671875 0.0140625 0.02265625
0 0.4421875 0.55859375 0.0171875 0.078125
0 0.4484375 0.61328125 0.0078125 0.015625
1 0.2921875 0.6078125 0.31640625 0.27578125
0 0.996875 0.71953125 0.00625 0.01484375