1 0.77109375 0.38359375 0.1171875 0.0890625
1 0.66640625 0.4484375 0.18984375 0.13359375
0 0.51875 0.53515625 0.0953125 0.06171875
0 0.26484375 0.47265625 0.1828125 0.09296875
0 0.21015625 0.32265625 0.16015625 0.09921875
0 0.65234375 0.58046875 0.08984375 0.0609375
0 0.19609375 0.228125 0.08984375 0.0734375
0 0.58125 0.6421875 0.0734375 0.0484375
0 0.26328125 0.38515625 0.10625 0.06875
0 0.4953125 0.5875 0.05234375 0.0359375
1 0.91484375 0.4875 0.1703125 0.1296875
0 0.46875 0.42421875 0.07734375 0.04765625
0 0.63046875 0.26328125 0.0703125 0.04296875
0 0.46015625 0.4921875 0.06640625 0.0484375
1 0.42890625 0.63125 0.1125 0.084375
0 0.115625 0.63125 0.0484375 0.0546875
0 0.51015625 0.63359375 0.06484375 0.04609375
0 0.42421875 0.33359375 0.0625 0.0515625
0 0.5640625 0.4015625 0.05 0.0375
0 0.6046875 0.3875 0.0453125 0.04140625
1 0.93515625 0.71015625 0.1296875 0.1015625
0 0.9625 0.425 0.05234375 0.0453125
0 0.96484375 0.634375 0.0625 0.040625
0 0.4921875 0.4515625 0.0484375 0.034375
0 0.4453125 0.77578125 0.0515625 0.0296875
0 0.5046875 0.84140625 0.05234375 0.0359375
0 0.5734375 0.846875 0.05 0.034375
1 0.43046875 0.765625 0.1140625 0.07734375
0 0.0125 0.42734375 0.025 0.05625
1 0.96640625 0.6078125 0.0671875 0.12890625
0 0.31640625 0.1671875 0.0203125 0.0109375
0 0.415625 0.2015625 0.03359375 0.0328125
0 0.5671875 0.18515625 0.0265625 0.01328125
0 0.54453125 0.27734375 0.01875 0.0140625
0 0.9453125 0.32421875 0.01875 0.05078125
0 0.9484375 0.22734375 0.0125 0.01875
0 0.9625 0.33125 0.01484375 0.0109375
0 0.20703125 0.53359375 0.0390625 0.028125
0 0.06015625 0.45625 0.0296875 0.01953125
0 0.1171875 0.46328125 0.03125 0.0234375
0 0.13203125 0.48984375 0.01640625 0.0140625
0 0.12890625 0.5046875 0.02734375 0.01953125
0 0.09765625 0.55859375 0.0203125 0.0140625
0 0.1515625 0.49609375 0.0265625 0.0203125
0 0.053125 0.44140625 0.01875 0.0125
0 0.0890625 0.4765625 0.02890625 0.01953125
0 0.0859375 0.45859375 0.02734375 0.01875
0 0.07421875 0.44140625 0.02890625 0.021875
0 0.065625 0.48515625 0.0390625 0.028125
0 0.35703125 0.6203125 0.0390625 0.03203125
0 0.65 0.33828125 0.0359375 0.03125
0 0.63203125 0.4734375 0.04609375 0.021875
0 0.54609375 0.43828125 0.03984375 0.0203125
0 0.43515625 0.65 0.04140625 0.02421875
0 0.6484375 0.71953125 0.04140625 0.028125
0 0.4296875 0.81640625 0.03984375 0.02890625
0 0.40625 0.77734375 0.0203125 0.01953125
0 0.39140625 0.7375 0.0125 0.01015625
0 0.9328125 0.57265625 0.01875 0.06328125
0 0.98984375 0.51953125 0.0203125 0.0359375
0 0.5671875 0.1734375 0.025 0.009375
0 0.0734375 0.46953125 0.01484375 0.0109375
0 0.1515625 0.5109375 0.01640625 0.0125
0 0.43828125 0.6546875 0.0140625 0.009375
0 0.40234375 0.646875 0.0109375 0.0125
0 0.44765625 0.7796875 0.0140625 0.0109375
0 0.57265625 0.76875 0.0453125 0.0296875
0 0.41015625 0.66328125 0.01875 0.0140625