0 0.43671875 0.68671875 0.07265625 0.0578125
0 0.18515625 0.5875 0.1375 0.1109375
0 0.13359375 0.39140625 0.0484375 0.0359375
0 0.390625 0.64921875 0.08125 0.06640625
0 0.0890625 0.53828125 0.0484375 0.0359375
0 0.3171875 0.65078125 0.0640625 0.053125
0 0.6328125 0.81328125 0.1796875 0.0765625
0 0.3390625 0.2 0.05625 0.03828125
0 0.7203125 0.79296875 0.1328125 0.0734375
0 0.77890625 0.7109375 0.1390625 0.0703125
0 0.7296875 0.76328125 0.17890625 0.0734375
0 0.87734375 0.13984375 0.0375 0.02890625
0 0.8578125 0.1671875 0.0234375 0.01796875
0 0.7046875 0.2625 0.0296875 0.0265625
0 0.9171875 0.246875 0.0109375 0.0078125
0 0.75078125 0.296875 0.02265625 0.021875
0 0.88046875 0.81640625 0.02734375 0.0328125
0 0.95703125 0.62890625 0.02109375 0.01484375
0 0.95 0.63984375 0.0171875 0.01328125
0 0.921875 0.69296875 0.03125 0.0265625
0 0.45078125 0.1484375 0.0328125 0.025
0 0.57890625 0.5296875 0.0234375 0.0171875
0 0.56328125 0.37265625 0.01875 0.01484375
0 0.378125 0.39453125 0.02109375 0.0171875
0 0.5796875 0.37265625 0.01875 0.01796875
0 0.38828125 0.8296875 0.025 0.0421875
0 0.6890625 0.71640625 0.03515625 0.0265625
0 0.425 0.8765625 0.03515625 0.0203125
0 0.55 0.78125 0.02265625 0.0234375
0 0.646875 0.75546875 0.03515625 0.01875
0 0.56875 0.7515625 0.02734375 0.025
0 0.51953125 0.7171875 0.01640625 0.0140625
0 0.415625 0.75 0.02265625 0.03671875
0 0.4109375 0.775 0.01640625 0.02265625
0 0.35390625 0.7640625 0.01484375 0.021875
0 0.3453125 0.86015625 0.0109375 0.02421875
0 0.10234375 0.296875 0.04375 0.0328125
0 0.0421875 0.23828125 0.03125 0.02421875
0 0.2390625 0.825 0.02890625 0.03359375
0 0.184375 0.75625 0.0265625 0.01796875
0 0.25390625 0.8046875 0.01640625 0.021875
0 0.18828125 0.88203125 0.01484375 0.021875
0 0.2859375 0.7125 0.0421875 0.03125
0 0.15625 0.9046875 0.01640625 0.01875
0 0.6515625 0.22265625 0.0390625 0.0359375
0 0.56796875 0.3875 0.0140625 0.01015625
0 0.50625 0.46875 0.02890625 0.01953125
0 0.490625 0.45234375 0.0265625 0.021875
0 0.4265625 0.415625 0.0265625 0.01953125
0 0.1984375 0.1578125 0.03515625 0.01328125
0 0.55625 0.82734375 0.01484375 0.021875
0 0.646875 0.7765625 0.12890625 0.06953125
0 0.7734375 0.80234375 0.0203125 0.01953125
0 0.8171875 0.76640625 0.01875 0.01953125
0 0.83359375 0.70078125 0.01875 0.01953125
0 0.6640625 0.59765625 0.02265625 0.0140625
1 0.6765625 0.42890625 0.50625 0.375
1 0.47421875 0.29140625 0.5234375 0.3765625