0 0.36640625 0.66484375 0.0734375 0.0578125
0 0.16484375 0.5140625 0.1390625 0.1125
0 0.1921875 0.315625 0.05 0.0359375
0 0.33671875 0.61875 0.0828125 0.0671875
0 0.0921875 0.446875 0.05 0.0359375
0 0.26640625 0.60390625 0.0640625 0.053125
0 0.5046875 0.828125 0.1796875 0.07890625
0 0.46328125 0.17734375 0.05625 0.0390625
0 0.5953125 0.82890625 0.13359375 0.075
0 0.684375 0.7625 0.13984375 0.071875
0 0.6171875 0.80234375 0.1796875 0.07578125
0 0.99140625 0.2390625 0.0171875 0.0296875
0 0.971875 0.26015625 0.0234375 0.01796875
0 0.78828125 0.3171875 0.03125 0.0265625
0 0.99609375 0.3484375 0.0078125 0.0078125
0 0.81875 0.36015625 0.02265625 0.021875
0 0.740625 0.8859375 0.02890625 0.0328125
0 0.88671875 0.7234375 0.02109375 0.01484375
0 0.87578125 0.7328125 0.0171875 0.01328125
0 0.828125 0.7765625 0.0328125 0.0265625
0 0.9046875 0.90234375 0.0296875 0.05
0 0.58984375 0.153125 0.0328125 0.025
0 0.5640625 0.5453125 0.0234375 0.0171875
0 0.61015625 0.39296875 0.01875 0.01484375
0 0.42421875 0.37265625 0.02109375 0.0171875
0 0.62578125 0.39609375 0.01875 0.01796875
0 0.2640625 0.790625 0.0265625 0.0421875
0 0.596875 0.7484375 0.0359375 0.02734375
0 0.28125 0.84375 0.0359375 0.021875
0 0.43828125 0.7796875 0.02265625 0.0234375
0 0.540625 0.7765625 0.03515625 0.01953125
0 0.4671875 0.75546875 0.02890625 0.0265625
0 0.43359375 0.7125 0.01640625 0.01484375
0 0.321875 0.72109375 0.0234375 0.0375
0 0.3078125 0.74296875 0.01640625 0.02265625
0 0.2578125 0.72109375 0.01484375 0.021875
0 0.21171875 0.81015625 0.0125 0.02421875
0 0.1984375 0.21875 0.04375 0.0328125
0 0.1640625 0.14921875 0.03125 0.02421875
0 0.12421875 0.753125 0.02890625 0.03359375
0 0.0984375 0.67578125 0.0265625 0.01875
0 0.1453125 0.7375 0.01640625 0.021875
0 0.05234375 0.796875 0.01484375 0.021875
0 0.21171875 0.65625 0.0421875 0.03125
0 0.01328125 0.81171875 0.01640625 0.01875
0 0.753125 0.26796875 0.0390625 0.03671875
0 0.60859375 0.40703125 0.0140625 0.01015625
0 0.51796875 0.47109375 0.0296875 0.01953125
0 0.509375 0.45234375 0.0265625 0.02265625
0 0.46328125 0.403125 0.02734375 0.0203125
0 0.34453125 0.10703125 0.03515625 0.01328125
0 0.4265625 0.825 0.01484375 0.021875
0 0.5328125 0.796875 0.12890625 0.0703125
0 0.64375 0.84921875 0.0203125 0.01953125
0 0.69921875 0.82421875 0.01875 0.0203125
0 0.740625 0.76484375 0.01875 0.0203125
0 0.61875 0.6296875 0.02265625 0.0140625
1 0.696875 0.4703125 0.5125 0.3796875
1 0.55703125 0.2953125 0.5296875 0.38203125