1 0.2453125 0.56171875 0.490625 0.3671875
0 0.18359375 0.36796875 0.12890625 0.065625
0 0.9171875 0.39765625 0.05625 0.034375
0 0.6796875 0.2015625 0.0640625 0.04765625
0 0.78671875 0.36796875 0.0578125 0.034375
0 0.58359375 0.18125 0.0671875 0.059375
0 0.2984375 0.39296875 0.0515625 0.02734375
0 0.3671875 0.353125 0.0859375 0.1265625
0 0.840625 0.46875 0.01640625 0.0203125
0 0.9015625 0.6046875 0.025 0.021875
0 0.93671875 0.57109375 0.01875 0.0171875
0 0.9765625 0.52265625 0.03359375 0.0171875
0 0.9046875 0.53828125 0.02265625 0.0203125
0 0.9328125 0.70546875 0.02109375 0.01875
0 0.77890625 0.6671875 0.01875 0.0171875
0 0.88203125 0.6515625 0.02265625 0.02265625
0 0.7609375 0.75078125 0.02109375 0.0109375
0 0.89453125 0.65859375 0.0125 0.0125
0 0.86796875 0.690625 0.00859375 0.00625
0 0.3578125 0.5171875 0.03515625 0.0328125
0 0.50625 0.446875 0.02109375 0.0234375
0 0.43671875 0.62109375 0.01875 0.01953125
0 0.34921875 0.84375 0.03125 0.0234375
0 0.303125 0.8296875 0.02734375 0.02421875
0 0.29453125 0.77890625 0.03359375 0.0296875
0 0.31796875 0.8375 0.01875 0.0171875
0 0.3703125 0.8140625 0.01015625 0.009375
0 0.31171875 0.7828125 0.01875 0.01796875
0 0.3609375 0.81796875 0.00859375 0.00859375
0 0.25390625 0.409375 0.0125 0.00859375
0 0.753125 0.171875 0.0828125 0.0234375
0 0.73671875 0.18125 0.1453125 0.0375
1 0.4921875 0.18125 0.14765625 0.1140625
0 0.86875 0.671875 0.0078125 0.00546875
0 0.875 0.675 0.0046875 0.00625
0 0.87890625 0.678125 0.00859375 0.0078125
0 0.8765625 0.684375 0.0078125 0.00625
0 0.4234375 0.6046875 0.00859375 0.01015625
0 0.41484375 0.6015625 0.01015625 0.01015625
0 0.3078125 0.50625 0.01015625 0.0078125
0 0.30078125 0.51015625 0.01015625 0.009375
0 0.290625 0.51015625 0.01015625 0.00859375
0 0.06328125 0.41484375 0.01640625 0.01015625
1 0.209375 0.77578125 0.41875 0.19609375