1 0.5890625 0.70390625 0.4796875 0.39140625
0 0.3296875 0.73984375 0.08515625 0.0953125
0 0.35625 0.1890625 0.0453125 0.04140625
0 0.0984375 0.3703125 0.0625 0.046875
0 0.31875 0.2875 0.0453125 0.0421875
0 0.0734375 0.44296875 0.07734375 0.05
0 0.3609375 0.653125 0.03515625 0.03828125
0 0.30625 0.60234375 0.1671875 0.0625
0 0.1359375 0.10703125 0.025 0.02265625
0 0.21875 0.0765625 0.0203125 0.0171875
0 0.45234375 0.2453125 0.02734375 0.0125
0 0.6328125 0.196875 0.02890625 0.01875
0 0.5875 0.17109375 0.02265625 0.0140625
0 0.52265625 0.1421875 0.02265625 0.025
0 0.54375 0.19609375 0.02734375 0.0171875
0 0.53984375 0.11640625 0.0203125 0.0140625
0 0.76640625 0.171875 0.025 0.015625
0 0.7171875 0.28828125 0.02265625 0.0140625
0 0.6953125 0.2109375 0.0296875 0.0171875
0 0.8296875 0.3 0.01484375 0.015625
0 0.7046875 0.2015625 0.01640625 0.009375
0 0.7484375 0.22109375 0.00859375 0.00625
0 0.52578125 0.60625 0.04375 0.025
0 0.4296875 0.49609375 0.03125 0.015625
0 0.66328125 0.5453125 0.0265625 0.0140625
0 0.9609375 0.60703125 0.03125 0.0234375
0 0.9421875 0.6421875 0.0328125 0.0203125
0 0.8765625 0.64921875 0.03984375 0.02421875
0 0.95390625 0.63046875 0.02265625 0.0140625
0 0.92109375 0.59140625 0.0125 0.0078125
0 0.88046875 0.6359375 0.0234375 0.0140625
0 0.9265625 0.5984375 0.0109375 0.00625
0 0.3828125 0.6859375 0.0109375 0.009375
0 0.0578125 0.315625 0.0296875 0.06171875
0 0.0703125 0.328125 0.04765625 0.1078125
1 0.075 0.5109375 0.15 0.10859375
0 0.72265625 0.22109375 0.0078125 0.00546875
0 0.7265625 0.21640625 0.00859375 0.00390625
0 0.73046875 0.2125 0.01015625 0.00625
0 0.7390625 0.21484375 0.00859375 0.00546875
0 0.64140625 0.55546875 0.0140625 0.00625
0 0.63671875 0.56171875 0.0140625 0.0078125
0 0.5109375 0.64453125 0.01015625 0.0078125
0 0.5171875 0.64921875 0.0125 0.0078125
0 0.5171875 0.65703125 0.0109375 0.0078125
0 0.39375 0.82890625 0.0140625 0.0125
1 0.87265625 0.74375 0.2546875 0.375