1 0.3671875 0.38671875 0.16640625 0.1234375
1 0.5953125 0.4703125 0.2875 0.10390625
1 0.065625 0.35390625 0.12109375 0.1234375
1 0.78515625 0.509375 0.20234375 0.0765625
0 0.9484375 0.5890625 0.04609375 0.03125
0 0.8859375 0.76015625 0.0609375 0.07109375
0 0.33046875 0.7421875 0.0375 0.025
0 0.46875 0.76328125 0.03515625 0.02578125
0 0.6125 0.759375 0.08125 0.0109375
0 0.43828125 0.68359375 0.01640625 0.00703125
0 0.36328125 0.69609375 0.01875 0.01171875
0 0.3953125 0.68359375 0.01484375 0.0078125
0 0.55703125 0.76015625 0.01484375 0.00859375
0 0.55703125 0.76640625 0.0140625 0.00703125
0 0.9796875 0.590625 0.02890625 0.02265625
0 0.984375 0.4828125 0.0296875 0.01640625
0 0.98984375 0.465625 0.0203125 0.02109375
0 0.43359375 0.540625 0.0265625 0.0234375
0 0.5578125 0.5078125 0.04375 0.0171875
0 0.5546875 0.6296875 0.01484375 0.009375
0 0.53828125 0.47265625 0.025 0.0125
0 0.36640625 0.62109375 0.01015625 0.015625
0 0.4171875 0.390625 0.01875 0.01015625
0 0.1796875 0.634375 0.04140625 0.02421875
0 0.2640625 0.47890625 0.03359375 0.0140625
0 0.0515625 0.5 0.0265625 0.01328125
0 0.1609375 0.65 0.03984375 0.01953125
0 0.1796875 0.6015625 0.01640625 0.028125
0 0.21015625 0.5421875 0.01484375 0.00859375
0 0.5046875 0.3015625 0.02265625 0.0140625
0 0.11640625 0.2859375 0.03125 0.00859375
0 0.3015625 0.7 0.0125 0.0109375
0 0.2875 0.6984375 0.0140625 0.009375
0 0.24140625 0.73359375 0.01015625 0.0078125
0 0.15625 0.815625 0.0140625 0.00859375
0 0.42265625 0.6859375 0.0140625 0.05
0 0.94375 0.7640625 0.0625 0.0125
0 0.93984375 0.77578125 0.05 0.00859375
0 0.9859375 0.63203125 0.0078125 0.02109375