1 0.51953125 0.6078125 0.1359375 0.11953125
1 0.80078125 0.6328125 0.1515625 0.121875
1 0.17421875 0.49609375 0.1640625 0.07109375
1 0.33046875 0.53125 0.23125 0.1015625
0 0.0765625 0.2515625 0.0484375 0.06796875
0 0.3046875 0.246875 0.06875 0.009375
0 0.03046875 0.24765625 0.0515625 0.01328125
0 0.53828125 0.2578125 0.02890625 0.0234375
0 0.4234375 0.2390625 0.02734375 0.02421875
0 0.51328125 0.30390625 0.01640625 0.0109375
0 0.3515625 0.24375 0.0125 0.0078125
0 0.4515625 0.3171875 0.0140625 0.0078125
0 0.4890625 0.3171875 0.0125 0.00625
0 0.5640625 0.29765625 0.0109375 0.009375
0 0.35 0.23828125 0.0125 0.00625
0 0.575 0.29921875 0.01015625 0.00859375
0 0.465625 0.31484375 0.00859375 0.05078125
0 0.678125 0.18125 0.00859375 0.0078125
0 0.0109375 0.52578125 0.021875 0.0140625
0 0.03671875 0.42109375 0.0359375 0.03125
0 0.0109375 0.4203125 0.02109375 0.0203125
0 0.0078125 0.5421875 0.01484375 0.01953125
0 0.36171875 0.49296875 0.0359375 0.0171875
0 0.6046875 0.51484375 0.0265625 0.0125
0 0.4625 0.45703125 0.0203125 0.02265625
0 0.35859375 0.371875 0.0125 0.009375
0 0.64609375 0.4515625 0.0125 0.0078125
0 0.51484375 0.3765625 0.0078125 0.01875
0 0.484375 0.6046875 0.01875 0.0109375
0 0.38046875 0.52734375 0.01875 0.009375
0 0.6828125 0.34375 0.03125 0.0203125
0 0.946875 0.5171875 0.01875 0.02734375
0 0.8953125 0.39921875 0.0203125 0.0140625
0 0.78046875 0.48984375 0.02109375 0.0125
0 0.6671875 0.3609375 0.03125 0.0234375
0 0.93046875 0.4984375 0.01640625 0.03359375
0 0.41484375 0.69296875 0.0171875 0.01328125
0 0.9609375 0.6953125 0.01875 0.01015625
0 0.7359375 0.7015625 0.02890625 0.0078125
0 0.9328125 0.696875 0.0265625 0.0078125
0 0.034375 0.2375 0.0421875 0.00859375
0 0.6671875 0.38671875 0.0046875 0.0171875
0 0.671875 0.3984375 0.00625 0.0171875
0 0.4109375 0.521875 0.00625 0.0046875
0 0.61171875 0.2640625 0.00859375 0.01015625