1 0.4703125 0.39375 0.14765625 0.12578125
1 0.1875 0.3828125 0.1625 0.1296875
1 0.825 0.48671875 0.1703125 0.0796875
1 0.66640625 0.459375 0.23984375 0.11328125
0 0.9453125 0.725 0.0546875 0.0703125
0 0.71875 0.7421875 0.0703125 0.01328125
0 0.98203125 0.7265625 0.0359375 0.015625
0 0.484375 0.74375 0.03125 0.025
0 0.6 0.75625 0.0296875 0.025
0 0.5046875 0.69609375 0.0171875 0.0125
0 0.671875 0.74765625 0.0140625 0.00859375
0 0.56484375 0.6796875 0.01484375 0.00859375
0 0.528125 0.68203125 0.0125 0.0078125
0 0.4546875 0.70546875 0.0125 0.01015625
0 0.6734375 0.75390625 0.0125 0.0078125
0 0.44375 0.70390625 0.0109375 0.009375
0 0.5515625 0.6828125 0.0140625 0.05078125
0 0.3515625 0.82734375 0.01015625 0.0078125
0 0.98515625 0.44765625 0.0234375 0.015625
0 0.96953125 0.5546875 0.0390625 0.0328125
0 0.99140625 0.553125 0.0171875 0.021875
0 0.9875 0.43203125 0.01640625 0.0203125
0 0.6390625 0.5 0.0375 0.01875
0 0.39453125 0.490625 0.02734375 0.01328125
0 0.54140625 0.540625 0.02265625 0.0234375
0 0.65234375 0.6203125 0.0140625 0.01015625
0 0.35859375 0.55625 0.0140625 0.00859375
0 0.49609375 0.62421875 0.00859375 0.01875
0 0.50546875 0.39453125 0.0203125 0.0125
0 0.61640625 0.46640625 0.0203125 0.01015625
0 0.33203125 0.665625 0.0328125 0.02265625
0 0.05234375 0.50625 0.02109375 0.028125
0 0.11484375 0.62109375 0.02109375 0.01484375
0 0.22109375 0.525 0.02265625 0.01328125
0 0.34609375 0.64765625 0.03359375 0.025
0 0.0703125 0.52421875 0.01875 0.034375
0 0.5671875 0.303125 0.01875 0.0140625
0 0.02265625 0.32890625 0.0203125 0.0109375
0 0.24609375 0.3109375 0.0296875 0.009375
0 0.04921875 0.3265625 0.02734375 0.00859375
0 0.9828125 0.7375 0.03359375 0.01015625
0 0.34375 0.621875 0.00625 0.0171875
0 0.33828125 0.61015625 0.0078125 0.0171875
0 0.58671875 0.4734375 0.00625 0.0046875
0 0.41015625 0.740625 0.01015625 0.01015625