1 0.5265625 0.60703125 0.14375 0.125
1 0.809375 0.6203125 0.16015625 0.12734375
1 0.17421875 0.50859375 0.16875 0.078125
1 0.3328125 0.53828125 0.2375 0.1109375
0 0.06015625 0.26875 0.05390625 0.06953125
0 0.28671875 0.2546875 0.06875 0.0125
0 0.0203125 0.26640625 0.03984375 0.01484375
0 0.52109375 0.25703125 0.0296875 0.02421875
0 0.40546875 0.24296875 0.02890625 0.025
0 0.49921875 0.30390625 0.0171875 0.0125
0 0.33359375 0.25 0.0125 0.00859375
0 0.4390625 0.31953125 0.0140625 0.00859375
0 0.4765625 0.3171875 0.0125 0.0078125
0 0.55 0.2953125 0.0125 0.009375
0 0.33203125 0.24375 0.0125 0.0078125
0 0.5609375 0.29609375 0.01015625 0.00859375
0 0.45234375 0.315625 0.0125 0.05078125
0 0.65546875 0.175 0.00859375 0.0078125
0 0.0140625 0.54609375 0.0234375 0.015625
0 0.03203125 0.4390625 0.0390625 0.03203125
0 0.0078125 0.4390625 0.015625 0.021875
0 0.0109375 0.56171875 0.01640625 0.0203125
0 0.36171875 0.4984375 0.0375 0.01796875
0 0.6046875 0.5109375 0.02734375 0.01328125
0 0.459375 0.45859375 0.02109375 0.0234375
0 0.35 0.37734375 0.0140625 0.01015625
0 0.6421875 0.44609375 0.0125 0.00859375
0 0.50625 0.37578125 0.00859375 0.01875
0 0.4921875 0.60546875 0.0203125 0.0125
0 0.3828125 0.53203125 0.0203125 0.01015625
0 0.671875 0.33671875 0.0328125 0.021875
0 0.94765625 0.49921875 0.0203125 0.028125
0 0.8875 0.384375 0.02109375 0.01484375
0 0.7796875 0.47890625 0.02265625 0.01328125
0 0.65703125 0.3546875 0.0328125 0.02421875
0 0.9296875 0.48203125 0.01875 0.034375
0 0.42890625 0.69609375 0.01875 0.0140625
0 0.9734375 0.67734375 0.0203125 0.0109375
0 0.74921875 0.6921875 0.02890625 0.00859375
0 0.94609375 0.6796875 0.0265625 0.00859375
0 0.01875 0.25625 0.0375 0.01015625
0 0.65859375 0.38046875 0.00625 0.0171875
0 0.6640625 0.3921875 0.0078125 0.0171875
0 0.4125 0.525 0.00625 0.0046875
0 0.5953125 0.26015625 0.01015625 0.01015625