1 0.90859375 0.421875 0.1828125 0.084375
1 0.94140625 0.49296875 0.1171875 0.06171875
0 0.78984375 0.7015625 0.07265625 0.0359375
0 0.67265625 0.58671875 0.0828125 0.040625
0 0.0953125 0.81328125 0.07265625 0.0375
0 0.5734375 0.50703125 0.0703125 0.03984375
0 0.29921875 0.59921875 0.05390625 0.03125
0 0.78828125 0.309375 0.05390625 0.02890625
0 0.62578125 0.49609375 0.05625 0.03046875
0 0.86171875 0.30703125 0.0484375 0.03125
0 0.66953125 0.44375 0.0609375 0.0234375
0 0.06953125 0.596875 0.06640625 0.034375
0 0.259375 0.53203125 0.0734375 0.06640625
0 0.08984375 0.4984375 0.06015625 0.03203125
0 0.47890625 0.41640625 0.0625 0.06328125
0 0.77734375 0.36796875 0.0578125 0.021875
0 0.496875 0.4390625 0.05625 0.034375
0 0.43125 0.4140625 0.04765625 0.06875
0 0.23203125 0.5515625 0.05625 0.034375
0 0.3140625 0.52734375 0.04375 0.07890625
0 0.753125 0.38984375 0.05390625 0.025
0 0.8609375 0.55546875 0.09765625 0.05703125
0 0.21328125 0.28984375 0.04609375 0.02421875
0 0.2296875 0.315625 0.0390625 0.02109375
0 0.0390625 0.228125 0.03984375 0.01484375
0 0.26484375 0.32890625 0.02734375 0.01484375
0 0.04921875 0.2859375 0.0140625 0.01015625
0 0.03125 0.28671875 0.0125 0.009375
0 0.5046875 0.2484375 0.03984375 0.01640625
0 0.63515625 0.24921875 0.025 0.0171875
0 0.590625 0.2703125 0.01875 0.0109375
0 0.36015625 0.20625 0.0171875 0.009375
0 0.0546875 0.478125 0.0328125 0.01796875
0 0.10390625 0.3375 0.0421875 0.0171875
0 0.03984375 0.49453125 0.0328125 0.01640625
0 0.103125 0.584375 0.0109375 0.009375
0 0.440625 0.46328125 0.0484375 0.02421875
0 0.5453125 0.3390625 0.0421875 0.0171875
0 0.6578125 0.41953125 0.0359375 0.02890625
0 0.9234375 0.63984375 0.0484375 0.021875
0 0.97578125 0.5703125 0.02109375 0.0125
0 0.79765625 0.5765625 0.0375 0.015625
0 0.5859375 0.778125 0.0203125 0.0125
0 0.5890625 0.6984375 0.0203125 0.01171875
0 0.46875 0.7109375 0.0328125 0.01796875
0 0.77421875 0.80625 0.02109375 0.0125
0 0.8890625 0.546875 0.0203125 0.01015625
0 0.7453125 0.41953125 0.05 0.0265625