1 0.4265625 0.2609375 0.1765625 0.11484375
1 0.5578125 0.25390625 0.12734375 0.075
0 0.9 0.3703125 0.0734375 0.0453125
0 0.6796875 0.41796875 0.08515625 0.05234375
0 0.5234375 0.46015625 0.08125 0.0453125
0 0.64296875 0.6265625 0.0625 0.034375
0 0.2109375 0.31015625 0.05859375 0.034375
0 0.5125 0.4296875 0.0625 0.0359375
0 0.2171875 0.26875 0.0625 0.03125
0 0.42734375 0.396875 0.05 0.03828125
0 0.603125 0.7546875 0.07109375 0.0421875
0 0.51875 0.63828125 0.12734375 0.0515625
0 0.4328125 0.72734375 0.06640625 0.03828125
0 0.34921875 0.4984375 0.12109375 0.04453125
0 0.3109375 0.325 0.04765625 0.03515625
0 0.3921875 0.4921875 0.06875 0.03671875
0 0.33828125 0.52421875 0.12890625 0.0375
0 0.5484375 0.65703125 0.06875 0.03671875
0 0.51875 0.60703125 0.1453125 0.03671875
0 0.34609375 0.3421875 0.05234375 0.03359375
0 0.65390625 0.3078125 0.11484375 0.06328125
0 0.08671875 0.6265625 0.0484375 0.0296875
0 0.13359375 0.621875 0.0421875 0.02421875
0 0.16328125 0.60390625 0.0296875 0.0171875
0 0.05390625 0.71640625 0.0203125 0.009375
0 0.0515625 0.72734375 0.0171875 0.00859375
0 0.05859375 0.4578125 0.03515625 0.02421875
0 0.08046875 0.3859375 0.03515625 0.0171875
0 0.1109375 0.4140625 0.02265625 0.01171875
0 0.39140625 0.74375 0.0375 0.02109375
0 0.153125 0.69453125 0.0375 0.02578125
0 0.41796875 0.7546875 0.03359375 0.0203125
0 0.5859375 0.73359375 0.0171875 0.0078125
0 0.4265625 0.52734375 0.0515625 0.03125
0 0.22421875 0.45 0.0375 0.02578125
0 0.38359375 0.39921875 0.05625 0.02421875
0 0.81171875 0.28671875 0.04609375 0.03046875
0 0.69765625 0.246875 0.025 0.0140625
0 0.68046875 0.346875 0.0328125 0.0234375
0 0.99453125 0.49453125 0.0109375 0.0125
0 0.86171875 0.48203125 0.0234375 0.0125
0 0.86640625 0.55 0.0375 0.02109375
0 0.64375 0.29140625 0.02109375 0.0125
0 0.39609375 0.35078125 0.0546875 0.03125