1 0.09140625 0.578125 0.1828125 0.084375
1 0.05859375 0.50703125 0.1171875 0.06171875
0 0.21015625 0.2984375 0.07265625 0.0359375
0 0.32734375 0.41328125 0.0828125 0.040625
0 0.9046875 0.18671875 0.07265625 0.0375
0 0.4265625 0.49296875 0.0703125 0.03984375
0 0.70078125 0.40078125 0.05390625 0.03125
0 0.21171875 0.690625 0.05390625 0.02890625
0 0.37421875 0.50390625 0.05625 0.03046875
0 0.13828125 0.69296875 0.0484375 0.03125
0 0.33046875 0.55625 0.0609375 0.0234375
0 0.93046875 0.403125 0.06640625 0.034375
0 0.740625 0.46796875 0.0734375 0.06640625
0 0.91015625 0.5015625 0.06015625 0.03203125
0 0.52109375 0.58359375 0.0625 0.06328125
0 0.22265625 0.63203125 0.0578125 0.021875
0 0.503125 0.5609375 0.05625 0.034375
0 0.56875 0.5859375 0.04765625 0.06875
0 0.76796875 0.4484375 0.05625 0.034375
0 0.6859375 0.47265625 0.04375 0.07890625
0 0.246875 0.61015625 0.05390625 0.025
0 0.1390625 0.44453125 0.09765625 0.05703125
0 0.78671875 0.71015625 0.04609375 0.02421875
0 0.7703125 0.684375 0.0390625 0.02109375
0 0.9609375 0.771875 0.03984375 0.01484375
0 0.73515625 0.67109375 0.02734375 0.01484375
0 0.95078125 0.7140625 0.0140625 0.01015625
0 0.96875 0.71328125 0.0125 0.009375
0 0.4953125 0.7515625 0.03984375 0.01640625
0 0.36484375 0.75078125 0.025 0.0171875
0 0.409375 0.7296875 0.01875 0.0109375
0 0.63984375 0.79375 0.0171875 0.009375
0 0.9453125 0.521875 0.0328125 0.01796875
0 0.89609375 0.6625 0.0421875 0.0171875
0 0.96015625 0.50546875 0.0328125 0.01640625
0 0.896875 0.415625 0.0109375 0.009375
0 0.559375 0.53671875 0.0484375 0.02421875
0 0.4546875 0.6609375 0.0421875 0.0171875
0 0.3421875 0.58046875 0.0359375 0.02890625
0 0.0765625 0.36015625 0.0484375 0.021875
0 0.02421875 0.4296875 0.02109375 0.0125
0 0.20234375 0.4234375 0.0375 0.015625
0 0.4140625 0.221875 0.0203125 0.0125
0 0.4109375 0.3015625 0.0203125 0.01171875
0 0.53125 0.2890625 0.0328125 0.01796875
0 0.22578125 0.19375 0.02109375 0.0125
0 0.1109375 0.453125 0.0203125 0.01015625
0 0.2546875 0.58046875 0.05 0.0265625