1 0.58671875 0.4890625 0.2078125 0.15
0 0.1359375 0.38828125 0.17265625 0.1234375
1 0.69375 0.58828125 0.20859375 0.14140625
1 0.91953125 0.8640625 0.1609375 0.146875
1 0.43671875 0.35 0.2546875 0.178125
1 0.6390625 0.29921875 0.24609375 0.17734375
1 0.70703125 0.109375 0.23359375 0.19609375
1 0.28515625 0.60703125 0.22265625 0.1421875
1 0.34609375 0.7046875 0.18515625 0.11640625
0 0.58671875 0.34375 0.0671875 0.0625
0 0.6609375 0.04609375 0.06875 0.04765625
0 0.446875 0.71875 0.0953125 0.07578125
0 0.9046875 0.21953125 0.05 0.0359375
0 0.91796875 0.33515625 0.06015625 0.03671875
1 0.46953125 0.54140625 0.2421875 0.140625
0 0.06015625 0.50078125 0.1203125 0.10390625
0 0.221875 0.8296875 0.0390625 0.02890625
0 0.8734375 0.375 0.0453125 0.028125
0 0.70625 0.18828125 0.04375 0.0484375
0 0.684375 0.69375 0.0359375 0.03203125
0 0.046875 0.28203125 0.09375 0.2046875
0 0.0765625 0.72421875 0.0453125 0.034375
0 0.9609375 0.5453125 0.06015625 0.0375
0 0.19921875 0.7453125 0.08984375 0.0625
0 0.384375 0.5109375 0.0484375 0.040625
0 0.4578125 0.571875 0.14140625 0.06953125
1 0.778125 0.2609375 0.1171875 0.09296875
0 0.1046875 0.6703125 0.0453125 0.0296875
0 0.715625 0.61328125 0.0515625 0.03671875
0 0.09453125 0.64453125 0.04140625 0.03125
0 0.734375 0.63515625 0.0453125 0.03203125
0 0.49140625 0.74609375 0.08515625 0.07890625
0 0.034375 0.72890625 0.0328125 0.03671875
0 0.76953125 0.68828125 0.0921875 0.08125
0 0.8359375 0.12578125 0.0625 0.04140625
0 0.2328125 0.6203125 0.05859375 0.0296875
0 0.4359375 0.440625 0.0703125 0.03359375
0 0.09375 0.54453125 0.05625 0.02890625
0 0.03125 0.3609375 0.04609375 0.0234375
0 0.9703125 0.27109375 0.01875 0.034375
0 0.58515625 0.28515625 0.01875 0.0109375
0 0.64296875 0.6703125 0.03984375 0.021875
0 0.9875 0.51171875 0.025 0.0265625
0 0.6265625 0.58203125 0.0171875 0.0125
0 0.02109375 0.56171875 0.03515625 0.01875
0 0.00390625 0.37421875 0.0078125 0.0109375
0 0.37265625 0.61875 0.0265625 0.0203125
0 0.784375 0.57421875 0.01015625 0.0125
0 0.790625 0.9109375 0.0125 0.0125
1 0.93515625 0.89921875 0.0546875 0.034375
0 0.63125 0.3921875 0.0828125 0.03671875