1 0.58828125 0.4984375 0.2078125 0.15
0 0.1609375 0.3515625 0.17265625 0.1234375
1 0.67578125 0.60703125 0.20859375 0.14140625
1 0.86796875 0.9078125 0.2 0.14609375
1 0.465625 0.34453125 0.2546875 0.178125
1 0.67421875 0.315625 0.24609375 0.17734375
1 0.7765625 0.134375 0.23359375 0.19609375
1 0.2671875 0.58359375 0.22265625 0.1421875
1 0.31015625 0.68671875 0.18515625 0.11640625
0 0.61484375 0.35390625 0.0671875 0.0625
0 0.74296875 0.0671875 0.06875 0.04765625
0 0.40703125 0.7109375 0.0953125 0.07578125
0 0.953125 0.2640625 0.05 0.0359375
0 0.94453125 0.38125 0.06015625 0.03671875
1 0.46171875 0.5375 0.2421875 0.140625
0 0.06171875 0.4546875 0.1234375 0.10390625
0 0.16328125 0.796875 0.0390625 0.02890625
0 0.8921875 0.41484375 0.0453125 0.028125
0 0.7625 0.2125 0.04375 0.0484375
0 0.64609375 0.7109375 0.0359375 0.03203125
0 0.0765625 0.23515625 0.125 0.2046875
0 0.0390625 0.67734375 0.0453125 0.034375
0 0.94765625 0.59296875 0.06015625 0.0375
0 0.15703125 0.71171875 0.08984375 0.0625
0 0.38359375 0.4984375 0.0484375 0.040625
0 0.44453125 0.56640625 0.14140625 0.06953125
1 0.8203125 0.2921875 0.1171875 0.09296875
0 0.0765625 0.62734375 0.0453125 0.0296875
0 0.6921875 0.634375 0.0515625 0.03671875
0 0.07109375 0.60078125 0.04140625 0.03125
0 0.70703125 0.6578125 0.0453125 0.03203125
0 0.4453125 0.74296875 0.08515625 0.07890625
0 0.00625 0.678125 0.0125 0.03671875
0 0.73203125 0.71484375 0.0921875 0.08125
0 0.9015625 0.1640625 0.0625 0.04140625
0 0.2125 0.590625 0.05859375 0.0296875
0 0.44765625 0.43515625 0.0703125 0.03359375
0 0.0890625 0.5015625 0.05625 0.02890625
0 0.06171875 0.31328125 0.04609375 0.0234375
0 0.62421875 0.29609375 0.01875 0.0109375
0 0.61015625 0.68359375 0.03984375 0.021875
0 0.9828125 0.5625 0.02890625 0.0265625
0 0.609375 0.59453125 0.0171875 0.0125
0 0.01640625 0.5109375 0.0328125 0.01875
0 0.025 0.3234375 0.02109375 0.0109375
0 0.3515625 0.6046875 0.0265625 0.0203125
0 0.76796875 0.603125 0.01015625 0.0125
0 0.71171875 0.9375 0.0125 0.0125
1 0.85703125 0.940625 0.0546875 0.034375
0 0.65 0.40703125 0.0828125 0.03671875