1 0.5875 0.49375 0.1953125 0.13984375
0 0.14765625 0.36953125 0.1625 0.115625
1 0.68515625 0.59765625 0.19765625 0.13125
1 0.9046875 0.8875 0.1875 0.13671875
1 0.4515625 0.346875 0.23984375 0.165625
1 0.65703125 0.30703125 0.23125 0.165625
1 0.7421875 0.12109375 0.2171875 0.184375
1 0.27578125 0.5953125 0.2109375 0.13203125
1 0.32734375 0.69609375 0.175 0.1078125
0 0.6015625 0.3484375 0.0625 0.06015625
0 0.70234375 0.05546875 0.06484375 0.04375
0 0.4265625 0.71484375 0.0890625 0.07109375
0 0.9296875 0.24140625 0.04765625 0.0328125
0 0.9328125 0.3578125 0.0578125 0.03359375
1 0.465625 0.5390625 0.23125 0.128125
0 0.0578125 0.47734375 0.115625 0.0984375
0 0.1921875 0.8140625 0.0359375 0.02734375
0 0.88359375 0.39453125 0.0421875 0.0265625
0 0.73515625 0.2 0.03984375 0.046875
0 0.665625 0.703125 0.03359375 0.0296875
0 0.053125 0.2578125 0.10625 0.2
0 0.05625 0.7015625 0.0421875 0.0328125
0 0.9546875 0.56953125 0.0578125 0.034375
0 0.17734375 0.72890625 0.08515625 0.0578125
0 0.38359375 0.5046875 0.0453125 0.03828125
0 0.45078125 0.56953125 0.1359375 0.0625
1 0.8 0.27578125 0.11015625 0.0875
0 0.08984375 0.64921875 0.0421875 0.028125
0 0.7046875 0.62421875 0.0484375 0.03359375
0 0.08203125 0.62265625 0.0390625 0.02890625
0 0.72109375 0.646875 0.0421875 0.0296875
0 0.46796875 0.7453125 0.07890625 0.075
0 0.0140625 0.7046875 0.028125 0.034375
0 0.7515625 0.70234375 0.08515625 0.0765625
0 0.86953125 0.14375 0.05859375 0.03828125
0 0.221875 0.60625 0.05625 0.02734375
0 0.44140625 0.4375 0.0671875 0.0296875
0 0.090625 0.52265625 0.05390625 0.0265625
0 0.0453125 0.33671875 0.04375 0.021875
0 0.990625 0.29609375 0.01640625 0.03359375
0 0.6046875 0.28984375 0.0171875 0.01015625
0 0.6265625 0.67734375 0.0390625 0.01953125
0 0.98671875 0.5375 0.0265625 0.025
0 0.61796875 0.58828125 0.01640625 0.0109375
0 0.0171875 0.5359375 0.03359375 0.0171875
0 0.01015625 0.3484375 0.0203125 0.01015625
0 0.36171875 0.61171875 0.025 0.01953125
0 0.7765625 0.5890625 0.00859375 0.0125
0 0.7515625 0.925 0.0109375 0.0109375
1 0.896875 0.92109375 0.05234375 0.03203125
0 0.64140625 0.39921875 0.0796875 0.0328125