1 0.8296875 0.209375 0.20859375 0.16015625
1 0.7953125 0.365625 0.2109375 0.15390625
1 0.6484375 0.57890625 0.15234375 0.1140625
0 0.2640625 0.8140625 0.07109375 0.05546875
0 0.725 0.6703125 0.10625 0.065625
1 0.6203125 0.66796875 0.15 0.10625
0 0.53984375 0.81328125 0.1328125 0.0671875
0 0.93203125 0.59453125 0.1359375 0.0921875
1 0.5015625 0.72265625 0.2109375 0.146875
0 0.21796875 0.84609375 0.03984375 0.0296875
1 0.7234375 0.50625 0.2203125 0.115625
0 0.3125 0.78046875 0.0390625 0.0296875
0 0.409375 0.80546875 0.0453125 0.03359375
0 0.534375 0.13671875 0.05 0.0359375
0 0.303125 0.15859375 0.04140625 0.03671875
0 0.60859375 0.76484375 0.04765625 0.03203125
0 0.5234375 0.65859375 0.0703125 0.03125
0 0.64453125 0.5484375 0.03984375 0.03203125
0 0.45859375 0.8109375 0.04375 0.03359375
0 0.4671875 0.790625 0.05859375 0.03359375
0 0.56953125 0.759375 0.0703125 0.05234375
0 0.77109375 0.51796875 0.08125 0.0640625
0 0.1875 0.8890625 0.03125 0.03203125
0 0.28984375 0.6578125 0.0234375 0.01953125
0 0.0671875 0.890625 0.0203125 0.02890625
0 0.4265625 0.69609375 0.0359375 0.0171875
0 0.29921875 0.88359375 0.0328125 0.028125
0 0.1328125 0.68125 0.0140625 0.00859375
0 0.74140625 0.75859375 0.0265625 0.021875
0 0.646875 0.7765625 0.0265625 0.02265625
0 0.9390625 0.7421875 0.0296875 0.02265625
0 0.97421875 0.7640625 0.0296875 0.01953125
0 0.575 0.85859375 0.02734375 0.0234375
0 0.8453125 0.84140625 0.02890625 0.0109375
0 0.5234375 0.16328125 0.01484375 0.009375
1 0.6984375 0.14375 0.18125 0.09375
0 0.76640625 0.5296875 0.0203125 0.01484375