1 0.8453125 0.78125 0.1921875 0.13984375
1 0.6421875 0.7359375 0.18359375 0.1421875
1 0.3765625 0.60078125 0.1359375 0.103125
0 0.11328125 0.2859375 0.06640625 0.04765625
0 0.246875 0.646875 0.0765625 0.0734375
1 0.26328125 0.56875 0.1265625 0.1015625
0 0.0796875 0.49140625 0.075 0.09296875
0 0.31953125 0.81328125 0.10859375 0.09765625
0 0.12734375 0.07734375 0.08984375 0.0421875
1 0.2046875 0.47421875 0.1734375 0.14375
0 0.0765625 0.24765625 0.0359375 0.02734375
1 0.4640625 0.665625 0.1296875 0.1546875
0 0.1515625 0.32578125 0.0359375 0.0265625
0 0.10625 0.3953125 0.03984375 0.0296875
0 0.97734375 0.56953125 0.0421875 0.03359375
0 0.1984375 0.08515625 0.0390625 0.028125
0 0.9765625 0.3953125 0.0453125 0.02734375
0 0.1359375 0.5484375 0.0375 0.0328125
0 0.28671875 0.4984375 0.03359375 0.05
0 0.41796875 0.6015625 0.0390625 0.0265625
0 0.09375 0.43125 0.03984375 0.02890625
0 0.11953125 0.440625 0.0390625 0.04140625
0 0.1484375 0.5203125 0.0625 0.046875
0 0.4421875 0.7 0.0765625 0.0546875
0 0.02265625 0.21953125 0.03984375 0.01953125
0 0.1640625 0.09375 0.03125 0.02421875
0 0.3171875 0.325 0.0234375 0.015625
0 0.03515625 0.128125 0.0375 0.01796875
0 0.06953125 0.0921875 0.0140625 0.00859375
0 0.24921875 0.42109375 0.01875 0.025
0 0.0171875 0.30390625 0.03359375 0.021875
0 0.3046875 0.2046875 0.01015625 0.009375
0 0.128125 0.6484375 0.0265625 0.01796875
0 0.11640625 0.57578125 0.02734375 0.0171875
0 0.12578125 0.79765625 0.0265625 0.0203125
0 0.0921875 0.82109375 0.02265625 0.0203125
0 0.015625 0.5125 0.02890625 0.01796875
0 0.00546875 0.71484375 0.0109375 0.0203125
0 0.94296875 0.5578125 0.0109375 0.01015625
1 0.94765625 0.690625 0.1046875 0.12734375
0 0.428125 0.69453125 0.0171875 0.01328125