1 0.11328125 0.74921875 0.1921875 0.14921875
1 0.18046875 0.59765625 0.19609375 0.1421875
1 0.3703125 0.4046875 0.1421875 0.10625
0 0.7984375 0.2171875 0.06640625 0.0515625
0 0.31328125 0.3046875 0.1 0.06015625
1 0.41640625 0.3203125 0.1390625 0.0984375
0 0.52578125 0.1859375 0.1265625 0.059375
0 0.08828125 0.35390625 0.13359375 0.08515625
1 0.54453125 0.2796875 0.19765625 0.13515625
0 0.85078125 0.19140625 0.0375 0.028125
1 0.2796875 0.4671875 0.2109375 0.103125
0 0.74375 0.2453125 0.0359375 0.028125
0 0.653125 0.20859375 0.04140625 0.03125
0 0.38984375 0.85546875 0.04609375 0.0328125
0 0.6234375 0.86015625 0.0375 0.034375
0 0.44765625 0.22578125 0.0453125 0.02890625
0 0.51015625 0.33984375 0.0671875 0.02734375
0 0.3671875 0.43515625 0.0359375 0.0296875
0 0.60546875 0.19765625 0.03984375 0.03125
0 0.5921875 0.2171875 0.05625 0.03125
0 0.4859375 0.2359375 0.06484375 0.0484375
0 0.2359375 0.45 0.075 0.059375
0 0.88984375 0.1515625 0.02734375 0.03125
0 0.73984375 0.36875 0.02265625 0.01875
0 0.6140625 0.31484375 0.03515625 0.01484375
0 0.778125 0.14453125 0.0296875 0.0265625
0 0.9015625 0.3640625 0.0125 0.0078125
0 0.315625 0.21640625 0.025 0.0203125
0 0.41328125 0.21015625 0.0234375 0.021875
0 0.11640625 0.209375 0.02890625 0.0203125
0 0.0859375 0.18359375 0.02890625 0.01796875
0 0.50078125 0.13671875 0.025 0.02265625
0 0.23046875 0.121875 0.02734375 0.009375
0 0.40703125 0.8296875 0.0140625 0.00859375
1 0.2296875 0.828125 0.1734375 0.08359375
0 0.24296875 0.43984375 0.0171875 0.01328125