0 0.48984375 0.53515625 0.10234375 0.09921875
0 0.41328125 0.14609375 0.1234375 0.07890625
0 0.4859375 0.38125 0.0703125 0.0828125
1 0.7296875 0.4671875 0.18125 0.1171875
0 0.32109375 0.26640625 0.1171875 0.0625
1 0.80625 0.82109375 0.1 0.06953125
0 0.07421875 0.2671875 0.1484375 0.109375
0 0.1828125 0.359375 0.0890625 0.12109375
1 0.8171875 0.5625 0.12265625 0.078125
0 0.25859375 0.596875 0.15 0.06953125
0 0.6515625 0.2234375 0.04140625 0.0328125
0 0.2578125 0.52578125 0.0328125 0.04296875
1 0.90625 0.67578125 0.1 0.0734375
0 0.94765625 0.4921875 0.0375 0.02890625
1 0.85703125 0.74921875 0.0984375 0.07578125
0 0.15703125 0.5640625 0.08359375 0.053125
0 0.2828125 0.14765625 0.0421875 0.03671875
0 0.08515625 0.73046875 0.0328125 0.0359375
0 0.03671875 0.4390625 0.0734375 0.08359375
0 0.9734375 0.26171875 0.04765625 0.02421875
0 0.634375 0.44375 0.01640625 0.0125
0 0.84296875 0.26953125 0.03359375 0.02265625
0 0.565625 0.6421875 0.0140625 0.0125
0 0.55 0.55546875 0.0125 0.015625
0 0.8609375 0.7609375 0.02109375 0.015625
0 0.9078125 0.70546875 0.01484375 0.0078125
0 0.9234375 0.70078125 0.0125 0.00859375