0 0.4765625 0.2828125 0.04375 0.04375
0 0.703125 0.24921875 0.06015625 0.0546875
0 0.578125 0.378125 0.046875 0.0453125
0 0.67578125 0.490625 0.05390625 0.04921875
0 0.446875 0.49609375 0.0203125 0.03125
0 0.4125 0.58828125 0.03984375 0.0390625
0 0.24609375 0.5828125 0.03125 0.040625
0 0.315625 0.69296875 0.0453125 0.04296875
0 0.2359375 0.77265625 0.03515625 0.03671875
0 0.296875 0.884375 0.05234375 0.0453125
0 0.45859375 0.7375 0.04765625 0.05078125
0 0.45078125 0.95703125 0.04609375 0.04375
0 0.5421875 0.859375 0.04609375 0.046875
0 0.653125 0.77265625 0.05234375 0.04609375
0 0.56015625 0.6203125 0.05390625 0.053125
0 0.60390625 0.153125 0.02890625 0.02421875