0 0.4390625 0.28984375 0.04296875 0.04296875
0 0.65625 0.21796875 0.0578125 0.05390625
0 0.55625 0.36640625 0.04609375 0.04375
0 0.67109375 0.46015625 0.053125 0.046875
0 0.446875 0.5046875 0.01875 0.0296875
0 0.42890625 0.6015625 0.0390625 0.03671875
0 0.2640625 0.62578125 0.0296875 0.03984375
0 0.35234375 0.721875 0.04375 0.0421875
0 0.2875 0.8140625 0.034375 0.0359375
0 0.36640625 0.91328125 0.05078125 0.04296875
0 0.50078125 0.740625 0.04609375 0.05
0 0.53125 0.95859375 0.0453125 0.04296875
0 0.60390625 0.846875 0.0453125 0.04609375
0 0.6984375 0.7421875 0.05078125 0.04375
0 0.58046875 0.6078125 0.05234375 0.05078125
0 0.5421875 0.140625 0.028125 0.02265625
0 0.703125 0.9828125 0.02265625 0.01015625